g 40 40 2000
r 1200 454 60091 72641
d 24921 68911
d 68324 61848
d 24506 21284
r 1800 404 39744 45294
d 56256 71915
d 18408 71814
r 1800 243 48551 38088
d 28432 4349
r 1200 130 15485 12680
d 11451 70240
d 23868 70485
d 55879 36357
r 1600 331 15384 74760
d 5014 51709
r 1000 118 66645 52323
d 30712 71643
d 22711 50363
r 1200 284 31933 37739
d 57704 77880
d 25025 26761
d 7176 37337
r 1400 179 62282 29324
d 53786 10280
d 38369 45761
d 27527 52991
d 46845 34545
r 1000 430 44172 17823
d 47774 12328
r 1800 478 11298 5947
d 69757 54783
d 31037 54398
d 20795 39124
d 46649 54126
r 1800 465 24182 65465
d 11359 22836
r 1600 350 16551 57800
d 72154 51721
d 46143 51762
d 17409 42843
r 1400 425 75799 61573
d 34149 71362
d 24128 71762
d 1988 68626
r 1800 200 7498 17739
d 70741 39609
d 11403 78770
d 44236 18643
r 1200 118 40595 14987
d 49187 64853
d 2984 52590
d 26897 75521
r 1400 458 32034 709
d 75713 32671
r 1400 451 70725 25053
d 62296 16134
d 4478 52714
r 1200 128 26055 47918
d 12439 46280
r 1200 425 60190 56009
d 27561 40690
d 41849 36044
d 54428 1928
d 76130 72410
r 1200 343 53377 2707
d 53900 12977
r 1200 321 23121 41015
d 77538 41592
r 1600 443 69217 7389
d 2332 13207
d 51543 60095
r 1400 390 24467 44303
d 10507 72445
d 49410 52826
d 3941 26064
r 1000 319 51205 31006
d 30108 44298
d 46538 55875
r 1800 371 35703 15220
d 58997 40595
r 1000 386 61160 3731
d 8349 29161
r 1000 133 50234 54533
d 20410 38776
d 28257 22410
d 24978 19242
r 1000 242 58275 27393
d 2781 1987
d 23978 38502
r 1200 392 72079 44307
d 60779 25614
d 32872 66395
d 29589 15556
r 1200 366 53126 14850
d 31052 19308
d 55477 50522
d 76529 4996
d 69202 56716
r 1600 453 78831 34079
d 18846 31805
d 14246 16140
r 1000 203 5710 47007
d 25209 47008
d 59405 23470
d 48958 20595
d 62462 27207
