g 80 80 2000
r 1200 306 10744 150580
d 109556 153360
d 141326 54130
r 1600 460 53591 36192
d 143140 158615
d 61632 50579
d 60691 103459
d 60143 149517
r 1000 144 33801 23581
d 63729 94291
d 11118 149738
d 65031 142626
d 28243 69421
r 1000 340 1977 27647
d 26742 83037
d 6397 142162
r 1600 219 11760 43467
d 108267 111834
r 1400 299 144208 111993
d 22644 158324
r 1000 289 52286 75964
d 115653 52224
d 66099 73566
r 1200 486 157137 55945
d 46227 136495
d 58849 17030
d 88037 137286
d 122953 27409
r 1000 128 134818 149881
d 5130 113013
d 1088 143214
d 12499 30037
d 28358 60110
r 1000 215 71162 150620
d 136351 135079
r 1800 298 45429 155742
d 27147 55646
d 151259 80909
r 1000 473 46709 39875
d 138940 19456
d 75326 16279
r 1600 322 124917 156635
d 155957 116681
d 1434 62431
r 1000 454 59161 63007
d 65499 121788
d 44968 69920
r 1200 238 23929 144381
d 8080 7950
d 98845 56298
r 1600 419 139315 153012
d 111449 109858
d 983 77362
d 129128 90480
d 112655 125267
r 1200 323 96097 7298
d 2947 26735
d 113712 63426
d 98818 41274
d 90657 44389
r 1600 262 42595 32977
d 77623 22850
d 138237 23253
d 124913 19277
d 151300 118342
r 1800 168 114360 87933
d 20741 97026
d 27119 87454
r 1000 389 8231 54287
d 67392 128797
d 121302 50805
r 1000 298 54171 83176
d 115120 65101
d 139181 106141
d 68222 109585
r 1400 162 27531 76289
d 86186 36006
r 1000 453 151417 5029
d 46108 90723
d 145881 14856
r 1000 257 27216 142436
d 155276 6839
r 1600 173 37555 149666
d 7113 98942
r 1600 142 102862 92345
d 94808 108520
d 65711 117211
d 55899 20813
r 1400 288 118028 81214
d 132882 39266
d 94653 117331
d 93562 52724
d 124707 146446
r 1400 297 88625 125495
d 32346 8133
r 1800 101 74471 59573
d 53273 108449
d 15504 95007
d 49083 54254
r 1800 340 123456 107842
d 56210 14061
r 1800 478 27719 27001
d 136607 1154
d 127932 88134
r 1600 195 58021 43527
d 127148 83085
d 48943 70923
d 154984 97837
r 1400 295 86512 41434
d 57489 60820
d 126586 24934
r 1800 383 38735 113768
d 92165 159047
r 1600 178 65533 63177
d 58994 49797
r 1200 431 86728 112595
d 16782 50848
d 89178 54134
d 92899 107161
r 1800 450 149083 76196
d 93706 68058
d 13678 103975
d 108082 131038
r 1200 417 3157 65688
d 75927 82996
d 118730 152283
d 90411 141972
r 1600 294 8729 90964
d 63246 4736
d 40437 121524
d 34962 85862
r 1600 121 94079 16391
d 31812 53977
r 1800 320 142695 96020
d 108230 54969
d 124717 10898
d 76410 90258
r 1400 456 114782 34254
d 98604 109391
d 110343 84029
d 142114 56779
d 75340 77439
r 1000 288 79033 93478
d 32074 59196
d 25605 41688
d 137378 148363
r 1400 117 31998 15055
d 2772 11298
d 2504 89868
r 1800 207 6813 128095
d 124995 2749
d 153384 3226
r 1800 271 61670 72992
d 97400 26805
d 140383 7588
r 1000 265 65624 132404
d 14430 39310
d 30258 86063
r 1600 273 14035 128668
d 12411 30611
d 64391 76777
r 1400 383 150731 65620
d 110777 38070
d 50972 126735
r 1200 284 19094 128460
d 44505 140806
d 153714 124099
d 66533 23266
d 19295 50991
r 1600 262 19793 44175
d 113682 34614
d 80440 41056
d 106261 146401
r 1600 257 26801 10609
d 142931 149458
r 1200 374 148089 4562
d 98825 113270
d 111082 14041
d 129448 4053
r 1000 223 87412 72099
d 34529 121677
d 42411 6261
d 100080 38594
d 70805 113357
r 1000 405 117921 38377
d 136026 131168
d 117037 70696
d 106546 147720
r 1000 248 48210 52782
d 123406 37562
r 1400 441 22119 14053
d 69832 43404
d 1856 7060
d 137554 45190
d 126342 148652
r 1400 423 1997 53809
d 74926 116391
d 60738 89908
d 43579 32690
r 1600 299 144109 157962
d 64409 119690
d 47912 35495
r 1800 106 153854 98556
d 96372 149205
d 41914 40286
d 81635 147205
r 1200 432 94257 61210
d 48210 83881
d 5679 15801
d 50296 104518
r 1200 103 66065 129011
d 59163 76204
d 137382 94068
r 1400 303 13816 29577
d 102991 141164
r 1000 168 29672 153900
d 114285 92013
r 1800 144 48256 45106
d 101301 158605
d 110536 156131
d 126792 21349
d 26647 130753
r 1000 415 102553 157763
d 141180 65696
d 74649 104698
r 1600 295 82745 21258
d 59119 115555
d 72463 57063
r 1400 317 52199 94184
d 23612 19350
d 149860 102500
d 27879 54154
d 130059 68083
r 1600 409 10092 122733
d 46254 115581
d 26129 18680
d 112349 70448
d 120918 90806
r 1000 161 102236 29168
d 157368 88657
d 52226 152413
d 51727 119989
d 19522 158270
r 1600 139 134734 4695
d 126734 53993
d 65269 52538
d 59188 43234
d 158994 92679
r 1600 265 65820 92761
d 62451 13016
d 47752 55837
d 10798 3183
d 139901 115688
r 1200 322 55618 100784
d 152069 62342
d 106855 28005
d 153253 113947
d 57301 109305
r 1800 330 87442 4541
d 148016 130079
d 5513 107846
d 158072 92150
r 1000 499 3537 113398
d 29811 12598
d 96302 59699
d 18833 48967
d 83244 85272
r 1400 319 77771 132111
d 38336 41687
d 71280 143480
r 1000 234 19827 68303
d 50787 95740
r 1600 327 139005 52398
d 139640 103816
d 91261 86321
d 45244 13796
r 1600 260 97212 43748
d 110568 151983
d 75270 139337
d 125721 2551
d 144373 81323
r 1400 235 82846 114472
d 21214 74305
d 46901 70571
r 1600 465 16633 22794
d 14892 108964
r 1800 203 40979 27656
d 42678 104569
d 62355 134410
d 52429 16821
d 137945 158140
r 1800 137 104323 78166
d 29379 147526
d 43131 61766
r 1800 191 81122 119108
d 45329 122330
d 130140 152654
d 46988 128232
d 87490 59817
r 1600 480 147181 54112
d 25499 147772
d 6839 100390
r 1200 287 87483 151869
d 85657 150303
d 71313 32689
r 1400 481 88553 25532
d 79239 33753
d 1413 6896
r 1000 404 32177 137472
d 107070 32638
d 91589 54258
r 1400 371 22230 134155
d 89879 24983
d 78231 147413
r 1200 162 46259 42818
d 133346 38271
d 18524 155766
r 1400 319 144284 139659
d 40155 34836
d 31723 61232
r 1800 308 131057 89281
d 85883 37274
d 17399 94846
d 114273 33420
d 118480 101309
r 1400 397 90202 60564
d 146809 52432
d 142912 42272
r 1400 498 47597 80312
d 60059 150490
d 29245 110062
r 1000 309 157203 1270
d 18193 149150
r 1000 425 47512 11085
d 66293 73252
r 1400 107 157099 6710
d 98198 94689
r 1200 330 88004 148750
d 136585 97931
d 47512 155954
d 610 14460
r 1400 264 20420 85397
d 90167 136454
d 123116 50804
d 1027 102566
d 81596 153196
r 1000 406 108029 131883
d 42803 141311
d 42946 148716
d 90247 25770
r 1800 312 145097 28104
d 73264 149076
d 117436 36989
r 1800 382 7584 156994
d 10611 63795
d 106633 17954
d 133709 19383
d 98399 73106
r 1200 426 130856 92949
d 28318 100949
d 5671 52423
d 19212 153600
r 1400 481 118045 10300
d 61367 52642
d 7045 39466
d 87482 98772
r 1400 417 90597 1236
d 94341 143524
d 3901 54111
r 1400 467 14955 12800
d 79415 41396
d 141860 25937
d 137204 77996
r 1400 153 89312 83858
d 24013 36222
r 1200 268 102990 141768
d 67324 96280
r 1000 434 91157 158419
d 91218 76175
d 111742 111609
d 80356 123723
r 1000 165 147891 32534
d 53309 105740
d 135855 28608
d 89542 106292
d 102158 117652
r 1600 172 30944 145188
d 110428 140803
r 1600 469 51877 64670
d 152618 6850
r 1200 293 94742 119815
d 72130 6029
d 127743 39245
d 95313 1652
r 1000 345 50817 152997
d 43535 120409
d 62223 119472
d 71033 149003
r 1800 453 73983 21760
d 61322 14295
d 148515 110417
d 30075 58099
d 132833 78226
r 1400 322 120892 25391
d 84754 36967
d 23482 134357
d 22924 19297
r 1000 387 14031 100129
d 88983 148724
d 122350 31033
r 1400 479 55041 10542
d 159050 135661
d 78398 58392
d 158384 87317
r 1400 247 26427 111279
d 114423 58153
r 1400 228 110914 54176
d 60189 30769
d 83904 143327
d 107116 68103
r 1000 475 99694 109053
d 44339 13357
d 121300 62068
d 124387 68977
r 1600 174 65054 24284
d 113859 74695
d 104694 105459
r 1800 494 140630 125579
d 132392 42673
d 30000 34601
d 57106 92294
d 143983 79472
r 1800 356 69461 89566
d 99038 111540
d 80966 8059
d 16384 47373
d 62667 72747
r 1000 327 96913 76978
d 8693 68112
d 56049 125395
d 97995 106238
r 1200 385 66984 46953
d 124867 77327
d 142799 111049
d 15970 139574
r 1200 277 156564 108273
d 25627 43120
d 85668 82106
d 141577 85639
r 1400 270 53008 45092
d 143899 2829
d 100904 60280
d 158182 97199
r 1800 424 69433 143192
d 17414 38336
d 67750 69713
r 1000 426 126295 66737
d 110533 111146
d 60158 54152
d 147657 58086
r 1400 307 74731 120694
d 3410 85027
r 1000 271 123213 31151
d 21669 127896
r 1200 396 120923 48202
d 43500 144761
r 1000 228 79775 68671
d 98040 16729
d 145960 143990
r 1200 442 112463 96759
d 65349 19891
r 1400 276 92823 27094
d 5252 118204
d 39442 139825
r 1600 150 134573 96405
d 55148 136328
d 85121 99151
d 151519 44663
r 1800 454 100639 79042
d 36652 50646
d 24308 3700
r 1600 292 155853 42156
d 139170 65477
d 98628 18637
d 115700 64442
r 1800 286 26492 123204
d 5835 133630
d 123639 54706
d 153444 98055
d 150795 94092
r 1800 110 22044 158236
d 149706 100038
d 130793 43660
r 1800 214 84986 90162
d 31254 117524
d 34510 74566
d 124854 49700
d 132070 149448
r 1800 316 118361 150548
d 129483 40079
d 50144 134559
d 154562 97692
d 140361 117305
r 1400 348 56458 130312
d 36313 61536
d 18957 132788
d 79489 81103
r 1000 408 25829 69933
d 127041 37179
r 1400 263 101690 114354
d 54156 118559
r 1000 339 74331 97798
d 79345 11109
d 78727 144208
d 104757 53874
d 13539 86446
r 1200 298 153448 116377
d 157173 111657
d 22648 16888
d 24917 13864
d 9949 152583
r 1800 243 43876 67780
d 150778 58268
d 77456 55671
d 155440 96146
d 77123 25482
r 1800 168 48076 93194
d 51935 34438
d 18768 50850
d 97090 39668
d 130560 29094
r 1200 246 6347 17098
d 97889 37848
d 43182 128182
d 45812 51970
r 1600 327 60684 101481
d 82770 88672
r 1600 491 86921 93753
d 80295 95661
r 1000 235 33395 42051
d 46339 118210
r 1000 110 11162 128021
d 80729 125938
d 24931 135729
d 133335 108081
d 54938 30811
r 1200 491 12827 1681
d 19991 16659
r 1200 392 106400 21326
d 119238 21079
d 106933 30125
r 1000 489 115146 1579
d 31871 153776
d 10016 35512
r 1600 279 41292 23604
d 44123 154719
d 152898 30330
d 132673 53985
r 1200 399 29558 150241
d 157168 110299
r 1200 229 69376 733
d 152779 15300
d 127314 158983
d 60819 131046
d 92009 11086
r 1800 135 30080 107188
d 134931 63564
d 53451 133862
d 79658 148837
r 1400 478 22620 62444
d 39838 96170
d 36340 103256
d 109997 47395
d 24241 49022
r 1800 184 32750 33410
d 4110 90200
r 1600 362 24900 58089
d 74187 26084
d 57149 94882
d 3155 7399
d 97512 47036
r 1800 309 15237 149277
d 149050 108335
d 16297 126936
d 21685 127439
d 37904 12448
r 1600 420 77599 98023
d 143771 96128
r 1400 253 78652 11362
d 48214 27388
d 54336 30110
d 60590 120468
d 45436 129787
r 1200 358 35561 154197
d 144418 21086
r 1200 386 130761 49194
d 9757 90885
d 79997 123551
d 109451 8226
r 1200 200 33311 77995
d 127616 124772
d 122974 112050
r 1200 485 17262 32424
d 99946 658
d 1603 106662
r 1000 382 40205 48355
d 31269 39570
d 69040 123075
d 135589 107994
d 145641 102993
r 1400 434 37688 1330
d 121305 69124
d 146764 70411
d 85868 153874
d 47567 25895
r 1800 391 93750 150276
d 61174 3667
d 131795 55924
d 156308 46227
r 1600 187 136858 69327
d 128435 150975
d 25891 83346
d 120773 69055
r 1000 138 95642 139524
d 23871 66075
d 75843 3125
d 990 68733
d 22427 25939
r 1600 218 51431 1313
d 111327 38104
d 128079 49626
r 1200 455 106943 96274
d 144609 22995
r 1000 122 101320 97387
d 66695 12060
d 38257 90637
d 129720 27313
d 71229 59676
r 1200 412 132221 141265
d 46023 102330
d 125532 143697
d 52996 73681
d 131362 69103
r 1200 174 154210 1732
d 126905 129830
d 88662 68746
d 28671 105233
r 1600 177 120577 134523
d 12500 50760
d 96522 39335
d 14136 44265
d 18379 80111
r 1600 460 125007 148826
d 105522 136278
r 1800 282 127867 113227
d 93715 22617
d 29875 75000
d 140655 84549
d 48864 105359
r 1400 482 51754 71627
d 46056 17454
d 153591 34477
r 1200 470 58600 126113
d 7812 154691
d 1300 50962
d 53515 52568
r 1600 348 113324 67939
d 8007 135262
r 1000 500 11445 103690
d 21194 68655
r 1000 213 123530 50266
d 56809 46192
d 54809 26242
d 103745 85423
r 1800 410 55721 57823
d 128390 57354
r 1200 216 51281 56807
d 42341 94626
r 1200 119 15993 117145
d 126336 73259
d 28029 112251
r 1400 103 140191 130211
d 12679 128370
r 1800 174 1253 115331
d 42571 70658
d 154271 64965
r 1200 428 144177 136798
d 159055 21699
d 18364 109149
d 150894 117513
r 1800 128 37367 92164
d 145903 21262
r 1400 389 138145 83166
d 127615 149875
d 8066 154406
d 33759 149931
r 1800 104 158578 31990
d 35802 138790
r 1400 155 53855 104160
d 121331 99621
r 1200 256 144638 18433
d 112936 83338
r 1400 435 70097 118421
d 40415 126143
r 1400 117 75144 134215
d 112716 102658
d 97490 149312
d 137866 11532
d 156416 104716
r 1400 299 143327 103907
d 77697 104524
d 12626 90701
r 1600 358 53835 148137
d 104239 93334
d 45934 73623
r 1400 357 28123 135796
d 29810 81354
d 18375 54605
r 1800 465 128554 89624
d 144629 57721
r 1000 151 53253 133622
d 102932 22344
d 61921 135384
d 60335 152796
r 1600 217 84968 143628
d 96955 132535
r 1200 302 114575 116253
d 67451 24583
d 133727 25443
r 1200 442 146536 48664
d 143632 121177
d 113853 55699
d 140681 36890
r 1200 484 83121 156248
d 47605 103753
d 60761 22726
r 1400 449 54090 123029
d 140357 88348
d 146608 102270
r 1200 430 9629 141187
d 38297 99951
d 16602 20075
r 1400 393 99753 138183
d 4481 12449
d 66995 53838
d 150368 111265
r 1000 231 44086 110550
d 158824 133412
d 91635 38664
d 100624 126711
d 96192 157343
r 1200 281 58988 95231
d 91676 137236
r 1800 428 70176 21727
d 111835 27731
r 1200 485 117498 49328
d 41328 2490
d 40397 153626
d 19984 95187
d 15197 27299
r 1600 253 71079 61186
d 152169 47501
r 1200 224 141771 11441
d 72237 73016
d 100147 82451
r 1600 257 32687 119606
d 11476 119359
d 117739 142332
d 21301 146431
d 119129 146014
r 1200 252 88827 128776
d 74560 145656
d 82503 10397
d 109690 127968
r 1000 444 64796 142806
d 66830 1309
r 1600 384 29818 78976
d 5234 112554
d 157627 24927
d 92417 25491
d 53589 151372
r 1000 446 69336 71335
d 51213 58443
d 121109 90881
d 69229 123087
r 1800 242 118977 99916
d 39687 41674
r 1400 102 94376 31906
d 37732 124160
d 90806 117433
r 1800 365 113942 144213
d 132679 48185
d 142848 16596
r 1800 484 86245 62246
d 39667 145241
d 45192 99664
d 135118 56698
r 1400 290 114817 130368
d 136097 135112
d 120913 149776
d 150709 24110
d 31004 153853
r 1400 297 91105 127908
d 25231 107619
d 154453 54249
d 132980 156946
d 5113 11798
r 1000 484 45743 3858
d 135002 35340
d 77637 28185
r 1600 210 18620 108458
d 102851 54145
d 61105 77518
d 37726 135345
d 77196 3874
r 1200 322 26676 47290
d 7954 153571
d 17629 88611
r 1400 215 45058 74220
d 148825 70540
d 105843 80735
d 62721 9271
d 37430 145573
r 1000 160 13675 68540
d 15953 56224
d 97227 109249
d 47557 37334
r 1400 147 85922 37499
d 29293 10640
d 134136 136650
d 20117 23169
d 87458 137748
r 1800 284 136682 133049
d 48084 30250
d 121538 156246
d 1566 4592
d 44850 36192
r 1200 127 135212 57005
d 136891 9368
d 85794 80895
r 1400 230 43606 140903
d 110379 143670
d 136883 52361
d 5159 146210
r 1600 277 153443 11558
d 43344 95933
d 153275 32537
d 65471 33765
d 152507 83107
r 1800 227 82232 130696
d 140751 88638
d 124369 103284
d 120399 110723
d 71949 112536
r 1600 172 83047 149630
d 88152 121631
d 128147 141632
d 8734 41533
d 30968 90032
r 1800 426 44643 131885
d 124023 70924
r 1600 172 135810 109325
d 145862 52103
r 1800 169 143734 108832
d 132262 111750
d 55694 90336
d 87209 46859
d 135682 130871
r 1000 198 132913 101806
d 79995 132803
r 1000 390 61992 76952
d 129773 127206
d 6930 158323
d 119563 148435
d 82898 13045
r 1800 179 151212 70196
d 69760 141208
d 130217 54665
d 35354 128962
d 25186 79599
r 1400 500 15257 88170
d 60566 110248
r 1800 296 89977 9081
d 110227 122326
r 1600 391 79849 36077
d 33588 50457
d 138341 154791
r 1600 315 30914 41016
d 46275 104845
d 130196 146111
d 91104 83362
r 1000 481 143500 69685
d 5548 102088
r 1400 454 157953 5158
d 30368 156963
d 63505 37295
d 131807 107643
d 115295 136402
r 1400 498 62455 5339
d 777 91340
d 123160 72825
d 32002 136297
d 64295 6024
r 1000 169 94563 87108
d 21921 121337
d 116357 64736
d 25762 99981
d 115824 14313
r 1200 477 56579 92034
d 98854 29319
d 137533 142056
d 109475 51725
d 29369 16242
r 1000 371 22847 47693
d 106694 91514
r 1600 317 154140 8809
d 83243 66203
d 8411 141789
r 1400 483 59496 68318
d 132303 96887
r 1000 436 57289 83350
d 43311 47679
r 1200 479 109806 103953
d 96668 124869
d 125061 158181
d 143123 77792
r 1000 186 124430 14245
d 126350 38789
r 1200 270 108079 90029
d 133440 58983
d 14177 157950
r 1600 312 15895 80550
d 45481 99270
d 79925 14414
d 49606 99882
r 1400 216 26696 108937
d 11019 82966
d 156991 154399
d 95457 137289
r 1200 167 134416 29889
d 77008 37238
d 24888 137396
d 123933 6723
r 1400 241 8330 158963
d 122721 74386
r 1600 108 59634 113730
d 34063 30976
r 1400 218 88880 41379
d 26925 53011
d 104007 141677
d 33865 38570
d 71590 124010
r 1000 500 47680 151063
d 127104 95449
d 1228 133853
r 1600 310 126159 137413
d 57294 40182
d 52075 90144
d 71406 135331
d 87489 53117
r 1400 424 94174 37427
d 77230 144662
d 126807 83568
d 127244 114583
r 1800 175 98572 14646
d 140501 108824
d 40434 52001
r 1000 448 13984 59233
d 69601 114918
d 132336 76696
r 1600 200 108047 79030
d 76995 41698
d 133539 125596
d 73973 110867
r 1400 131 114287 9847
d 14124 30321
d 61762 93039
d 53102 80230
r 1200 178 41609 115081
d 38082 86483
d 21378 29785
d 110440 156987
d 113502 86470
r 1000 373 32836 4972
d 141795 57019
d 111486 89575
d 63972 114479
r 1400 288 3577 153999
d 56036 17888
d 27361 31352
d 2492 38226
d 9775 21522
r 1600 445 109534 39332
d 40192 37852
d 113939 82807
d 145622 40253
r 1600 170 62484 134514
d 155727 128863
d 138906 111029
d 89537 158702
r 1400 180 33571 97973
d 101119 143682
d 131248 134812
d 123647 61091
d 104502 19974
r 1800 202 116745 135258
d 34240 154727
d 20716 128501
r 1400 481 116306 21366
d 6109 136795
r 1000 252 81471 146799
d 64739 87948
r 1800 345 115678 139210
d 92797 3563
d 87942 21668
d 49263 26653
d 64959 35622
r 1200 414 96840 122088
d 146546 8224
d 68978 93554
d 83559 58004
r 1000 267 150947 132659
d 7891 56396
r 1600 278 136795 12708
d 101163 93009
d 109049 136177
d 33871 85240
d 108267 14110
r 1200 336 88539 122406
d 136778 61869
r 1600 473 38171 102372
d 2460 14433
d 98585 8893
r 1600 304 125498 27550
d 89154 63521
d 129265 53557
d 48705 27788
r 1400 159 53206 6120
d 30237 90555
d 141568 122613
r 1200 230 139212 20165
d 39546 51141
d 151500 49829
d 55708 14427
d 114755 121798
r 1200 421 55405 158698
d 69978 139795
d 17621 18788
r 1400 124 8476 85625
d 13575 89341
d 119664 64502
d 70258 116914
d 134461 2945
r 1600 251 127895 46971
d 46242 6556
d 125229 55774
d 59960 89611
r 1200 371 144280 144555
d 136108 80577
r 1000 499 139096 146886
d 65059 63006
d 53549 65919
d 12680 69625
d 102741 90834
r 1200 276 13512 18981
d 19084 24281
d 140318 108983
d 1781 147129
d 128118 97525
r 1800 495 132151 81456
d 155692 49632
d 17383 49349
d 63729 101778
r 1000 499 131925 134862
d 30168 23371
r 1000 355 75575 77249
d 118372 28954
d 133368 124144
r 1400 156 95891 65737
d 88676 58612
d 19575 78876
r 1000 126 124524 152556
d 81565 140818
r 1200 388 109000 141684
d 19832 85819
d 6281 71200
r 1200 412 35086 36504
d 96649 107781
r 1600 462 130567 144228
d 20097 52211
d 102533 151941
r 1600 472 128955 55802
d 151255 17361
d 45795 35518
d 74156 12222
r 1800 283 61663 157939
d 19607 147380
r 1800 137 58388 1115
d 54079 15156
r 1400 410 122843 119239
d 8823 113907
d 35887 75327
d 91705 123472
r 1400 492 87461 65424
d 7697 46627
d 2664 79617
d 69350 24357
r 1800 109 59991 60502
d 99038 14649
d 97944 20140
d 150413 90190
r 1200 306 122698 131285
d 96119 43774
d 33767 107035
d 98317 62244
d 44971 62288
r 1000 320 36407 45423
d 112737 113910
d 142480 114707
d 81864 40178
r 1400 294 19018 72182
d 98943 53449
