g 90 90 2000
r 1200 306 131470 21089
d 19973 81143
d 6718 131876
r 1600 460 64902 82086
d 39485 162722
d 31137 164338
d 148689 119756
r 1000 144 36313 162124
d 100826 39512
d 122643 107000
d 43795 653
d 99670 20185
r 1000 340 28727 162098
d 115760 123042
r 1600 219 123596 6999
d 58088 7301
r 1400 299 39380 67595
d 26332 30186
d 34643 117681
r 1000 289 80350 103098
d 76420 39140
d 121444 139111
r 1200 486 21735 5231
d 78221 113307
r 1000 128 22420 23703
d 37094 5394
d 176938 111434
d 78323 142523
d 93249 10123
r 1000 215 169461 152576
d 64679 98982
d 123660 121085
r 1800 298 107249 39146
d 124979 107730
d 82090 114190
d 32119 37817
d 97682 91432
r 1000 473 9891 59432
d 65018 56147
d 5913 103228
d 38885 137884
d 36652 163998
r 1600 322 7736 21766
d 75822 13407
r 1000 454 28682 85126
d 38526 49809
d 109021 67068
d 162892 19076
d 105352 60578
r 1200 238 146082 10653
d 8262 87963
r 1600 419 92564 174519
d 131411 30850
d 69472 5943
r 1200 323 46290 114676
d 172780 100092
d 176985 61685
r 1600 262 35141 81323
d 157977 113983
d 122499 26968
d 122377 28167
d 173827 95224
r 1800 168 133311 37476
d 126588 86719
d 107641 36087
d 128522 174152
d 23032 155460
r 1000 389 25212 151012
d 105015 36676
d 99781 145853
r 1000 298 98216 91308
d 131027 156798
r 1400 162 49076 108489
d 132157 62687
d 81239 45502
d 171789 134962
d 93286 27131
r 1000 453 50524 55288
d 44037 76830
d 72625 68648
r 1000 257 99892 28235
d 166230 7516
r 1600 173 140732 173095
d 84965 18851
d 158388 23866
d 43266 2701
r 1600 142 58499 138064
d 38879 176830
d 89582 141451
d 57378 18588
r 1400 288 99056 13134
d 68321 15187
d 1469 95461
d 37301 55380
r 1400 297 2442 148275
d 81117 2059
d 114295 151358
d 138443 169779
r 1800 101 70524 93976
d 19730 67457
d 106552 88248
d 81557 159377
d 36945 15635
r 1800 340 29557 6929
d 101565 168643
d 27946 91126
d 120454 122958
d 50600 52697
r 1800 478 48440 143139
d 37097 17146
d 148448 154896
d 97199 16623
r 1600 195 174834 90309
d 85138 871
d 97556 71317
r 1400 295 165179 76990
d 64907 173462
d 160471 121264
d 17538 116527
d 126177 101151
r 1800 383 57870 134025
d 63637 145372
d 52592 157216
r 1600 178 105262 28039
d 144260 84727
r 1200 431 110312 35947
d 12159 32129
d 33287 64923
r 1800 450 151931 119371
d 75630 148182
d 155273 112742
r 1200 417 109968 58643
d 120025 151128
d 146457 121571
d 144580 123255
d 27460 104639
r 1600 294 60644 172634
d 170337 161265
d 4879 45690
d 167349 77798
r 1600 121 152607 39673
d 168494 86892
d 159344 148975
d 35497 141095
r 1800 320 1802 10521
d 130168 176341
d 94901 64719
d 8633 156880
r 1400 456 178466 87796
d 4220 69487
d 94562 108748
d 13929 91835
d 122864 47903
r 1000 288 102823 22665
d 130172 128550
d 20397 32579
r 1400 117 51653 64773
d 90738 106729
d 73701 79813
r 1800 207 2979 151675
d 1444 126358
d 6588 77322
d 31080 178942
r 1800 271 121570 93735
d 70347 133665
d 38364 14299
d 96623 46436
r 1000 265 148221 160834
d 19022 88341
d 148948 79836
d 146164 131228
r 1600 273 72027 112474
d 26459 177938
d 88752 118996
d 44141 171872
d 76388 106588
r 1400 383 64709 62175
d 119321 54989
d 10781 162392
d 27767 114084
d 90264 167025
r 1200 284 104657 171408
d 41719 83121
d 73519 109569
r 1600 262 22061 99191
d 149244 46328
r 1600 257 83445 101591
d 78741 13287
d 60847 111633
d 67629 70899
r 1200 374 75987 46627
d 50147 146913
d 9949 127472
d 150593 17383
r 1000 223 76059 113134
d 114670 8019
d 43597 31035
d 70983 50192
d 94280 105983
r 1000 405 30107 40217
d 82826 104558
d 1510 85409
r 1000 248 50616 42811
d 49948 114957
d 154780 86904
d 138181 28669
d 57543 109095
r 1400 441 31920 178883
d 88042 29457
d 20199 25954
d 150979 178404
r 1400 423 3526 175709
d 135878 5400
r 1600 299 5953 11872
d 44383 99127
d 6353 19284
r 1800 106 158233 161999
d 125679 151414
r 1200 432 87006 25284
d 7059 106144
r 1200 103 131564 126997
d 178940 39665
d 39794 140739
d 50631 142513
r 1400 303 54005 123302
d 26185 71486
d 14217 86640
d 67399 164805
r 1000 168 23210 161079
d 35556 117574
d 27501 63841
d 171564 17052
r 1800 144 176567 43310
d 176479 111687
r 1000 415 71855 85485
d 115183 16753
d 148561 14937
d 15743 31260
r 1600 295 118276 49272
d 7936 76695
d 169297 162579
d 93409 178369
d 85236 120528
r 1400 317 85002 64655
d 161552 78995
d 178988 139476
r 1600 409 47197 17514
d 43738 11768
d 93696 50232
d 133047 140131
r 1000 161 108519 70513
d 5467 159091
d 109060 149434
r 1600 139 109713 175847
d 122560 164665
r 1600 265 131240 69919
d 109428 19007
d 166338 171317
d 132064 19935
r 1200 322 113188 10918
d 102911 70439
d 146671 29285
r 1800 330 126282 168462
d 16285 103765
d 41921 96724
d 108754 149333
d 168132 85718
r 1000 499 82560 43398
d 32897 89020
d 74720 90532
d 171507 102989
d 171037 175480
r 1400 319 68763 117057
d 46596 24030
d 152725 130374
d 13958 135034
d 22986 114006
r 1000 234 12337 107017
d 117401 68215
r 1600 327 67360 175670
d 173933 99570
d 16621 49396
r 1600 260 54980 1012
d 120624 56316
d 140832 40121
r 1400 235 68100 155928
d 64282 22269
d 148733 83235
d 36273 23822
d 56978 167579
r 1600 465 113694 20178
d 41870 8952
d 115495 90491
r 1800 203 9441 115043
d 76353 87848
d 56822 37753
d 145786 138642
r 1800 137 155956 62723
d 154551 163540
d 93328 139708
d 116267 60724
r 1800 191 29839 95376
d 111452 78098
d 141056 60091
d 166248 163000
d 93696 160266
r 1600 480 13002 138980
d 55440 152173
d 12044 29019
d 141892 88183
d 47215 78462
r 1200 287 177908 172111
d 103821 176338
d 71896 145525
d 106080 47648
d 9487 153616
r 1400 481 121182 158760
d 35456 118133
d 134616 92641
r 1000 404 108955 139051
d 50992 91423
d 102096 68957
r 1400 371 32314 53123
d 166114 50118
r 1200 162 118694 155597
d 5691 6075
d 175910 9545
r 1400 319 55154 175344
d 118951 90531
r 1800 308 11571 28972
d 71746 120359
d 28954 161258
r 1400 397 133649 15006
d 79670 119647
d 157546 33885
d 19195 111278
r 1400 498 109216 156836
d 143517 99287
d 67408 165330
r 1000 309 135336 160875
d 36779 25042
d 28273 174974
d 133503 127141
r 1000 425 107416 33871
d 26264 104993
d 90356 179043
d 159651 136944
r 1400 107 17519 52934
d 69442 38744
d 15843 48475
r 1200 330 68930 81456
d 54930 72040
r 1400 264 104091 154302
d 48679 104609
d 33954 4797
d 175750 165332
r 1000 406 175895 72146
d 4253 156640
d 149499 113582
r 1800 312 177863 35210
d 102446 94548
d 162133 84050
d 160995 36338
r 1800 382 52737 71347
d 122690 16271
r 1200 426 66976 45646
d 135099 2589
d 143429 94041
d 76396 99719
r 1400 481 165787 176426
d 62026 60573
d 149720 122919
d 17550 102774
d 79565 106153
r 1400 417 36821 49390
d 22360 64451
d 31861 19814
r 1400 467 81862 9954
d 55824 77008
r 1400 153 34293 138251
d 18794 48750
r 1200 268 78693 113048
d 58137 135257
d 116485 97251
d 46619 100258
r 1000 434 136378 139833
d 66692 168593
d 93078 31780
r 1000 165 140284 89833
d 97629 72234
d 159651 90061
r 1600 172 142328 144069
d 138636 149062
d 68532 178225
r 1600 469 111206 15340
d 81160 148564
r 1200 293 128592 3893
d 2156 46503
d 16201 13944
r 1000 345 140232 158674
d 8866 151538
d 60851 78137
d 6600 119439
r 1800 453 118161 151816
d 14913 88132
d 94402 82299
d 56572 108903
r 1400 322 141096 60279
d 53588 167891
d 74616 95182
r 1000 387 157030 44901
d 136828 79583
d 133072 3032
d 93531 25100
r 1400 479 60303 177135
d 11643 85501
r 1400 247 171823 25036
d 38624 130250
d 167441 32338
d 100005 46049
r 1400 228 14782 28608
d 58238 90738
d 27892 92448
d 42776 54603
r 1000 475 100716 55597
d 51575 27169
d 21308 43431
d 121648 91925
d 102888 177034
r 1600 174 57906 62739
d 22602 43761
d 67080 120482
r 1800 494 115402 113869
d 11932 119912
d 136352 141494
d 7510 86541
r 1800 356 40183 151272
d 155399 88729
d 117770 14991
r 1000 327 72474 15907
d 57181 143365
d 168771 6851
r 1200 385 31748 10437
d 22433 4184
r 1200 277 166708 76577
d 106013 60263
d 88504 22732
d 155030 10544
r 1400 270 4971 27368
d 171036 42200
d 131150 167025
r 1800 424 75595 27937
d 51053 6439
r 1000 426 131625 86743
d 72691 79966
d 31530 18061
d 75925 60055
d 32115 84478
r 1400 307 100052 117319
d 77292 85844
d 97788 70448
r 1000 271 117624 161960
d 18178 148534
d 179428 65722
r 1200 396 106828 140696
d 55592 90984
d 92026 3413
r 1000 228 174258 61801
d 39361 78788
d 79539 148239
d 71961 53518
d 73793 124344
r 1200 442 119112 88284
d 31412 76260
d 37530 86724
r 1400 276 92986 56953
d 122412 51381
r 1600 150 60815 136996
d 107325 92906
d 37149 113769
d 112381 119195
r 1800 454 129508 123962
d 156600 10289
d 26891 139648
d 7522 51135
d 67664 86973
r 1600 292 72120 157142
d 46531 7901
d 65791 50638
r 1800 286 41548 49436
d 52629 27227
d 44535 117352
d 56261 176460
r 1800 110 66025 66863
d 58817 135079
d 67988 25880
r 1800 214 2403 88478
d 109493 170777
r 1800 316 131152 56573
d 5407 2108
r 1400 348 33364 100985
d 176130 56437
d 99962 27446
d 115862 9651
r 1000 408 30914 68581
d 70483 127233
d 21064 151350
r 1400 263 149830 158292
d 11568 97861
r 1000 339 3177 131195
d 112983 4858
d 121866 42573
r 1200 298 61775 14306
d 124401 97247
r 1800 243 16415 69184
d 80510 93831
d 53152 70153
r 1800 168 173860 176811
d 67566 168239
r 1200 246 63938 165437
d 34168 117090
r 1600 327 8689 55491
d 26807 20741
d 15486 149035
d 85293 170233
r 1600 491 66844 172753
d 138307 166073
d 66095 62053
d 156090 76548
d 12389 174870
r 1000 235 93259 112532
d 66950 113154
d 111023 33612
d 103874 9351
d 32647 58069
r 1000 110 99452 166489
d 84255 72598
r 1200 491 105697 5303
d 40416 35032
d 138593 105235
r 1200 392 148181 122108
d 71459 90075
d 96553 161754
r 1000 489 27536 92410
d 142818 116530
d 58861 44949
r 1600 279 40348 9578
d 146406 18138
r 1200 399 43630 165940
d 45930 13486
d 179364 54093
d 61501 121769
r 1200 229 111252 143151
d 109084 79667
r 1800 135 136204 8638
d 30646 145063
r 1400 478 74706 169337
d 131532 102141
d 48128 45910
r 1800 184 77146 153409
d 49127 13357
d 35440 162860
d 141642 89924
d 169877 29982
r 1600 362 44857 149928
d 33327 121075
r 1800 309 29004 141522
d 81483 107232
d 11597 62864
r 1600 420 159098 30893
d 86961 158608
d 93894 11190
d 61784 26719
r 1400 253 68434 35304
d 92319 44330
d 48230 113513
r 1200 358 43964 155200
d 26359 134325
d 24666 17882
d 44138 3901
d 4432 70452
r 1200 386 32625 6963
d 25273 40984
d 42204 24651
d 72491 80627
d 167373 124324
r 1200 200 55410 105135
d 47980 4506
r 1200 485 59032 17384
d 146644 109750
d 74075 101254
r 1000 382 96075 119163
d 169394 168462
d 145358 57243
d 46099 42238
d 170597 29817
r 1400 434 60131 1564
d 98211 21412
d 87213 103505
d 40929 83356
d 17618 51513
r 1800 391 166003 109362
d 113810 5018
d 116041 123213
d 143888 4227
r 1600 187 62221 123530
d 35800 140328
d 143333 150089
r 1000 138 136388 92833
d 28281 103449
d 24354 115804
d 40062 1908
d 15446 115623
r 1600 218 56482 20633
d 72206 142499
d 124061 176697
d 5371 99975
d 176399 172306
r 1200 455 127022 170882
d 18410 146367
r 1000 122 149428 56007
d 65673 10558
d 87097 23214
d 139866 150114
d 45593 95656
r 1200 412 77178 52433
d 134252 16010
d 40395 80577
d 91805 79948
d 162127 26251
r 1200 174 165293 162017
d 71630 170163
d 84725 59997
r 1600 177 102239 110815
d 141694 140636
d 158388 164013
r 1600 460 86765 116925
d 43785 53267
d 13569 122528
d 56695 146589
d 149515 147450
r 1800 282 122247 109311
d 99963 93496
d 10159 68621
d 13368 107254
d 172730 88227
r 1400 482 104692 143982
d 22879 171658
d 56884 179123
d 40359 75982
d 85271 174474
r 1200 470 46060 135047
d 129832 52965
d 77774 27312
r 1600 348 34502 28650
d 58026 49590
d 62401 12705
d 112726 150701
r 1000 500 161985 146680
d 178614 40016
d 136813 149975
r 1000 213 35467 41711
d 19996 74848
d 114532 174402
r 1800 410 136751 170557
d 14618 153016
d 7198 171142
r 1200 216 33289 17532
d 2891 98729
d 100447 138345
r 1200 119 1830 113197
d 39850 76119
r 1400 103 9597 37260
d 37206 156204
d 163801 5691
d 127310 120306
d 7078 25240
r 1800 174 41379 1049
d 179041 123121
d 70422 154867
r 1200 428 44023 68346
d 52903 62761
d 36742 60924
r 1800 128 140184 150594
d 159817 110556
r 1400 389 79654 2243
d 166865 129585
r 1800 104 77211 176989
d 146008 2894
d 50893 177607
d 48038 141745
d 96477 91474
r 1400 155 159426 46388
d 145664 53914
d 88127 167697
d 167901 78808
d 127979 66132
r 1200 256 143413 136676
d 73918 33957
d 24182 62886
d 46850 35059
d 66384 131916
r 1400 435 113923 50452
d 37575 68209
r 1400 117 131022 164982
d 34322 162056
d 106083 130394
d 17238 28453
r 1400 299 59667 27194
d 173363 112761
d 143978 130918
d 107023 7623
r 1600 358 21533 70482
d 82705 130027
d 97509 53215
d 33854 42263
d 155441 63644
r 1400 357 48786 16459
d 148125 138063
d 42391 75189
d 161709 26851
d 116410 16271
r 1800 465 141625 52502
d 66802 41450
d 6783 137399
d 134646 56591
r 1000 151 11779 86654
d 97135 109987
d 152482 100056
r 1600 217 15174 125296
d 10296 46000
d 98082 95462
r 1200 302 152599 13527
d 116752 26394
d 153609 2815
d 31465 46971
d 69123 10444
r 1200 442 177292 48090
d 6777 10955
d 62180 65796
d 112327 14859
r 1200 484 135338 111321
d 72502 161879
d 149019 146301
d 155343 8405
r 1400 449 11120 54327
d 146684 151582
d 14222 121065
r 1200 430 106575 59603
d 43289 135440
r 1400 393 51642 30233
d 114373 62460
d 32572 124072
d 1770 64838
r 1000 231 66811 40063
d 167317 1641
d 98788 123876
d 164391 174131
d 93279 125812
r 1200 281 59504 89933
d 88927 102068
d 62430 124772
r 1800 428 54080 146908
d 20853 58834
d 96887 178263
d 133400 58935
r 1200 485 121955 122833
d 66292 3897
d 39431 52486
d 79063 146479
d 162542 90182
r 1600 253 15805 178689
d 121211 23872
d 102480 68609
r 1200 224 144881 115551
d 130041 37196
d 167116 147601
r 1600 257 53834 94015
d 133184 139147
d 6492 151740
r 1200 252 55510 25269
d 107565 21580
d 86726 163798
r 1000 444 64415 41842
d 92896 81861
d 100314 19389
r 1600 384 73042 161285
d 130378 127005
d 23855 94414
d 46090 26926
d 178873 120202
r 1000 446 163460 79741
d 883 68529
d 142794 88396
d 21396 144942
r 1800 242 14381 8385
d 102485 59103
d 13668 24819
d 85822 78934
r 1400 102 108621 119090
d 164665 86214
d 121584 175257
d 157214 138247
d 34499 18178
r 1800 365 176635 78033
d 34797 71720
d 151178 97495
r 1800 484 163760 152241
d 48212 51304
d 80006 56506
r 1400 290 34592 142207
d 55245 153750
d 11797 73020
r 1400 297 138747 116679
d 37846 8492
d 25819 46064
d 49198 69825
r 1000 484 174562 20889
d 125851 68994
r 1600 210 42551 124462
d 30065 55541
r 1200 322 13359 159293
d 123095 69491
d 26396 174100
d 84463 5837
d 49574 140241
r 1400 215 46715 59206
d 128061 164698
d 20890 89390
r 1000 160 73199 33505
d 65564 159853
d 113826 47668
d 116681 12386
d 23935 127925
r 1400 147 140201 29381
d 22336 54248
r 1800 284 14304 113932
d 133616 118565
d 156035 67225
d 168260 151501
d 91458 38045
r 1200 127 56991 37488
d 61375 179288
d 147341 119615
d 78887 115374
d 150803 164849
r 1400 230 134723 148891
d 45027 123271
d 11174 75627
r 1600 277 105174 36998
d 58687 111133
d 124542 178401
d 3329 130329
r 1800 227 172111 79714
d 169006 79442
d 82462 52263
r 1600 172 82690 46239
d 1907 109866
d 146115 11675
d 141249 74662
d 177783 75605
r 1800 426 104871 95748
d 6656 67753
d 34601 21403
r 1600 172 168889 149023
d 30112 118366
d 68745 119640
d 105373 106366
r 1800 169 165770 104158
d 69810 172129
d 13404 74897
d 10030 139217
r 1000 198 161305 80586
d 55406 168099
d 156222 141083
d 50477 93756
r 1000 390 45558 50127
d 46037 36664
d 79072 98955
d 31867 34597
r 1800 179 119691 63142
d 119144 150180
d 8989 154961
d 30950 80751
d 39473 134559
r 1400 500 152913 174250
d 6970 36592
d 140671 134274
r 1800 296 142668 79220
d 89950 54704
r 1600 391 139962 39836
d 64798 40490
d 98204 129537
r 1600 315 170666 107674
d 50485 99482
d 173940 163663
d 107620 87722
d 88835 124939
r 1000 481 104429 137606
d 56276 50039
d 102290 140458
d 170946 173492
r 1400 454 102915 28722
d 137853 102295
d 157413 117446
d 65377 82196
r 1400 498 75849 2004
d 8873 160291
d 101689 61067
d 101633 160771
d 134270 22206
r 1000 169 124268 54693
d 177005 67307
r 1200 477 59533 47780
d 176144 145397
d 74162 64920
d 147007 3612
d 54603 1691
r 1000 371 100817 44408
d 19517 128622
r 1600 317 127423 111779
d 112053 137533
d 123635 7262
d 127398 2155
r 1400 483 112757 122326
d 75439 139629
d 18428 178734
r 1000 436 158310 127515
d 77570 79017
d 135200 40944
d 13140 154320
d 79796 64155
r 1200 479 48366 66714
d 101034 22907
d 6451 59881
r 1000 186 36742 115515
d 148186 35102
d 49660 164474
d 71891 157314
r 1200 270 142196 4891
d 133599 128198
r 1600 312 69476 46398
d 175964 132584
d 6754 25866
d 77002 1860
d 15601 47328
r 1400 216 100957 40574
d 41464 92517
r 1200 167 20941 11768
d 121460 88645
d 157633 47614
d 10604 96880
r 1400 241 162871 131670
d 101019 9373
d 160280 46916
r 1600 108 126979 58680
d 98454 8954
r 1400 218 112988 80555
d 116479 55700
r 1000 500 146789 167738
d 7156 152260
d 12987 15392
d 42148 90801
r 1600 310 14313 174909
d 162557 81459
d 166187 147528
d 165186 83574
d 39385 85065
r 1400 424 37310 74842
d 125475 153678
d 61317 112394
d 29420 135122
r 1800 175 173917 150518
d 131209 91009
d 117033 93258
d 48012 27478
r 1000 448 80480 84474
d 76722 4162
d 30515 71742
d 51635 127958
r 1600 200 100892 103034
d 8544 85286
r 1400 131 95979 104448
d 145431 8368
r 1200 178 104762 11314
d 64525 111137
d 173242 3980
d 97231 31377
d 4047 156501
r 1000 373 146736 116273
d 154669 140789
d 48490 22456
r 1400 288 6105 147816
d 101255 93877
d 89412 95076
r 1600 445 153742 166684
d 115408 161878
d 17608 98064
r 1600 170 50361 157800
d 124954 170358
d 61650 93665
d 28581 9295
r 1400 180 144244 76987
d 135171 22496
r 1800 202 72443 145029
d 37835 96547
d 27201 6981
d 172239 10493
d 140199 157024
r 1400 481 102575 134051
d 71418 28052
r 1000 252 23350 77015
d 143865 143812
d 88431 164989
d 146535 89356
r 1800 345 20262 47497
d 58836 28494
d 82869 78558
d 109856 159756
r 1200 414 172780 166839
d 151545 136893
d 119326 110852
r 1000 267 99633 177081
d 16180 5441
d 41626 7483
d 33993 104013
d 118534 136159
r 1600 278 167465 44033
d 60317 156558
r 1200 336 23845 62930
d 43162 97738
d 64740 158805
d 43404 62557
d 155797 153692
r 1600 473 83799 152889
d 110389 106509
r 1600 304 69570 148819
d 84983 154334
d 102094 73272
r 1400 159 18029 165714
d 118638 144426
d 65410 99263
d 84857 147681
d 134298 123353
r 1200 230 83121 88603
d 90247 55662
d 133549 46204
d 150493 124901
r 1200 421 84026 58368
d 76397 2740
d 143949 108918
d 31460 95951
d 1207 32503
r 1400 124 54864 31197
d 152766 139622
r 1600 251 54065 75619
d 12932 98042
d 48071 90772
d 73151 42237
d 117738 5845
r 1200 371 105494 21316
d 26610 49617
r 1000 499 108476 123888
d 117114 79936
d 96251 12874
d 6133 158966
d 133100 26582
r 1200 276 43168 27514
d 146342 50106
d 22938 13297
d 5147 13190
r 1800 495 151479 124815
d 52447 56874
r 1000 499 20844 152059
d 66702 36882
d 147160 153597
r 1000 355 83673 93413
d 13361 26723
r 1400 156 145573 28495
d 59688 73763
d 45897 32164
d 158376 156515
d 42612 18508
r 1000 126 119147 138643
d 108146 79632
d 113124 141178
r 1200 388 86760 50875
d 120345 13972
d 44657 56794
d 61254 178356
r 1200 412 148422 125726
d 120366 111767
r 1600 462 106396 70734
d 3405 122565
d 83002 54018
d 61484 100789
d 174503 39651
r 1600 472 175764 127878
d 38783 103826
d 123397 148820
d 22314 51729
d 90811 147237
r 1800 283 28027 54291
d 125340 53252
d 99773 90515
d 6127 3438
r 1800 137 82921 29307
d 143983 117384
d 153481 27091
r 1400 410 132960 28620
d 65351 61535
r 1400 492 117875 105434
d 14107 88112
d 143015 18235
d 40239 51453
d 24049 136123
r 1800 109 143112 43452
d 76094 108940
d 155499 117274
d 137025 69840
r 1200 306 17931 10800
d 166486 28269
d 35638 32607
r 1000 320 89695 5386
d 150618 177363
d 28142 58449
d 124135 69318
d 117579 160363
r 1400 294 146075 75100
d 134513 34197
d 78204 78617
d 106902 47493
d 27706 109094
r 1800 302 28142 31645
d 166983 87152
d 89045 121623
r 1000 321 121963 169330
d 5990 168766
d 135270 150947
r 1200 322 144389 90318
d 129002 28477
d 98389 171545
r 1000 103 46761 106900
d 52997 176682
r 1000 441 23966 56178
d 111550 106041
d 131222 69842
r 1800 160 125573 157489
d 121294 61062
d 97250 132590
d 41996 142039
r 1800 108 54572 34770
d 167409 155755
d 13266 28506
d 24954 67167
d 60319 126197
r 1600 174 45139 11288
d 146959 5712
d 68049 78545
r 1400 350 28811 169806
d 17947 84958
d 116487 67589
d 134897 69274
d 99444 90455
r 1400 105 84159 53708
d 33994 42459
d 84828 130547
d 96412 48165
r 1200 467 84105 68108
d 67012 156393
d 107611 68208
d 19342 125226
r 1800 205 92093 8421
d 74867 59530
d 34237 104678
r 1200 115 178013 66109
d 114413 111109
d 93820 125459
r 1600 494 102886 128562
d 173371 103760
d 83210 33681
d 101503 41978
d 106226 127087
r 1800 148 40081 82965
d 1358 90521
d 5575 12482
r 1800 133 75177 37156
d 15305 54730
d 25941 123259
d 90687 69427
r 1600 248 51891 88118
d 31372 122458
d 45528 38222
d 172541 68155
r 1400 214 33047 15284
d 98159 167710
d 17531 65298
d 146122 125289
d 68457 128839
r 1600 330 78055 64256
d 109559 15626
d 99223 114094
r 1400 247 2923 18466
d 26050 5558
d 22726 1853
r 1600 448 5774 169524
d 49215 48117
d 41865 28529
r 1200 396 165859 139720
d 2271 67209
r 1400 359 46495 73845
d 20124 37290
d 125247 30832
r 1600 489 7043 18063
d 161832 102957
d 118493 2971
r 1200 239 64635 154800
d 93109 149892
r 1600 167 38806 122249
d 157551 66889
d 61123 125864
d 170301 75696
d 48098 160468
r 1400 330 87782 11435
d 21139 18155
d 14257 41407
r 1000 479 169735 92746
d 167885 63618
d 123278 36511
d 45500 34099
d 50463 65174
r 1400 202 18505 79122
d 4054 130094
d 73084 138791
r 1200 209 153776 133023
d 83120 51007
r 1000 166 40919 15560
d 74692 82400
d 85987 84901
d 160651 101527
d 22690 35204
r 1000 118 158198 20859
d 156265 115139
d 151773 110102
r 1000 287 79299 171040
d 94993 61934
r 1000 326 160222 37898
d 125601 105832
d 21360 81167
d 147241 131817
d 157689 29590
r 1200 342 88910 90530
d 55799 145575
d 48164 140007
d 170286 70338
d 102620 5125
r 1000 149 7904 98698
d 154575 110820
d 65382 94299
d 151158 104101
r 1200 346 18124 148873
d 124174 76047
r 1800 333 51253 11457
d 52970 119743
r 1000 390 82760 165226
d 84156 157392
d 111024 33230
d 135829 19825
r 1200 385 124133 57802
d 162834 55218
d 109708 116839
r 1400 388 69807 168454
d 179117 155954
d 177168 172172
r 1400 261 174487 65529
d 75192 17070
r 1800 473 167223 88749
d 36632 163721
d 8264 146619
d 44645 1929
r 1600 136 7015 156470
d 75400 63141
d 117653 135557
d 77874 78312
d 54262 15849
r 1000 187 2770 75383
d 58877 129263
d 49815 51492
d 5873 24500
r 1800 114 163231 17170
d 163695 54782
d 68476 19196
d 156013 13342
d 125419 24129
r 1800 451 132115 50491
d 19193 98132
d 48105 81851
r 1600 122 101852 89942
d 85611 17371
d 15230 82330
d 72288 38165
d 82403 98340
r 1200 452 135477 68028
d 165336 173640
r 1800 493 26533 105768
d 129468 176797
d 137578 7191
r 1400 347 58650 127923
d 126636 141175
d 5605 94451
r 1600 452 28510 112385
d 54616 90276
d 175811 30848
r 1600 151 56780 84452
d 45345 88922
r 1600 289 53759 170805
d 135671 32661
d 171105 92589
d 102153 112610
d 138862 115427
r 1600 117 146198 98450
d 164252 8125
r 1400 216 93808 100812
d 95891 152363
d 154064 43584
d 95540 30710
d 140959 77808
r 1200 129 26344 95400
d 45359 52695
d 91232 105176
d 22796 122421
r 1400 334 145415 130327
d 118783 7654
d 32249 130557
d 42981 16152
d 35388 79762
r 1600 321 13441 169385
d 73321 101579
d 131409 174340
d 8089 4947
r 1800 491 100622 49244
d 93481 115349
r 1200 299 168763 78661
d 142481 150354
d 24126 143068
d 152920 149348
d 86138 136516
r 1200 500 138798 671
d 161533 143813
r 1200 103 27646 20017
d 111572 58748
d 50082 64196
d 118835 131089
r 1600 383 30365 133290
d 96735 51343
r 1600 451 89117 110521
d 143888 17826
r 1000 166 81817 119276
d 133012 81887
d 150505 41302
r 1200 415 50543 24766
d 97375 31682
r 1800 246 17072 88585
d 174821 36860
d 121207 91571
r 1600 241 175008 103501
d 120839 158903
d 147222 73135
d 146095 11986
d 47215 91981
r 1000 329 94426 177631
d 60839 68433
d 172645 172739
r 1400 321 82825 138749
d 79036 99059
r 1400 122 91682 41709
d 135337 129315
r 1600 455 116175 59466
d 150404 105177
d 128586 96076
r 1000 251 68581 68278
d 150680 129706
r 1600 141 135073 145501
d 126934 35835
d 14625 135182
d 93916 165294
r 1600 259 72728 30248
d 26026 36678
d 84892 24428
r 1000 142 82274 176985
d 140032 53421
d 164491 132468
r 1000 260 56476 110363
d 106798 179134
d 74481 45350
d 85581 148360
r 1800 257 112863 132272
d 47737 108202
r 1000 226 87578 94884
d 120642 129240
r 1000 492 48499 104774
d 176081 57933
d 29718 166669
d 32845 124787
r 1200 139 5268 97508
d 84122 94319
d 124194 158801
d 42039 60400
d 160407 107150
r 1000 312 33894 168151
d 172374 146713
r 1800 219 50233 60287
d 102078 101743
d 113168 91187
d 67160 159921
d 70326 91381
r 1000 379 33196 98094
d 109002 64043
d 54658 175420
d 30156 113659
d 103460 172098
