g 70 70 2000
r 1200 306 96741 58936
d 86173 94161
d 136417 37086
d 70291 106389
r 1600 460 20432 108790
d 17594 69064
d 12227 30049
r 1000 144 127154 17794
d 61654 869
d 121046 93220
d 120325 123497
d 125608 42318
r 1000 340 138570 14608
d 91898 114507
d 15978 13797
d 26069 124512
d 94936 78493
r 1600 219 35575 75263
d 89745 95838
r 1400 299 3188 124075
d 22244 13853
d 95190 33267
r 1000 289 136719 21594
d 20313 77616
d 63132 6694
d 6505 107721
r 1200 486 7598 80352
d 124069 109530
d 70921 127683
d 106081 126792
r 1000 128 72806 73157
d 115640 66876
d 121303 64764
d 40717 128416
r 1000 215 129004 71466
d 38390 19574
r 1800 298 16257 65909
d 56939 15606
r 1000 473 1268 99170
d 95194 21114
d 102240 51946
r 1600 322 119219 92054
d 45746 67289
d 107353 83673
d 55441 131061
d 119776 136723
r 1000 454 66359 102473
d 120189 52380
d 3546 15374
d 13076 32715
d 95266 28834
r 1200 238 25995 23809
d 14719 133791
d 52889 86945
r 1600 419 98858 98170
d 41966 107570
d 65593 14520
r 1200 323 14381 32592
d 98821 97417
d 112999 71940
r 1600 262 77183 30622
d 96320 127900
d 86640 16737
d 3111 137601
r 1800 168 127472 111523
d 2556 21459
d 78731 18509
r 1000 389 2579 74045
d 77459 23361
d 125297 18992
r 1000 298 39275 112654
d 57779 124512
d 122123 47805
d 52020 78141
r 1400 162 93681 63426
d 112066 101286
d 2238 93493
r 1000 453 44405 9727
d 50357 112768
d 9165 84359
r 1000 257 132833 84482
d 105169 66558
r 1600 173 79833 103169
d 121364 95184
d 65073 13945
d 42388 68528
r 1600 142 123584 83181
d 88858 124361
d 131812 53827
d 58980 65930
d 132471 117457
r 1400 288 25141 5387
d 35810 115593
d 108998 33127
d 83499 133794
r 1400 297 63692 86609
d 40981 53796
d 8141 130334
d 100501 36457
d 57348 101556
r 1800 101 31288 32012
d 49775 67115
d 22009 40014
d 96668 136805
r 1800 340 94952 99432
d 30831 86141
d 61072 21710
d 116233 12834
d 60597 63485
r 1800 478 76317 97509
d 81403 43861
d 16516 28956
d 123838 89251
d 113810 117001
r 1600 195 121947 124694
d 61136 4380
d 57102 117573
d 14773 53251
r 1400 295 88838 136313
d 47757 130662
d 65088 84927
d 21481 36214
d 96647 29273
r 1800 383 102197 120767
d 13458 38824
d 48663 76155
d 36900 129098
d 30598 129916
r 1600 178 4624 58118
d 1681 124285
d 110185 101282
d 108582 108653
d 8064 25600
r 1200 431 3112 66659
d 39076 8009
d 87870 128109
r 1800 450 74914 64718
d 42956 62839
r 1200 417 33650 104238
d 8520 69970
d 47582 80862
d 112424 135849
r 1600 294 124612 43701
d 51502 13888
r 1600 121 47735 55074
d 32802 59935
d 51759 72208
d 125242 111297
r 1800 320 68053 33701
d 50135 101904
r 1400 456 14620 80950
d 119559 121400
d 113817 2108
d 83209 55940
d 96180 36632
r 1000 288 90308 41346
d 53210 48195
r 1400 117 33764 54728
d 90582 19538
r 1800 207 105484 117722
d 8025 119477
d 122011 115207
r 1800 271 64043 128867
d 87035 24347
d 132071 114741
d 6878 95622
d 4513 29041
r 1000 265 4082 44820
d 66270 115501
r 1600 273 58685 80846
d 90890 137719
d 14260 106457
d 47491 11750
d 125398 61599
r 1400 383 50859 131438
d 123525 130757
d 137076 122073
d 40428 74719
r 1200 284 29207 42787
d 5458 131238
d 45726 74157
d 109589 120551
r 1600 262 12605 55664
d 3780 65607
d 54972 106832
r 1600 257 130589 26352
d 26949 135835
r 1200 374 53955 74628
d 90520 60244
d 123431 67985
r 1000 223 33944 82977
d 47392 138201
d 92145 132116
d 40638 8992
r 1000 405 114120 28133
d 17773 60755
d 40743 128960
d 132335 98112
r 1000 248 90885 107102
d 127262 135462
d 20836 135060
r 1400 441 22270 69841
d 23465 120555
r 1400 423 1415 105039
d 4025 13764
r 1600 299 53934 33457
d 48274 120612
r 1800 106 103055 98721
d 60295 118098
d 26323 29736
r 1200 432 86739 48803
d 6939 94950
r 1200 103 102393 89198
d 50384 108571
d 29693 90324
r 1400 303 2684 88116
d 108273 55636
r 1000 168 119982 81784
d 114848 20280
r 1800 144 136925 28615
d 6643 26381
d 70757 84393
d 71506 20192
d 31566 99403
r 1000 415 99611 71234
d 37496 117982
d 73057 57113
r 1600 295 64655 72982
d 128816 26738
d 73421 43218
d 7694 37705
r 1400 317 91601 103878
d 8316 131498
r 1600 409 75527 45587
d 14322 20242
d 137909 10984
r 1000 161 38269 126272
d 124901 111077
d 60737 10524
d 55548 132588
d 90829 41060
r 1600 139 126471 49175
d 122405 119916
d 20077 55279
d 45402 71433
d 52673 126874
r 1600 265 134969 13676
d 40013 8397
r 1200 322 111392 27168
d 43605 137417
d 63370 33040
r 1800 330 16687 22086
d 4532 68961
d 101984 137874
r 1000 499 135254 40028
d 135931 65946
d 105853 137443
d 112330 87046
d 16211 51542
r 1400 319 38569 59623
d 32609 96184
d 94129 128051
d 47639 3938
d 98647 31258
r 1000 234 36515 48784
d 37277 34965
r 1600 327 138184 76347
d 107636 116101
r 1600 260 95067 104831
d 74704 32415
r 1400 235 121616 65402
d 26335 29048
r 1600 465 85740 120353
d 53171 135521
d 129310 86977
d 117253 13179
r 1800 203 82295 126613
d 4781 95478
d 50172 80985
d 73262 60451
d 120222 100978
r 1800 137 138472 62003
d 91726 86093
r 1800 191 5688 83363
d 33403 14684
d 15737 3288
d 80969 128197
r 1600 480 41943 23355
d 101914 17903
d 59863 124219
r 1200 287 86544 23721
d 119855 12971
r 1400 481 85551 2414
d 52598 103857
d 32494 23157
d 122475 37684
d 94120 114320
r 1000 404 28797 89839
d 56803 50843
d 97110 137233
d 87069 52933
d 14533 79985
r 1400 371 112483 64117
d 136591 13563
d 104497 2156
d 47382 24667
d 8229 72131
r 1200 162 127207 92285
d 42594 45114
d 93210 126743
r 1400 319 67849 78054
d 82947 120685
d 31840 39057
d 59549 4731
d 38369 85555
r 1800 308 88391 37584
d 68598 113329
d 121802 14282
d 13266 85472
d 16684 119022
r 1400 397 136986 123307
d 83583 1162
d 40478 32701
d 40567 12573
d 55551 56326
r 1400 498 38033 23837
d 128201 22434
r 1000 309 117203 125870
d 46261 136462
r 1000 425 109427 54226
d 58123 26620
d 123510 90217
d 8794 10409
r 1400 107 85713 116569
d 64133 87992
d 14629 102117
d 17755 132858
r 1200 330 57354 134001
d 2883 67228
d 41128 86824
d 32405 125258
d 18138 130408
r 1400 264 126501 58285
d 88588 17035
d 22587 27351
d 18740 43831
d 105054 7482
r 1000 406 29008 50772
d 5832 105388
r 1800 312 88164 56280
d 86415 19193
d 72994 70710
d 124638 86896
r 1800 382 116539 129789
d 19762 39677
d 126540 79150
d 24781 95311
r 1200 426 3587 109587
d 99118 62407
r 1400 481 115147 11810
d 133596 24956
d 96408 111633
r 1400 417 34340 138689
d 43658 100092
d 39086 38239
d 25506 81678
d 17484 109024
r 1400 467 48194 94464
d 133571 131649
d 93068 48511
d 87840 103970
d 138686 102899
r 1400 153 127791 101797
d 23410 129354
d 42825 6002
d 134378 61719
r 1200 268 39291 20981
d 49279 53750
d 108710 80221
d 30909 55778
d 39403 58251
r 1000 434 114552 101551
d 37074 91093
r 1000 165 123996 28899
d 134106 117669
d 99551 57743
r 1600 172 98317 83659
d 24599 122601
d 93196 94334
d 77709 69379
r 1600 469 120422 87406
d 50119 67753
d 51153 75059
d 124731 102590
r 1200 293 72557 92377
d 110904 113099
d 76111 120553
d 33627 32988
r 1000 345 53545 85963
d 47860 122717
d 14197 54320
d 116798 113633
d 111201 130679
r 1800 453 9534 135333
d 123733 52761
r 1400 322 28706 81824
d 45336 98514
d 125552 35918
r 1000 387 88351 31191
d 51220 105786
d 61745 77806
d 27875 86463
r 1400 479 41964 53669
d 40820 58811
r 1400 247 110856 58991
d 5344 23936
d 92157 39644
d 83374 73346
r 1400 228 100193 64002
d 99323 97042
d 9144 126330
r 1000 475 8752 124102
d 68002 28076
d 63466 127443
d 50041 19757
r 1600 174 76855 136619
d 110231 84384
d 96739 42502
d 51113 53220
r 1800 494 21504 76748
d 37921 29656
d 137114 33406
d 80734 56724
r 1800 356 88107 72018
d 124653 17172
d 67559 96094
d 59636 94631
r 1000 327 106487 2922
d 133678 94453
d 40927 77618
d 96917 49829
r 1200 385 111725 121880
d 105301 78174
d 56498 1392
d 61163 8489
d 138771 82673
r 1200 277 110356 30624
d 54376 131890
d 51828 98306
d 11269 129505
r 1400 270 59356 66736
d 905 16403
d 48959 117871
r 1800 424 63006 115093
d 114386 134302
r 1000 426 53289 8823
d 97390 138438
d 40379 62505
d 53405 17830
r 1400 307 123035 17567
d 83198 2853
d 85571 50182
d 14085 88694
d 17281 28072
r 1000 271 138280 55919
d 76147 123868
r 1200 396 6079 123345
d 19570 62917
d 73750 11248
d 113247 17041
d 99026 112000
r 1000 228 37965 37793
d 71164 74272
d 94808 118570
d 89283 5021
d 115726 47523
r 1200 442 39674 93086
d 69766 90650
d 112515 85230
d 82600 97910
d 120032 41369
r 1400 276 106116 95585
d 1785 91413
r 1600 150 116769 65063
d 12027 117859
r 1800 454 92722 122653
d 115569 72877
r 1600 292 130781 66804
d 8490 133929
d 74746 113250
r 1800 286 131599 107167
d 8501 55140
d 125050 108352
r 1800 110 64576 110614
d 14253 73738
r 1800 214 138953 90027
d 71461 57249
d 130725 81482
d 82302 929
r 1800 316 104985 107979
d 72855 32372
d 42210 58317
r 1400 348 50364 101877
d 38338 84704
d 60731 125811
r 1000 408 79567 73273
d 6485 57106
d 61054 17376
r 1400 263 60557 129601
d 15832 98488
d 110123 70503
r 1000 339 36822 94835
d 113392 64202
d 46639 36903
r 1200 298 53329 112600
d 44428 32810
d 110719 49650
r 1800 243 114514 22644
d 61230 129023
d 24516 128933
d 35323 112887
d 68772 8190
r 1800 168 22362 42786
d 76714 37613
d 81725 32373
d 46816 109163
d 37987 51696
r 1200 246 99870 10285
d 130270 133078
d 121844 71389
r 1600 327 75820 56614
d 71055 63797
d 115417 35136
d 110723 61037
r 1600 491 49992 18207
d 79252 122248
d 123594 60858
d 26515 81327
d 56179 114604
r 1000 235 75645 8826
d 135618 58438
r 1000 110 109881 48613
d 30043 126898
d 102361 87679
r 1200 491 22512 18786
d 51671 46655
d 39192 115830
r 1200 392 56669 120269
d 73375 4219
r 1000 489 19214 73494
d 137673 73902
d 123566 3569
d 86294 37790
r 1600 279 118092 7957
d 7734 93148
d 131371 108343
r 1200 399 91752 47707
d 17360 27545
d 84384 133853
d 65302 15221
d 100236 80569
r 1200 229 16570 109132
d 66417 24332
d 2076 52550
r 1800 135 130132 85091
d 43627 74730
d 78585 74153
d 120340 88327
r 1400 478 43218 79752
d 20550 7960
d 12761 131796
d 88034 74378
d 79850 112643
r 1800 184 57567 87512
d 23233 112845
d 67882 43046
d 50831 91596
d 121375 11551
r 1600 362 87001 110155
d 131815 79801
d 21452 9618
d 85278 10809
d 64062 38086
r 1800 309 11586 37144
d 126130 83589
d 64659 83346
r 1600 420 123026 8234
d 58383 115551
d 53789 15772
d 94900 5389
r 1400 253 73559 100903
d 51140 19239
d 75142 116302
d 44246 12221
r 1200 358 35655 133873
d 19600 74628
d 76035 114831
r 1200 386 54649 118198
d 8448 85967
d 130664 108302
r 1200 200 97621 28308
d 109377 88220
d 15523 103252
d 108766 110566
d 13182 26140
r 1200 485 3750 51459
d 23798 127237
d 51760 2944
d 101239 51291
d 127295 92341
r 1000 382 107171 10251
d 134764 127934
d 120320 107259
d 87549 30291
d 6173 134490
r 1400 434 68248 83015
d 57460 124985
d 22716 54533
r 1800 391 63899 20583
d 53549 57928
r 1600 187 103494 11748
d 137763 103193
d 76716 88467
d 80021 133269
r 1000 138 17381 97909
d 28116 3671
d 70598 113378
d 69734 111739
d 22537 19358
r 1600 218 40947 34654
d 61073 31005
d 75105 59459
d 133316 15679
d 40867 57211
r 1200 455 43232 45428
d 57154 116050
d 31761 108822
r 1000 122 55225 63096
d 132381 136547
d 90765 133462
d 76474 110839
r 1200 412 86480 101570
d 102026 18438
d 64200 112509
d 34855 6937
d 79380 52914
r 1200 174 56826 34112
d 136724 88776
r 1600 177 105979 48105
d 137069 122807
d 123377 25066
d 41652 62121
r 1600 460 99040 57888
d 61352 102395
d 42184 11864
d 130123 113149
d 44784 122261
r 1800 282 39198 118011
d 74606 82809
r 1400 482 1579 69460
d 130120 79202
r 1200 470 75958 33049
d 78665 102026
d 74743 98070
d 84875 73080
d 42538 67772
r 1600 348 49454 40975
d 62724 81843
d 69783 124361
d 61949 83756
d 60258 48822
r 1000 500 107815 18463
d 127101 118489
r 1000 213 55733 40705
d 138797 120074
d 96270 130925
r 1800 410 13614 43894
d 39005 127691
d 44382 72774
d 28220 114627
r 1200 216 50079 60914
d 61440 120617
r 1200 119 66999 47581
d 98922 133665
d 109356 40845
d 56318 110335
d 79456 62372
r 1400 103 25289 95665
d 62797 48498
d 49717 123021
r 1800 174 111347 137137
d 88812 79504
d 90462 102750
d 42685 133009
r 1200 428 21574 44612
d 90487 127352
d 123586 125181
d 89168 97173
r 1800 128 121832 109534
d 32044 24665
r 1400 389 52789 43671
d 41094 35723
r 1800 104 119174 99018
d 77766 69296
d 13672 23168
d 137398 54971
r 1400 155 45377 97723
d 87072 40099
d 6936 69904
d 47982 128029
d 103987 72811
r 1200 256 128480 34084
d 79403 130273
r 1400 435 7010 109101
d 18124 93716
r 1400 117 13996 24991
d 100835 76681
r 1400 299 61868 113225
d 109689 112142
d 110850 137530
d 56022 16421
r 1600 358 46846 3974
d 85323 22210
d 14918 14049
d 60170 104582
d 46815 75074
r 1400 357 79781 11753
d 120601 43825
r 1800 465 6707 4835
d 102742 94099
d 98670 19068
d 82903 113430
r 1000 151 82423 99392
d 23253 131022
r 1600 217 74347 118483
d 21173 23364
d 97554 33182
d 4490 1562
r 1200 302 57530 61329
d 17676 20956
r 1200 442 11678 75572
d 71035 54978
d 111372 117634
r 1200 484 133245 28795
d 46927 54240
d 23984 138021
r 1400 449 11092 124983
d 130802 29374
d 48064 10578
d 5400 119155
d 108586 7723
r 1200 430 125335 114343
d 133159 21073
d 71775 96109
r 1400 393 30702 81059
d 50776 130980
d 45524 117661
r 1000 231 110194 15391
d 121008 21725
d 69773 70284
d 130848 133163
d 49027 69660
r 1200 281 109051 59885
d 23767 110926
d 42518 11996
d 60735 35423
r 1800 428 62973 99305
d 111632 8077
d 124342 16481
d 113918 97460
d 60048 46299
r 1200 485 56164 20429
d 78798 103577
r 1600 253 110687 70163
d 81079 123183
d 82301 26742
d 1075 23779
d 11236 6051
r 1200 224 131738 11551
d 38630 46919
d 88755 42634
d 28592 92939
d 91044 19514
r 1600 257 79489 113543
d 83863 95660
d 116736 101536
d 38123 73825
d 115031 81659
r 1200 252 78511 61406
d 114003 131330
r 1000 444 34680 68673
d 29402 24386
d 35361 6498
r 1600 384 89144 76603
d 102262 56733
r 1000 446 35823 42211
d 75785 132176
d 23244 39916
d 118678 14529
r 1800 242 100984 83761
d 66304 137963
d 19227 85482
d 13078 23397
r 1400 102 93003 86262
d 22517 43441
d 73948 136305
d 12954 101750
r 1800 365 96109 3159
d 90620 18556
d 979 123523
d 38545 120053
r 1800 484 63828 61997
d 33465 55790
d 107718 110266
d 104152 2732
d 36962 99540
r 1400 290 49444 112174
d 129146 68499
r 1400 297 97415 125783
d 107736 49172
d 135342 36594
r 1000 484 8053 16359
d 117669 63011
d 109090 28108
d 38473 39996
r 1600 210 18414 40895
d 107717 103875
r 1200 322 127092 74147
d 66701 18174
d 136085 126277
d 137900 67316
d 131944 24481
r 1400 215 41998 64007
d 131080 93218
d 119394 49686
r 1000 160 38867 108564
d 137029 86283
d 14383 83679
r 1400 147 41575 95037
d 57479 24325
d 22804 133339
d 124083 76306
d 121414 29524
r 1800 284 22899 62749
d 51261 46711
d 81323 73688
d 100795 14305
d 30290 116612
r 1200 127 80610 70449
d 57621 44343
d 51508 120829
d 119777 89776
r 1400 230 5586 47565
d 7919 32572
r 1600 277 28383 55649
d 91476 37755
d 17022 22143
r 1800 227 97714 23671
d 24240 138480
d 125513 117016
r 1600 172 120708 44694
d 90340 55960
r 1800 426 91651 4293
d 41539 49146
d 55239 67009
d 121723 16665
