g 50 50 2000
r 1200 491 65491 91008
d 6173 9726
d 5944 23573
d 45081 44979
r 1400 355 76396 82739
d 60136 28301
r 1600 287 51809 93480
d 14770 98586
r 1200 236 27170 91745
d 65798 47461
r 1800 353 90378 36878
d 27494 76866
d 8264 61817
d 88606 22486
d 9751 11985
r 1200 127 14824 93544
d 36381 75022
d 24440 80751
d 67571 20727
d 34909 70432
r 1800 347 66191 56136
d 17485 13002
d 10805 76416
d 28584 50765
r 1000 172 10889 32733
d 9879 71431
d 35280 75801
d 99357 60228
d 95828 56107
r 1800 310 4030 10739
d 80821 6682
d 86372 20360
r 1800 267 64460 82787
d 18887 74892
d 61907 39765
d 47985 51380
d 77332 68754
r 1600 177 67165 62643
d 64482 81973
d 91256 3900
r 1200 478 63490 62996
d 35072 23994
d 41639 84643
r 1400 444 66809 66357
d 83763 65922
d 63480 25055
d 27627 84377
d 59457 13253
r 1200 426 1315 70241
d 17054 93594
d 74047 39113
d 98784 90252
r 1800 172 91549 28863
d 76527 90699
d 29356 23983
d 50631 49553
d 50001 72179
r 1600 470 82355 40941
d 21197 42226
r 1200 479 64700 72482
d 43012 69028
d 99375 9942
r 1000 134 27269 78461
d 87068 7228
r 1200 256 51030 19836
d 12983 18242
d 97275 74189
r 1200 384 48853 62879
d 56819 53786
d 91538 71663
r 1800 363 37632 43811
d 20062 37415
r 1800 447 32585 45337
d 29192 32103
d 94758 65468
d 6063 82745
r 1400 337 82391 23510
d 80172 82547
d 92383 80551
d 47378 70471
r 1200 276 7619 6761
d 77884 49524
d 18831 70340
d 11252 11922
r 1800 357 29023 43697
d 39452 95991
d 78128 87590
r 1600 220 87657 79938
d 39443 57512
r 1200 113 80937 5027
d 35447 60355
r 1000 107 11949 57160
d 29557 41846
d 41575 36960
d 63093 80926
d 25493 40311
r 1600 463 62195 27998
d 18392 13707
d 52818 9962
d 19627 39255
d 25501 38074
r 1600 342 10876 81415
d 18549 46339
d 10147 64409
d 54270 70308
d 48061 46901
r 1000 153 48232 26258
d 75905 75668
r 1000 217 73250 84667
d 78649 16748
d 15365 42667
r 1400 162 66750 27529
d 56422 68542
d 25468 37948
r 1400 311 48256 85326
d 34846 95039
d 65651 80220
r 1800 117 11518 86243
d 57900 29107
r 1800 323 54211 66449
d 68248 42949
d 27908 91850
d 61381 33864
r 1800 364 65290 84911
d 79972 93738
d 65893 17378
d 90656 92600
d 46840 75879
r 1400 412 97500 20447
d 34177 71987
d 15910 87207
d 19466 79775
d 96497 98331
r 1000 187 33670 72251
d 68114 36820
r 1200 278 3102 56025
d 33216 9509
r 1800 152 92945 62070
d 25658 82858
d 92409 82982
r 1000 283 76431 24310
d 21321 68409
d 74487 11638
d 55263 97468
r 1200 190 25751 36416
d 94650 14159
d 27556 90463
d 32092 74688
d 86580 11376
r 1400 351 27109 44012
d 72489 61488
r 1200 498 95229 95330
d 66233 74942
d 74434 44061
d 88104 11991
d 64172 45119
r 1600 330 77851 87170
d 51565 37130
d 2753 90036
d 76355 12188
r 1600 174 22130 39956
d 17538 47677
d 10718 35079
r 1600 365 55098 4062
d 32140 42819
d 83113 51594
d 53211 17244
r 1400 259 43730 5702
d 73097 8311
d 50213 95091
r 1800 431 77353 1535
d 70772 13722
d 13996 60661
r 1400 271 25850 46839
d 79129 52299
d 4476 46140
d 9243 72831
r 1400 291 73210 68345
d 38656 70360
d 48165 63291
r 1000 303 96647 91794
d 33696 30740
d 22154 98185
d 61386 55080
r 1200 151 41447 60612
d 90107 62976
r 1600 288 19588 9860
d 20130 43968
d 74309 23153
d 21880 85481
d 39144 93516
r 1400 261 67805 80088
d 17783 87985
d 9063 91112
d 72347 63862
d 97765 51754
r 1400 384 959 7583
d 92887 45103
r 1800 376 39854 40722
d 44017 52096
d 83228 7212
d 54154 62756
r 1800 186 58563 99003
d 55272 37881
d 83114 18639
d 65225 40090
r 1400 275 15623 47929
d 8190 88816
r 1400 440 61044 17308
d 17995 46227
d 16487 64810
d 54803 95535
r 1000 417 58713 73012
d 76385 33186
d 37899 98659
d 5331 53422
d 87018 22776
r 1000 421 13263 95735
d 65412 43418
d 3715 92094
r 1600 425 87535 19350
d 33508 41726
d 51784 56174
d 40292 68768
r 1000 139 14145 60911
d 51362 98741
r 1800 409 84980 91026
d 70162 22492
d 76451 46280
r 1200 472 58677 60140
d 16153 68642
d 44668 60428
r 1800 235 57005 81662
d 4913 90828
r 1400 118 71532 80075
d 23595 34190
d 58737 76568
d 34823 43617
r 1000 484 48320 60996
d 47492 44129
r 1600 189 92780 55955
d 70864 13020
d 67663 12133
d 3991 94550
r 1600 489 55371 93085
d 22005 61589
d 41844 42817
d 39449 40747
d 88226 20067
r 1600 359 4733 34793
d 56891 49184
d 27518 93602
d 4198 86993
d 88864 63239
r 1000 421 46467 96542
d 91059 18552
d 18000 92818
d 51072 16697
d 59634 90682
r 1000 353 39060 46628
d 2797 66474
d 48876 46429
r 1000 350 84890 15730
d 3691 33954
d 24007 37427
d 80818 10152
d 63109 36987
r 1200 484 32006 30945
d 79059 51485
r 1000 345 79169 9193
d 88189 1045
r 1000 417 92368 1066
d 19901 62307
r 1000 262 17898 6559
d 61308 82427
d 77725 32093
d 40352 14365
r 1400 208 23113 33643
d 97303 61219
d 43318 37814
r 1600 188 77667 34490
d 51685 85267
d 40463 75962
d 50993 15249
d 15938 37411
r 1200 165 37895 72216
d 77825 19525
d 74746 90214
d 68031 26090
d 91901 18476
r 1800 488 19561 49973
d 14616 95831
d 49277 28218
d 86251 75381
r 1600 242 22341 92168
d 82451 47344
d 98636 60622
d 70377 50360
d 72668 52831
r 1600 400 44222 56845
d 60212 33530
d 44444 51045
d 65979 70890
r 1000 428 20132 78577
d 42407 59937
d 72646 5709
r 1000 456 49957 36235
d 11010 20127
d 35770 68218
r 1600 238 52796 27048
d 66547 5086
d 51696 58777
d 60169 73409
r 1600 470 70152 32013
d 45110 39930
d 69634 4670
r 1600 147 84234 62338
d 47844 1799
d 16197 4981
r 1400 454 48084 55484
d 46651 74183
d 46602 5340
d 72614 64155
d 1226 40158
r 1600 371 68971 16706
d 87759 11359
r 1400 274 97461 65519
d 63683 89229
r 1200 454 94838 61018
d 82369 76567
r 1800 245 84507 84269
d 12283 6219
d 51017 20277
d 5617 16313
d 97128 30477
r 1600 129 98582 27639
d 29681 40296
d 11405 66087
d 19944 7536
d 10629 24393
r 1000 343 93102 72575
d 15072 40859
r 1400 496 82385 95682
d 58986 85305
d 85272 37837
d 30811 24138
d 52607 91260
r 1800 376 93264 80890
d 8457 74398
d 55486 76848
d 90506 31656
d 57688 57017
r 1400 372 91583 15805
d 60963 62489
d 55267 87298
r 1800 456 78315 76108
d 84355 54401
d 76019 79434
d 38846 4182
r 1600 231 44742 19813
d 71730 94529
d 6020 61759
d 21680 33796
d 39030 35595
r 1800 378 70681 47915
d 13888 81680
d 81602 40817
d 20261 37895
d 60018 71111
r 1400 201 60434 64999
d 95639 25886
d 41419 8330
d 70271 48835
d 41785 67064
r 1400 392 22530 76167
d 95440 38790
d 33061 75857
r 1200 294 16886 74595
d 64528 88933
r 1800 341 94986 47201
d 57903 40858
d 5316 86175
r 1000 410 89870 92536
d 46925 43471
d 5436 2524
r 1800 381 26283 40564
d 1936 60331
d 13308 55582
d 72939 82285
d 56130 58084
r 1600 428 6673 86525
d 68736 57669
d 84165 75219
d 23981 41515
d 35604 37538
r 1200 220 57779 24071
d 96159 15801
r 1000 344 37812 85075
d 61954 17578
d 95709 20186
d 9493 20022
r 1200 499 34359 39215
d 30362 74053
d 71790 65826
d 39342 57158
d 10984 20994
r 1000 334 63187 20850
d 98981 20627
d 22854 62669
d 8214 27653
r 1000 352 13759 74549
d 80136 25207
d 83267 39920
d 42185 80846
d 76723 86658
r 1800 264 22240 59246
d 19428 11446
d 29879 73277
d 74660 14321
r 1200 344 38646 16214
d 4436 49472
d 44236 90901
d 61938 89807
r 1800 492 26025 98529
d 27702 49898
d 55625 17233
r 1000 226 48183 72489
d 93343 57699
d 25511 82557
d 1651 17100
d 59223 51614
r 1200 309 91112 9548
d 30047 3309
d 58780 2582
d 65743 81023
d 14197 41567
r 1200 434 6529 37739
d 5435 81120
d 42060 87646
r 1600 383 22376 55394
d 92761 60377
d 15367 26416
r 1800 245 70204 38695
d 62938 19086
r 1800 378 17018 42762
d 37097 85060
d 25868 57538
d 52643 57659
