g 50 50 2000
r 1200 454 45709 86230
d 38526 39556
r 1800 404 6127 42774
d 3404 70491
r 1800 243 8272 15224
d 80571 14679
d 66372 52123
d 51616 41810
r 1200 130 33647 3855
d 46028 66501
r 1600 331 73906 2978
d 97418 56087
r 1000 118 18807 8776
d 5543 80647
d 81285 44245
d 74987 17951
d 26863 29842
r 1200 284 87896 58791
d 8954 3808
d 16461 76978
d 88181 86244
d 12086 1045
r 1400 179 28334 80872
d 1864 36433
d 49624 80916
d 41361 73549
r 1000 430 5593 3460
d 27788 1562
d 25309 73756
d 2354 72364
r 1800 478 64974 89444
d 9366 75083
d 39229 8862
d 8661 90952
d 15346 30053
r 1800 465 40078 57281
d 24112 67778
d 32975 30725
d 77932 25252
d 21123 64836
r 1600 350 53506 16100
d 58472 49813
d 22672 88743
d 30216 18253
d 6271 96470
r 1400 425 18339 57617
d 29538 75564
d 61978 56447
d 71653 93849
r 1800 200 72955 68861
d 86353 42227
d 30559 4480
d 78773 11315
r 1200 118 85410 88206
d 95802 75001
d 72608 78052
r 1400 458 50683 57884
d 50835 71101
d 51456 94065
r 1400 451 69118 98374
d 98259 15321
d 4019 95858
r 1200 128 53698 47979
d 88698 2303
r 1200 425 29243 27028
d 18362 5454
d 80287 76042
d 27431 92617
d 94879 27350
r 1200 343 30235 33984
d 33098 57830
d 41327 18565
r 1200 321 96192 98300
d 63235 70081
d 5955 23430
d 38442 48257
d 40835 16790
r 1600 443 83666 68506
d 96864 48288
d 11149 33179
d 16113 18532
r 1400 390 72154 80140
d 62150 72304
d 74883 43878
d 85927 45710
r 1000 319 20698 36218
d 23090 68118
d 69166 26375
d 65634 58157
d 37057 71634
r 1800 371 13069 97019
d 83002 1118
d 85953 35913
d 19923 73179
r 1000 386 28108 46272
d 37310 82389
r 1000 133 27745 94212
d 43395 79332
d 78418 44363
r 1000 242 21666 16070
d 62201 78169
d 83362 97922
r 1200 392 73975 42758
d 65210 51605
r 1200 366 51616 37816
d 63413 76264
d 43215 22907
d 20780 33545
d 34738 25924
r 1600 453 60062 58495
d 67785 51200
d 49840 52048
r 1000 203 50915 68558
d 62643 63971
d 19974 85350
r 1000 425 33677 68961
d 58007 22391
d 48196 22152
r 1200 322 81777 48030
d 59605 50731
d 35270 33313
d 70704 7757
r 1400 312 90672 2498
d 89602 38666
d 96334 51856
d 61416 30509
d 10785 79221
r 1800 179 37604 10312
d 56693 37593
d 77836 76063
r 1800 404 29343 8580
d 63045 52642
d 46329 80787
r 1400 359 74798 60142
d 57236 54893
d 95804 61080
d 9612 52546
r 1200 343 77818 2066
d 84781 69830
d 76492 8510
d 59394 35044
d 94591 49249
r 1800 331 97145 25155
d 9482 62020
d 95849 81372
d 41867 35447
r 1000 205 22755 70030
d 53598 10956
d 22744 2823
d 78707 38952
d 27324 1318
r 1400 274 11978 63326
d 5210 21350
d 48756 65289
r 1600 229 96722 82066
d 51478 28866
r 1400 225 16890 83646
d 76080 21914
d 77171 95202
r 1800 457 56666 66592
d 46894 9628
d 53648 11694
d 57296 73390
d 16403 89280
r 1400 494 61551 45863
d 41608 80091
d 45883 19931
d 8534 27466
r 1600 231 6559 79733
d 53128 46810
d 93424 93093
d 35471 10047
r 1200 425 43237 21341
d 4046 39110
r 1800 301 92809 26829
d 78798 60866
d 60876 50586
d 50425 52383
r 1600 279 86560 5702
d 49277 42334
d 28483 63874
d 70883 18990
d 30966 4565
