g 70 70 2000
r 1200 454 19650 72733
d 9985 117579
d 75503 75165
r 1800 404 53040 76103
d 51876 61325
r 1800 243 9586 32100
d 77067 47812
r 1200 130 34303 53730
d 98251 114161
d 16073 39468
r 1600 331 63873 28291
d 9640 100853
d 39398 91071
d 36815 59103
r 1000 118 109655 68151
d 82279 2577
d 62264 6689
r 1200 284 134848 73145
d 58714 71956
d 136241 3339
d 40765 103221
r 1400 179 40799 90990
d 123624 120110
r 1000 430 4453 108224
d 129734 124747
d 118228 111233
r 1800 478 108511 27677
d 107024 38112
d 79100 49422
d 108922 113650
r 1800 465 74032 67868
d 136123 86864
d 89818 63431
r 1600 350 117485 87510
d 78841 53748
d 125919 123817
d 82965 48463
d 34763 45627
r 1400 425 17408 24552
d 52031 95023
d 55105 57369
r 1800 200 133093 86200
d 130495 52149
d 77520 63948
d 53903 6011
d 105178 127944
r 1200 118 45228 13593
d 104158 7232
d 112402 97702
r 1400 458 78806 36097
d 49383 129048
r 1400 451 125176 102631
d 3865 90581
r 1200 128 12682 34601
d 69901 5714
d 20196 94812
d 92222 39050
d 61369 62648
r 1200 425 50605 23454
d 64034 56759
r 1200 343 76934 53112
d 21318 24530
d 116672 41683
d 6494 105503
r 1200 321 4593 5582
d 34322 111248
d 136524 29733
d 114604 82150
d 116318 46404
r 1600 443 25291 90254
d 2897 117623
d 55228 71563
r 1400 390 119236 32517
d 17413 106920
r 1000 319 17846 1346
d 23221 56344
d 99478 109065
r 1800 371 61078 31111
d 96140 91734
d 125626 123643
r 1000 386 7886 118871
d 109231 98741
d 30236 49558
r 1000 133 78803 130840
d 29105 24611
r 1000 242 38207 80752
d 4598 98341
r 1200 392 52175 3988
d 42407 82431
d 98761 61304
d 18962 79246
r 1200 366 24108 102649
d 54361 110507
d 89438 75102
r 1600 453 37492 101333
d 124367 116464
d 71526 98522
r 1000 203 34854 78714
d 74462 36217
d 130982 33428
d 86891 23349
d 65823 36424
r 1000 425 4982 83422
d 49676 7639
r 1200 322 95373 119323
d 127460 125436
d 62187 122363
d 95458 123283
d 17522 121648
r 1400 312 97624 138616
d 106881 101328
d 96575 60843
d 9964 84700
r 1800 179 87777 43554
d 55636 27487
d 61702 102404
d 12167 86671
d 106965 55211
r 1800 404 23020 75522
d 27775 103769
r 1400 359 2053 70840
d 90569 63253
d 27428 16669
r 1200 343 41717 6428
d 130608 55232
r 1800 331 17060 45620
d 118126 126913
d 28866 60553
r 1000 205 24280 31182
d 108221 31619
d 24394 6431
r 1400 274 18428 86120
d 58620 102118
d 17740 86961
r 1600 229 18116 114536
d 21097 134509
d 36363 91631
d 80937 69641
d 57752 102891
r 1400 225 86460 129290
d 109740 114434
d 86742 40752
d 23242 68600
d 80194 11334
r 1800 457 71292 128486
d 109568 120175
d 28502 103969
r 1400 494 98857 1023
d 85068 126911
r 1600 231 128508 7298
d 114700 45476
d 89257 44806
d 134939 67504
d 54540 120221
r 1200 425 29637 79388
d 63294 25294
r 1800 301 47902 9773
d 79948 37105
r 1600 279 58613 52168
d 35831 107860
d 117563 24865
d 79882 88265
r 1800 223 34590 89616
d 99041 13027
d 110738 84898
r 1000 445 116554 10976
d 63772 37067
r 1600 188 66322 76407
d 29597 103110
r 1800 207 45894 102536
d 56271 15503
r 1200 276 92470 32927
d 13292 24064
d 123403 61094
d 70657 67307
d 132837 59784
r 1400 144 28468 75680
d 100200 116298
d 53176 91284
r 1000 448 85485 36984
d 51568 75850
d 123643 97148
d 82058 46974
d 52196 93255
r 1200 427 78402 91396
d 86500 129385
d 122055 29946
r 1200 284 106517 87590
d 71676 130860
r 1600 113 82489 30096
d 134376 108131
r 1800 162 31294 49388
d 5148 77042
d 125346 92814
r 1600 352 70054 101277
d 60668 126584
d 69676 28050
d 38023 5971
d 74291 133305
r 1600 337 56838 45632
d 60196 100661
d 9051 84375
d 58020 75632
d 51745 14888
r 1200 156 107207 44091
d 137346 122617
d 97583 78605
r 1800 262 59961 110184
d 54934 49163
d 91502 23326
d 109568 139080
d 33207 30091
r 1400 181 55949 122690
d 113233 40333
d 32320 63035
d 62883 40161
d 82596 16913
r 1200 211 37295 94436
d 90652 55977
d 121169 52366
d 13313 60785
d 109624 41973
r 1600 318 26571 18050
d 15979 84214
d 38425 125933
d 114413 33864
d 92605 13368
r 1000 493 122682 50252
d 63396 27545
r 1000 214 30515 128699
d 51543 74854
d 60067 110538
d 44845 27222
d 4708 3295
r 1200 399 28381 64560
d 125474 51907
d 23191 104241
d 47472 58454
d 38477 21583
r 1600 201 85867 73873
d 60921 21842
d 119161 108042
r 1800 378 24249 106640
d 103560 29273
d 79312 86961
r 1000 420 125130 80434
d 29279 57394
d 42040 64137
d 35578 122603
d 104048 113715
r 1000 183 88745 84463
d 110191 122832
r 1000 115 70519 34376
d 83656 82275
d 111814 15382
d 108831 132752
d 67791 51548
r 1400 196 47405 34897
d 5334 128689
r 1200 294 5635 89936
d 47710 88409
d 41134 46504
d 110611 45393
d 32410 64286
r 1600 448 13618 13678
d 15275 43976
d 38206 65097
r 1000 301 102958 17405
d 128258 15509
d 79144 105129
d 133372 34802
r 1600 182 61766 39317
d 33268 115908
d 15964 11083
d 128225 40474
d 55459 11142
r 1800 269 120782 37819
d 100400 130937
r 1800 356 86627 77787
d 119946 46637
d 26704 95538
d 124330 95627
d 112704 22988
r 1000 492 75197 19702
d 38441 133017
d 59936 105276
d 134104 69744
r 1600 298 29806 119733
d 15987 32028
d 113023 80931
r 1400 441 88205 62444
d 89211 23845
d 34881 1448
r 1800 285 7345 124928
d 10940 24420
r 1200 218 12142 99733
d 119565 7172
r 1800 235 26987 133623
d 2153 73868
d 64024 121871
r 1800 262 126251 135541
d 23746 72992
d 96163 82144
r 1400 437 54847 71459
d 9412 22511
d 41011 124969
d 126849 22263
d 13428 112173
r 1000 385 14901 117611
d 96525 22981
r 1200 233 1255 67294
d 55253 135163
d 88502 7230
d 135114 45037
r 1600 347 85328 110154
d 10697 32411
d 130784 92628
d 108683 104871
d 32060 137338
r 1200 235 102463 26012
d 28408 95567
d 123172 123844
d 46561 115084
d 135110 76666
r 1000 307 41949 99036
d 118866 17509
d 116371 97642
d 94307 82536
r 1400 352 130881 135410
d 61006 7084
d 31748 118074
d 97514 65489
r 1600 408 44452 105688
d 86002 121973
d 37325 127389
