g 20 20 2000
r 1200 454 8349 23379
d 27444 30928
r 1800 404 34973 12796
d 39063 22561
d 25778 10128
r 1800 243 21298 30090
d 23295 25378
d 31473 28725
d 30802 28366
r 1200 130 37700 14026
d 5291 18280
d 28175 1221
d 11291 29516
d 34594 33569
r 1600 331 30123 24332
d 31867 4679
d 14543 24355
d 19368 16431
r 1000 118 21410 18234
d 11142 21624
r 1200 284 34419 6659
d 5076 26549
d 14134 7604
d 15226 26937
d 38455 18368
r 1400 179 24477 9546
d 24206 38644
d 29477 24181
r 1000 430 29969 20832
d 17354 29007
d 38309 31745
d 16248 5636
d 4009 18970
r 1800 478 4479 33273
d 37133 20530
d 7152 19043
d 34006 2857
r 1800 465 18068 10140
d 13074 18579
r 1600 350 25242 3234
d 18508 5777
d 23274 23924
d 22354 8031
r 1400 425 4842 20801
d 31430 12682
d 26199 24110
r 1800 200 1124 30722
d 27142 30963
d 11120 39097
d 17979 25937
d 28109 31410
r 1200 118 23812 16561
d 35239 16774
d 22521 20511
r 1400 458 17242 13404
d 15949 1873
d 36296 6748
r 1400 451 21225 36072
d 9672 37159
d 23153 10696
d 23387 4379
d 17447 5952
r 1200 128 21239 11402
d 33193 11903
d 8312 8826
d 33781 25932
r 1200 425 31839 30082
d 17937 11036
d 36522 10173
d 2780 32769
r 1200 343 10604 22550
d 7133 37386
r 1200 321 32084 13855
d 22556 27025
d 31680 12424
r 1600 443 38626 9885
d 10176 2185
d 30509 29560
d 22476 1482
d 13224 12864
r 1400 390 17114 35626
d 6885 25570
d 20779 5055
r 1000 319 17854 32070
d 20536 10058
d 18997 32243
r 1800 371 29360 5982
d 3182 22265
d 28012 18424
r 1000 386 7534 9618
d 11452 37014
r 1000 133 5189 37403
d 33838 27560
d 20867 16643
r 1000 242 28963 27089
d 31036 28777
d 19639 21858
d 22176 38871
d 26375 26056
