g 30 30 2000
r 1200 454 48456 43810
d 21164 10920
d 40373 21026
r 1800 404 49043 40825
d 11317 47128
d 10105 31114
d 13698 6573
d 55596 49672
r 1800 243 34824 59037
d 39754 21147
r 1200 130 25894 1583
d 54711 6761
d 2278 37849
d 54421 31816
r 1600 331 7585 35887
d 24262 24289
d 57955 8762
r 1000 118 8379 29310
d 8075 54390
d 20549 51874
d 51303 3682
d 58607 51553
r 1200 284 12345 59088
d 23600 14354
r 1400 179 28058 16149
d 56335 13931
r 1000 430 40096 53236
d 7531 16721
d 19507 14354
d 20282 49557
d 53363 35018
r 1800 478 28419 37532
d 19957 42412
d 31787 4437
d 12614 16606
d 24284 32480
r 1800 465 58522 52215
d 18554 7377
d 8517 1994
r 1600 350 23102 10959
d 34143 54357
d 14651 32948
r 1400 425 52351 28374
d 8385 47120
d 32453 20007
d 25581 22422
d 44786 54166
r 1800 200 2703 6961
d 45553 58383
d 14021 31544
r 1200 118 8488 11664
d 56024 27384
r 1400 458 22552 4517
d 37125 49751
d 4230 56259
r 1400 451 3953 1715
d 57147 28314
d 28341 19688
d 36058 3044
r 1200 128 51366 37071
d 33237 56161
d 40368 17698
