g 70 70 2000
r 1200 454 83486 68732
d 54219 81361
d 111852 93254
d 59515 109311
d 107811 16230
r 1800 404 43384 107619
d 19217 77308
d 14409 29975
r 1800 243 44985 85886
d 138197 46740
d 62684 121243
d 131792 138183
d 134070 64419
r 1200 130 71157 113283
d 103088 48008
d 45878 83984
d 127147 123087
d 21053 31399
r 1600 331 114798 16579
d 88577 48133
d 96805 96147
d 119997 66952
r 1000 118 36358 33590
d 123261 83704
r 1200 284 90442 57901
d 31840 103952
d 33956 128938
d 33777 137378
d 34587 108443
r 1400 179 116273 85933
d 12009 22406
r 1000 430 139425 67573
d 105068 23613
r 1800 478 120799 14271
d 115158 32126
d 26751 94961
r 1800 465 7894 136637
d 97923 38448
r 1600 350 93540 4490
d 114084 81344
r 1400 425 89297 88533
d 65553 18816
d 22014 137222
d 8568 122392
r 1800 200 111072 27738
d 25258 19168
d 26985 86209
r 1200 118 42683 75364
d 138408 87211
d 5747 80483
d 20319 18799
r 1400 458 36180 126584
d 88900 62680
d 122775 78987
d 4481 14879
r 1400 451 25500 129773
d 101821 13673
r 1200 128 32909 137800
d 123913 136428
d 34314 130759
d 101089 101773
r 1200 425 12839 72991
d 63303 137020
d 35895 64129
d 67972 76042
r 1200 343 128212 65857
d 109872 36023
r 1200 321 60458 64260
d 131162 1061
d 57576 4437
d 113470 26859
d 22288 14915
r 1600 443 111807 79020
d 124714 62458
d 94598 110958
r 1400 390 7790 111249
d 94789 99737
d 94843 52665
d 36542 111631
r 1000 319 121059 42800
d 13248 129480
d 101099 3066
r 1800 371 96491 109252
d 38502 5485
r 1000 386 62095 131556
d 116042 1173
r 1000 133 81437 84395
d 123355 135116
d 137113 92918
d 35474 98620
r 1000 242 55281 2282
d 55845 17808
d 103257 113798
d 100575 72518
r 1200 392 63823 115792
d 126682 58356
d 67685 100487
d 59919 72823
r 1200 366 29869 8616
d 51563 124950
d 57495 120708
d 59688 30348
d 90696 124805
r 1600 453 35620 83812
d 77957 113034
d 29190 20610
d 126398 115836
r 1000 203 111313 115987
d 6716 49821
d 94642 126181
d 40085 26757
d 94230 136109
r 1000 425 48260 85878
d 93428 133680
d 106876 69241
d 11684 104818
r 1200 322 116377 109235
d 80111 100540
d 127330 18871
r 1400 312 102974 43950
d 36756 56333
r 1800 179 91007 82301
d 43318 71927
d 87235 56772
r 1800 404 38742 5858
d 115268 36782
d 52081 42401
d 65386 92588
r 1400 359 105617 89467
d 22630 112594
r 1200 343 4997 27189
d 138404 33422
r 1800 331 115647 113656
d 91585 68221
r 1000 205 9880 81132
d 138633 71264
d 43160 91392
d 24482 138387
d 91086 116216
r 1400 274 11052 51877
d 99003 4290
r 1600 229 130017 137884
d 127847 23119
d 8208 5579
r 1400 225 40913 87637
d 98549 24482
d 59136 135047
d 93242 122655
d 98578 107147
r 1800 457 101707 104868
d 113078 133668
d 85412 128831
d 27043 40811
r 1400 494 117733 82124
d 83047 120604
r 1600 231 75171 40366
d 121468 108036
d 114282 19609
d 40588 116506
r 1200 425 79096 79690
d 77900 27424
d 61784 101027
d 89634 14595
d 74821 47223
r 1800 301 29899 2313
d 66628 108142
d 71012 64555
d 70704 72907
r 1600 279 112074 6683
d 122709 114490
d 138332 128498
d 42039 40740
r 1800 223 57711 85861
d 33767 12986
r 1000 445 115302 130886
d 96274 117875
d 10095 87827
d 106828 69531
d 83021 5497
r 1600 188 45020 55522
d 21995 114856
d 49157 129453
r 1800 207 4035 117328
d 66967 124274
d 99081 3102
d 99083 21877
d 135988 80935
r 1200 276 134023 66059
d 129299 111334
d 65542 98823
r 1400 144 71594 57578
d 128049 55675
d 135476 36178
d 67074 102812
d 6744 57716
r 1000 448 79900 110849
d 130046 108669
d 126559 23027
r 1200 427 22416 39569
d 92728 70154
d 124637 138455
d 87208 34837
r 1200 284 27330 48082
d 25099 90458
d 82919 28823
r 1600 113 70412 104398
d 96128 43377
d 126234 21589
d 114579 66198
d 38057 34074
r 1800 162 48423 94625
d 115231 7198
r 1600 352 66410 69423
d 83062 130440
d 51599 125173
r 1600 337 120342 109285
d 24911 54380
r 1200 156 112209 86937
d 56897 15294
d 112069 34291
d 20661 15252
d 62629 53906
r 1800 262 88748 54810
d 1656 125423
d 123603 18548
d 41675 27445
r 1400 181 7940 132442
d 113337 25054
r 1200 211 53948 132792
d 108026 22407
d 35110 116631
r 1600 318 130407 45299
d 54039 69881
d 40541 87743
d 13865 104646
r 1000 493 91716 46464
d 71663 130586
d 62938 116210
d 57082 38783
r 1000 214 47505 2329
d 108558 11178
r 1200 399 44267 134564
d 71831 55683
d 101624 83720
d 77212 36492
r 1600 201 34675 89943
d 82420 105392
d 41288 36775
r 1800 378 22571 73904
d 120418 113287
r 1000 420 95240 37412
d 83491 18463
d 20415 80953
d 103491 125888
r 1000 183 42614 69111
d 68994 11915
d 16960 18959
r 1000 115 39214 98651
d 126439 94479
d 31668 106710
d 25671 109799
d 99258 87886
r 1400 196 67951 137257
d 121689 43495
d 1591 133292
r 1200 294 119231 136242
d 10515 3065
d 37974 56984
r 1600 448 6237 62099
d 6046 40903
d 124344 25238
d 98262 77091
r 1000 301 75334 112911
d 63055 91719
d 136249 136338
r 1600 182 80955 31568
d 113425 30480
r 1800 269 25416 68334
d 37317 55980
r 1800 356 128718 3466
d 66096 10722
r 1000 492 96966 49914
d 95479 97235
d 16092 82735
d 129205 21174
r 1600 298 128309 59485
d 137929 97901
d 113651 4676
r 1400 441 88763 36686
d 123158 127014
d 6236 6953
d 59174 64550
d 33775 34058
r 1800 285 68335 131076
d 108144 11837
d 133222 80938
d 40650 92996
r 1200 218 129358 83467
d 21227 119393
d 123333 60098
d 33795 42571
r 1800 235 5366 113379
d 14870 63811
d 73819 33217
d 137613 119589
r 1800 262 121900 121642
d 108337 131320
d 102505 26340
r 1400 437 105882 44450
d 67755 5908
d 114006 136648
d 88408 103666
d 6607 41083
r 1000 385 136417 25782
d 111056 135777
r 1200 233 38484 138482
d 28536 116868
d 119466 90890
d 80740 133525
r 1600 347 112183 36136
d 76727 131606
r 1200 235 75950 17479
d 20797 4500
d 130099 127991
d 11185 110436
r 1000 307 27873 72393
d 132516 19485
r 1400 352 98259 61870
d 125077 74459
d 20900 117263
r 1600 408 108891 132094
d 127305 2154
r 1200 225 91144 93573
d 102462 69855
d 60617 70907
d 99914 123100
d 60441 56919
r 1200 254 67880 62384
d 55556 111955
d 98753 84543
d 129320 113541
d 114585 59952
r 1000 250 60655 108215
d 17402 105074
r 1200 174 73704 2092
d 10326 22382
r 1000 352 10877 17966
d 48426 4431
d 68041 33332
r 1000 244 103903 126793
d 105705 39451
r 1600 423 85968 34804
d 4795 29959
d 71796 136466
r 1600 483 138801 100148
d 103061 100662
d 77020 32021
r 1600 282 135408 49677
d 41652 87960
d 22910 15202
r 1400 411 22027 128919
d 117959 49437
d 22234 44738
d 87606 123134
r 1400 485 99818 39891
d 45517 19577
d 11408 60762
d 94723 117132
r 1600 306 133106 136572
d 43092 88748
d 106445 25842
d 87093 41959
r 1600 117 53041 22401
d 53302 1351
r 1600 397 34701 6128
d 2740 50818
d 82659 38671
d 102092 85524
d 58907 49866
r 1800 456 81063 93336
d 52692 48905
d 82802 67554
r 1000 155 135008 12321
d 56634 36285
r 1800 268 91322 121133
d 61812 17654
d 128547 101028
r 1400 374 51655 77041
d 136715 126088
d 20602 133778
d 48305 108944
d 67020 13956
r 1400 197 48537 53827
d 107758 80552
d 32190 120498
r 1000 473 11945 115657
d 136396 10057
d 55996 20110
r 1200 348 66704 35413
d 105767 44742
d 72627 60415
d 43640 29824
r 1600 193 52019 114647
d 25446 96670
d 58992 17305
d 19135 89999
r 1800 188 56936 60187
d 105660 8521
d 42669 104533
d 62143 102589
d 117748 132979
r 1200 494 70335 134631
d 101140 89933
r 1400 254 57839 113232
d 113099 16004
d 133646 19284
d 34123 27616
r 1400 347 13885 76468
d 22754 32652
d 68140 126245
d 61338 122626
r 1600 375 18368 11354
d 18508 18481
d 61465 69849
d 115182 45092
r 1600 231 78601 22521
d 2843 58702
r 1400 339 20449 30540
d 25554 13896
r 1400 256 28717 55003
d 84868 75815
d 116348 11439
r 1000 491 48001 42610
d 108606 105477
d 33458 96981
d 72374 38230
d 41270 138168
r 1200 100 104727 31984
d 14836 58659
d 86171 77690
d 78736 19838
d 80946 47020
r 1200 308 5321 14112
d 127013 11305
d 20685 12456
r 1000 368 66734 121297
d 98916 20855
d 132224 118684
d 136996 93765
d 137929 6362
r 1800 451 94767 17601
d 113891 66143
d 103033 111155
d 107867 8954
d 34415 38589
r 1600 333 93620 137143
d 22027 82356
d 1618 5616
r 1200 480 80991 120153
d 15182 107516
d 118026 117374
r 1600 213 38799 56139
d 10916 28861
d 124829 21540
r 1800 497 70324 5750
d 80943 74716
r 1000 376 76589 10842
d 98402 103931
d 5703 23842
d 135259 3314
r 1200 323 100569 9053
d 24960 26916
d 92009 4644
r 1400 352 11997 109253
d 75558 115216
d 3402 55102
r 1200 482 48885 11447
d 37361 48497
r 1400 127 105971 22479
d 57768 135345
r 1000 468 45894 30138
d 57908 70039
d 110266 103861
d 35627 68577
r 1600 116 98479 32867
d 113483 55406
d 78414 24003
d 120729 45535
d 138883 63472
r 1000 465 5408 6613
d 118151 113310
r 1400 432 100829 99680
d 41959 55704
d 34790 19567
d 131194 106736
d 125517 63494
r 1600 211 35460 19052
d 73422 109316
r 1000 496 640 113303
d 74232 40899
r 1000 180 18968 77991
d 106599 5879
d 138735 62261
r 1800 307 109801 110279
d 77199 78113
d 5350 128084
d 134564 6864
d 95018 29715
r 1800 286 97995 11583
d 82796 121128
r 1800 167 126300 44913
d 27202 112111
d 56503 104911
d 128550 106171
d 63528 118723
r 1200 492 121091 38524
d 29392 55369
d 7910 46611
d 21799 133181
d 13180 86060
r 1200 167 66977 104691
d 128348 18209
d 97365 110962
d 62956 118565
d 9237 31490
r 1200 213 17720 85561
d 105653 111662
r 1200 491 94813 41632
d 30916 3988
d 28930 73885
r 1600 143 37481 43375
d 54795 57750
d 4234 25284
r 1800 286 94877 92447
d 91369 10624
d 80132 138584
d 103644 28676
d 102426 5488
r 1600 471 122564 2705
d 28535 121919
r 1400 478 13045 55211
d 132507 2078
d 28028 136485
d 48395 127183
r 1600 346 25125 122768
d 101311 128402
d 114327 24119
r 1400 278 45312 7304
d 60197 47192
d 131019 130512
r 1200 391 65262 27505
d 127098 86828
d 5369 114398
d 31868 67338
d 50445 36172
r 1800 465 116611 96582
d 104993 100531
d 108508 26653
r 1600 245 10562 39573
d 76484 63146
d 20274 20281
d 124770 54259
r 1800 365 124104 111417
d 138258 78657
d 69958 85636
r 1600 291 28966 95081
d 53836 21026
d 46460 64498
d 112357 48377
r 1400 143 130537 117010
d 6051 35051
d 5664 130403
d 110424 130025
r 1400 365 137578 9382
d 19009 71435
d 77987 45028
d 118100 132304
d 70653 93652
r 1400 343 55170 84402
d 83502 126276
d 100554 56588
d 111557 42049
r 1200 183 79246 129129
d 115277 97133
r 1000 394 100158 79973
d 55150 76596
d 1813 127374
d 117517 33499
d 70210 71035
r 1600 131 64205 6947
d 106764 88812
d 17912 23623
d 17809 95309
r 1200 480 116657 47017
d 120842 31726
r 1200 143 17062 121871
d 111404 3104
d 118920 28368
d 39369 77673
d 123050 107380
r 1400 420 26952 19536
d 107618 40101
d 105228 137839
r 1400 453 109117 11374
d 36722 6749
d 119238 78482
d 121411 3821
d 46976 101068
r 1200 452 31348 35322
d 73717 82827
d 1248 3608
r 1400 257 112570 63987
d 71387 126162
d 85217 132536
d 18340 69585
r 1600 280 55122 92917
d 82525 105197
d 70772 125696
r 1600 122 52830 25125
d 71459 56942
r 1800 363 15947 47007
d 89029 132732
r 1200 186 29731 68249
d 13018 58308
d 55062 134200
d 109877 91765
r 1400 406 9688 55618
d 928 2080
d 35536 19880
d 31718 35202
r 1600 495 112616 99431
d 107753 34350
d 67576 43312
r 1800 374 111632 47112
d 38170 130099
d 35343 44608
r 1400 350 66748 91565
d 21395 43938
d 77592 70962
d 51199 90353
r 1200 376 30392 22786
d 10084 62871
d 17992 31010
d 11817 56963
d 78035 24563
r 1000 439 121808 27280
d 51327 39325
d 77541 29000
d 25353 74894
d 125242 112540
r 1600 277 2972 76854
d 123124 17290
d 60515 122549
d 9394 22993
r 1400 484 102257 24722
d 7385 65394
d 110136 18425
d 91628 18789
r 1800 380 72863 124571
d 53468 125514
d 79920 101087
d 14386 63316
d 83064 91326
r 1200 457 105750 700
d 66060 94181
d 107333 60838
d 100560 3686
r 1000 252 42850 115167
d 114243 86768
d 10718 99817
d 118802 11341
d 57583 5729
r 1000 118 86338 26857
d 45422 61645
d 82706 103366
r 1000 145 16737 112974
d 88736 52194
r 1000 272 112488 113465
d 53166 22944
d 17825 77663
d 129208 11048
r 1200 127 36525 69776
d 126148 103857
d 50257 68408
d 21186 71775
r 1600 161 98023 102189
d 97445 53028
d 53102 113850
d 114715 121645
d 104813 105510
r 1400 500 109686 44360
d 60985 106172
d 132944 75309
r 1000 439 130015 53400
d 30998 108782
d 61712 44181
r 1400 178 131674 112731
d 7904 62256
d 129808 30294
r 1800 453 32272 47894
d 134672 14115
d 70121 26038
d 54261 90120
d 78786 89857
r 1200 167 32992 56424
d 50232 79559
d 105919 33889
r 1800 163 99422 129438
d 23402 121008
d 59069 100542
d 42495 51831
r 1800 225 99030 1022
d 17740 96424
d 44221 100242
d 41352 79374
r 1600 223 121425 48105
d 103007 107080
d 62438 134998
d 127733 99748
d 3476 122095
r 1000 415 46069 131292
d 93335 34650
d 23134 121229
d 38251 8333
d 50719 108677
r 1000 295 11630 26189
d 121992 133130
d 28471 37676
d 134480 84003
r 1200 408 111082 126800
d 120288 114554
d 49393 11494
d 39653 74458
d 62134 66579
r 1200 473 102847 7785
d 60052 107677
d 7556 26957
r 1400 184 42624 28286
d 74468 79659
r 1200 469 68357 56157
d 88322 75272
d 14450 95921
d 112316 115844
r 1400 291 96891 23815
d 75574 50355
d 25122 6003
d 42512 113934
r 1200 101 133707 15016
d 75328 113807
r 1200 246 84737 134479
d 94629 70309
d 31375 40442
r 1200 255 105553 94476
d 80783 139238
d 23241 76811
d 98686 36750
d 107425 77601
r 1000 318 79406 131209
d 84328 124416
r 1000 219 96003 14735
d 3008 3042
d 26610 112474
d 79036 68829
d 36082 98428
r 1000 158 53143 18924
d 72125 27039
d 62511 70953
d 122882 28014
r 1600 271 85256 19636
d 9662 66307
d 47434 8113
r 1200 278 19594 7548
d 126959 83712
d 53310 105109
d 26511 93239
d 48405 28348
r 1800 283 64799 77141
d 75008 99675
d 11980 28398
d 131897 134362
d 63641 69592
r 1200 443 59026 50038
d 130353 74876
d 31961 70990
d 56510 30175
r 1400 482 4547 88211
d 124620 107373
d 47914 107942
r 1200 137 35520 102729
d 45154 801
d 104382 138848
d 128015 114317
r 1800 285 61630 41291
d 4102 63971
d 90635 96485
d 48698 13083
r 1000 498 81921 1728
d 104849 134630
r 1600 166 40220 39202
d 51569 135081
d 41478 38806
r 1200 496 15077 30708
d 96068 101720
d 18884 84867
d 39720 62960
d 59465 122879
r 1800 101 87603 68203
d 30678 126173
d 63946 117580
d 49982 95467
r 1800 263 52576 67862
d 79857 63319
r 1400 417 23518 138675
d 61961 44932
d 75141 31535
d 126104 115457
d 55931 26315
r 1000 469 86225 57131
d 6161 23946
d 69964 116882
d 52221 30908
d 30551 104879
r 1200 384 65187 34919
d 8775 109245
d 53490 104136
r 1000 299 127927 102377
d 127447 9893
d 111121 117986
d 68564 50330
d 3289 110537
r 1000 465 91388 116203
d 92344 122602
d 98818 32909
d 64224 108750
r 1000 267 123281 84554
d 109115 23915
d 126057 94627
d 106218 124996
d 112256 32549
r 1400 191 59943 29867
d 6280 122957
d 17492 119664
r 1000 193 40855 17484
d 121050 92832
d 89239 136342
r 1400 210 47333 68184
d 26599 128617
d 112490 20607
r 1800 426 43406 17596
d 131032 127378
r 1400 170 78232 114916
d 70956 13892
d 63307 56956
r 1200 123 17674 105699
d 57888 73599
d 11130 41074
d 78534 83226
r 1000 405 88460 6666
d 93368 55817
d 116754 63131
d 38274 64337
r 1200 412 104667 60793
d 96253 134381
d 132456 16838
d 53833 100588
d 55215 20941
r 1000 152 48599 110222
d 44581 29811
d 9056 15821
r 1800 113 114270 127643
d 31001 57350
r 1000 155 56788 130976
d 39613 91351
d 38553 135062
d 14550 93882
r 1000 356 134102 42912
d 94577 38347
d 1145 6563
r 1400 168 43586 34129
d 92134 111033
d 79248 118713
r 1000 138 62289 82452
d 109883 97352
d 67618 52381
d 114496 23067
d 118616 14590
r 1600 205 10951 61301
d 73647 8948
d 137937 48037
d 135811 134448
d 66211 111280
r 1600 150 64229 59038
d 66323 124180
d 34575 75750
d 33467 56859
d 126377 123955
r 1200 444 18615 126911
d 90604 33192
d 45642 22965
d 64204 28527
r 1800 125 83214 113282
d 36060 40542
d 125071 98961
r 1400 429 11348 101753
d 120268 95428
d 94971 108546
r 1200 106 128959 42883
d 104985 36326
d 135843 19183
r 1400 190 77892 120862
d 10526 69030
r 1200 234 15203 108470
d 53430 95509
d 68737 111743
d 111431 14701
r 1200 382 99637 21003
d 134178 81964
d 113242 128855
d 110871 101433
d 111220 31158
r 1000 221 99426 137770
d 122078 84054
r 1600 441 53663 34191
d 48032 90461
d 48661 979
r 1000 139 85659 23814
d 113548 84751
d 131045 11103
r 1000 332 3137 126186
d 75227 55255
d 97593 3525
d 12554 62263
r 1200 113 53028 16687
d 26066 12902
r 1600 256 48269 17782
d 9523 91456
d 76117 121387
d 24183 114141
d 110259 100856
r 1400 387 18162 51964
d 129330 44846
d 25111 6341
d 38362 12387
r 1400 273 28597 35419
d 45348 108702
d 36504 87462
r 1400 114 129336 90019
d 129285 20201
d 135691 106205
r 1000 390 117805 32510
d 62278 44627
d 114839 82825
d 125785 95439
d 58695 2995
r 1200 449 117537 69003
d 135676 89735
d 92647 96332
d 123114 55999
d 103143 73226
r 1600 466 53149 74312
d 72265 115587
d 112385 70577
d 61377 16259
d 64125 108799
r 1800 437 17229 137522
d 14128 7551
d 130507 47882
r 1600 455 22284 99359
d 78661 30226
r 1000 470 59605 26007
d 8404 137804
d 10729 64888
d 61953 73019
d 53855 117450
r 1600 378 107622 100178
d 130841 18718
r 1000 353 35299 120499
d 85791 32194
r 1800 238 60511 117135
d 4302 15055
d 63191 74746
d 39923 47634
d 100747 112335
r 1000 220 128890 26494
d 132555 21256
d 3320 81447
d 9589 130744
d 8766 104782
r 1200 201 121751 62375
d 137194 73676
d 8599 25014
r 1200 403 104242 35956
d 11330 55913
d 90455 71739
d 137059 63715
r 1800 139 12190 46119
d 57398 73399
d 26812 2658
r 1800 192 87504 9947
d 98315 126440
d 109786 116687
r 1000 193 129065 33885
d 19452 44280
d 48262 119702
d 18776 118228
d 44273 5731
r 1800 262 25021 18822
d 31435 98761
d 52099 54755
r 1400 500 84583 53173
d 66590 56897
d 117131 129817
d 22659 83919
r 1000 124 58955 1548
d 117834 64439
d 132056 67891
d 46096 91009
r 1000 491 129926 98380
d 82676 127776
r 1000 283 8078 48164
d 24321 93432
d 8203 132460
d 70832 66464
r 1800 242 56154 27203
d 112885 26906
d 65992 116212
d 43977 38218
r 1000 448 42377 1086
d 37799 74148
r 1800 194 8611 12930
d 68040 10082
d 126189 25139
d 19169 83136
r 1200 195 92956 128949
d 81635 21593
d 129798 51624
d 126755 70211
d 46863 61006
r 1200 108 3249 70010
d 33083 26753
r 1000 232 1372 18315
d 111271 24941
d 129236 17166
d 121046 67435
d 53841 122619
r 1000 143 118757 5346
d 35186 121916
d 58690 81113
d 11594 100470
d 80145 75106
r 1800 460 5717 75471
d 135636 68269
r 1000 181 117301 91742
d 23049 40022
d 28637 5798
d 118400 42189
r 1200 168 122693 88693
d 76365 63274
d 96026 129060
d 13773 113749
d 12633 80467
r 1200 212 72451 44630
d 10456 71915
d 18600 30623
d 26485 104767
r 1600 463 22434 15814
d 56307 65989
d 125593 133270
d 49988 58850
r 1000 364 20276 123501
d 135867 26613
d 80915 43852
d 12717 31344
d 90540 78874
r 1400 350 87612 107415
d 73552 12595
d 75224 104684
d 101600 84028
d 129201 35221
r 1400 160 47627 134344
d 124538 97843
d 62708 127581
d 138555 11594
r 1200 393 107982 54524
d 52883 99682
d 82233 95306
d 25309 43184
r 1800 499 51763 88515
d 130770 11553
d 111476 100122
r 1200 285 96483 72593
d 83922 96818
r 1800 451 102673 69736
d 31650 136210
d 53817 59816
d 86267 57858
r 1400 365 77226 25937
d 16701 56447
d 133423 6690
d 61905 80646
r 1200 434 98440 88152
d 75604 72116
r 1400 171 957 28680
d 136722 86959
d 125401 4454
r 1200 257 2484 80984
d 14214 83924
d 88363 21652
d 67054 50335
d 40246 94991
r 1000 125 78990 35274
d 11698 25401
d 5206 56209
r 1200 268 102749 27252
d 36280 5108
d 30507 110593
d 81497 54020
r 1800 350 71528 54581
d 80960 117137
r 1400 127 52890 46092
d 35398 42459
r 1400 345 99892 58090
d 9110 97570
r 1600 286 11183 67910
d 105235 109063
d 70473 50049
d 16654 72619
d 60849 46275
r 1800 345 2322 136606
d 133696 113267
d 12111 6811
d 97977 12992
r 1000 120 134385 120109
d 120356 131365
r 1000 420 55312 23266
d 10325 106150
d 121046 57863
r 1800 360 42941 77969
d 43609 127657
r 1600 459 125095 88902
d 29082 50785
r 1000 433 110386 105410
d 108679 13173
d 77757 128200
d 12128 50168
d 127766 109460
r 1600 242 131726 17150
d 117708 134967
d 51191 91603
r 1000 348 94611 32259
d 39567 61880
d 103896 75550
d 40515 62765
d 116011 28808
r 1000 419 52360 5042
d 118602 21743
d 56597 137559
d 37859 16170
r 1400 499 77860 5732
d 34530 26967
d 86880 10725
d 59458 61491
r 1000 329 33302 22247
d 24248 131712
d 44544 117979
d 93888 100456
d 12728 59810
r 1800 280 129527 73749
d 54862 131151
r 1800 394 48301 58955
d 134800 49653
d 22471 122413
d 91469 69588
d 24481 84368
r 1600 167 122304 18728
d 37243 4981
d 31769 131496
d 53568 17942
d 79048 55467
r 1200 384 76192 50714
d 38171 88169
d 87037 66902
d 128327 122152
d 57879 73567
r 1600 452 16838 116237
d 112636 10469
d 53734 35706
r 1400 395 22050 44189
d 73701 73980
d 9618 35648
d 11510 39584
r 1600 374 137035 60889
d 4842 133593
r 1600 249 105159 4796
d 28474 35220
d 44208 45182
r 1200 319 124939 33573
d 87013 3732
d 82458 7363
r 1400 408 33570 112517
d 129811 29725
d 56448 120252
d 107103 73032
r 1800 264 21502 60747
d 86206 9030
d 132550 81990
r 1600 448 36670 63247
d 63027 11035
d 27616 128213
d 6719 69161
d 90521 21193
r 1200 340 33274 80117
d 75005 128544
d 87138 118568
d 94750 46789
