g 60 60 2000
r 1200 454 12885 100928
d 58602 70530
d 47599 101512
d 44295 112098
d 83886 81228
r 1800 404 69694 85736
d 115194 68148
r 1800 243 57316 59228
d 59109 42958
r 1200 130 109878 67966
d 55538 110157
d 80404 30864
d 10917 11591
r 1600 331 54100 20665
d 1268 115769
d 54335 81674
d 30441 99485
d 24625 87585
r 1000 118 92858 90122
d 91928 94839
d 14466 63932
d 102293 52337
d 16664 80940
r 1200 284 24463 67274
d 66187 35015
d 101633 96355
d 74895 22914
d 89096 60251
r 1400 179 12973 105786
d 97637 41557
d 2874 73629
r 1000 430 28430 28577
d 13777 13186
d 54550 117780
d 13140 18632
d 4678 26858
r 1800 478 3191 60266
d 7367 2951
d 55098 109401
r 1800 465 117408 72426
d 70317 74619
d 63811 83183
d 93510 109718
r 1600 350 77821 61915
d 114130 21824
d 63334 27978
d 15750 117378
r 1400 425 86173 59510
d 76147 69442
d 24520 40985
d 50321 56010
d 37890 50636
r 1800 200 91528 28310
d 101293 88416
d 76557 25800
d 41802 23591
d 18877 17394
r 1200 118 98118 59743
d 16117 13417
d 19923 30937
r 1400 458 88947 75390
d 37383 66258
d 106335 31235
d 68035 51992
d 21442 93072
r 1400 451 46985 105128
d 71255 17696
r 1200 128 81148 54264
d 79386 40724
d 37332 37271
d 92849 8324
r 1200 425 75782 16714
d 26688 68100
d 51161 22527
d 69177 24490
d 42979 75867
r 1200 343 21040 103515
d 79988 70638
d 116850 67925
r 1200 321 34049 86196
d 9706 81179
d 10840 36803
r 1600 443 41667 45926
d 40458 86193
d 106283 95964
r 1400 390 107116 23876
d 61103 77692
d 11940 74072
d 12494 74684
r 1000 319 66678 5908
d 29616 59770
d 48104 10235
r 1800 371 55678 63378
d 34340 88609
r 1000 386 22574 83002
d 29419 80641
d 79629 5560
d 30128 109790
r 1000 133 13468 11208
d 80221 13324
d 5127 12678
r 1000 242 40129 11261
d 68445 33108
d 27551 86496
d 87785 58873
d 108543 80474
r 1200 392 118470 97304
d 40027 77302
d 109151 26870
r 1200 366 64703 84573
d 110934 69577
d 72928 75734
d 73419 9574
d 46560 24746
r 1600 453 71473 60882
d 57889 84090
d 54068 100650
d 43901 87547
d 35921 43506
r 1000 203 14543 49964
d 12648 43414
r 1000 425 42189 99867
d 16757 106891
d 29228 55072
d 114221 15073
d 27826 110527
r 1200 322 89302 87820
d 114344 45319
d 61257 107138
d 19588 71323
r 1400 312 99938 111879
d 23863 13096
d 112008 103079
d 85925 30193
r 1800 179 27368 112529
d 6335 99085
d 109206 56461
d 111285 114253
d 58251 29461
r 1800 404 116505 40032
d 93248 105636
d 17881 21523
d 90087 73022
d 108576 89385
r 1400 359 34924 12016
d 113202 56605
r 1200 343 71231 81751
d 116965 51372
d 50853 15447
r 1800 331 20684 119070
d 91451 93682
d 45311 61925
d 3588 36152
d 107988 65123
r 1000 205 74909 31840
d 36980 25543
r 1400 274 22693 10653
d 52757 27715
d 11283 36804
d 50245 72369
r 1600 229 59036 77801
d 52350 55423
d 50481 16262
d 99193 29618
d 37751 99597
r 1400 225 38167 27209
d 9268 53978
d 4456 92483
d 78268 83915
r 1800 457 111836 85739
d 35414 108122
d 102507 82364
d 7856 58717
r 1400 494 79142 56576
d 71072 72448
d 75548 23148
d 33937 22654
d 114510 62508
r 1600 231 45181 48637
d 3276 24196
d 32837 99110
r 1200 425 32005 47802
d 713 95286
d 42201 106176
d 35155 99405
r 1800 301 33584 66579
d 89682 116227
d 19050 65043
r 1600 279 52209 25656
d 14374 73623
d 98822 36464
d 6634 107513
r 1800 223 13857 57223
d 70038 76326
d 43668 103809
d 82188 105204
d 107021 4527
r 1000 445 41647 106346
d 15471 28955
d 113646 82890
r 1600 188 23900 17879
d 111134 72746
d 4946 38732
d 64028 2664
r 1800 207 15289 80285
d 106786 56446
r 1200 276 103829 49013
d 109516 110499
d 96410 78866
d 49293 119227
r 1400 144 14657 1748
d 10000 53304
d 38812 95798
d 111009 41400
r 1000 448 2129 34400
d 54931 42926
d 5501 95491
d 95004 88106
d 99615 77675
r 1200 427 18741 64447
d 119068 15491
r 1200 284 3988 5389
d 77865 42589
d 9967 5521
d 56713 72249
d 110276 76123
r 1600 113 49391 19609
d 52309 6413
d 12931 116442
d 78377 104145
d 58929 76879
r 1800 162 87209 11441
d 2480 38687
d 96992 46196
d 78557 78774
r 1600 352 91350 116805
d 54367 20741
r 1600 337 97872 2962
d 87761 110443
r 1200 156 44286 110547
d 2671 67243
d 13449 69879
d 117834 67068
r 1800 262 86126 51806
d 91130 12717
d 57651 5366
d 90567 70860
d 62166 56248
r 1400 181 33049 51180
d 112685 20829
d 53616 119121
d 98815 77627
d 60333 34241
r 1200 211 35895 47700
d 15288 66458
d 23087 80279
r 1600 318 100845 118773
d 66413 25657
r 1000 493 108120 13514
d 43873 20961
r 1000 214 62810 15280
d 37772 87620
d 64051 33621
d 118146 43746
d 20950 93765
r 1200 399 88776 44258
d 25054 85932
d 90758 45042
d 116327 93911
d 107669 44234
r 1600 201 15136 88577
d 47531 73927
d 55644 21121
d 49030 74997
