g 50 50 2000
r 1200 491 54767 85836
d 12154 62459
d 55477 65518
d 63353 83830
d 86065 55609
r 1400 355 16538 26923
d 1108 29542
d 12294 75806
d 30568 63592
d 6688 43849
r 1600 287 88033 81647
d 36421 58634
d 94559 63023
d 62582 39305
d 91637 62969
r 1200 236 83454 59834
d 83612 56448
d 41664 1246
d 23859 23358
d 35989 27641
r 1800 353 27419 7424
d 77268 88627
d 67556 92915
d 92775 83499
r 1200 127 76830 79037
d 53236 19698
d 87437 94078
r 1800 347 24464 34745
d 97692 32962
r 1000 172 43797 84221
d 91330 14594
d 28636 6757
d 1068 59827
r 1800 310 26995 29435
d 12589 42469
d 43975 19036
r 1800 267 9218 74156
d 26894 2116
d 82576 25824
d 99083 38800
r 1600 177 16245 53628
d 9089 34007
d 75597 43244
r 1200 478 37537 20420
d 92490 88485
r 1400 444 42122 98192
d 49834 43422
d 50407 62935
d 76005 43396
r 1200 426 47346 43082
d 49767 8093
r 1800 172 28614 36333
d 60127 68290
d 51018 59358
d 77828 34861
d 41014 28295
r 1600 470 48606 58966
d 80708 14328
d 76782 32267
d 49116 31735
r 1200 479 47250 68851
d 70634 7263
d 36805 54185
d 46590 72623
r 1000 134 73011 53889
d 6803 60273
d 31315 46528
d 74461 59054
r 1200 256 86765 33114
d 26376 60823
d 7609 98311
r 1200 384 29326 65097
d 92393 97733
d 9213 12871
d 97565 35522
r 1800 363 11980 3021
d 20476 26642
r 1800 447 47940 35182
d 33996 83318
r 1400 337 50838 70143
d 47713 22943
d 40592 85064
d 48153 53217
d 82843 62401
r 1200 276 3377 27208
d 81200 13650
d 45165 61748
d 98483 72089
d 74528 6567
r 1800 357 52201 29870
d 21820 42947
d 36577 88955
d 73586 63294
d 34289 30748
r 1600 220 84607 9087
d 50515 12992
d 80949 18873
d 23995 98261
r 1200 113 91669 17889
d 84777 93329
d 12909 87169
r 1000 107 12641 28178
d 24669 90422
d 62486 32097
d 94843 15707
r 1600 463 75557 87165
d 19090 24674
r 1600 342 72158 67048
d 16386 55735
d 89118 93707
r 1000 153 58289 21963
d 99412 82670
d 55952 25588
d 47994 44106
d 8869 82251
r 1000 217 23006 62375
d 9065 70951
d 4661 55663
d 28492 20571
d 69329 32197
r 1400 162 19076 32360
d 20287 85810
d 73098 30833
d 25111 26875
r 1400 311 71856 34219
d 51284 34152
d 34001 11465
d 71918 15577
r 1800 117 15247 43068
d 32562 43852
d 29518 41021
d 38379 73128
r 1800 323 22312 9584
d 21524 25723
d 22719 85302
r 1800 364 46471 66417
d 19510 59521
d 36384 28426
r 1400 412 7193 68446
d 77941 87034
d 19185 40628
r 1000 187 67904 15576
d 96865 1220
r 1200 278 74208 46681
d 72385 39921
r 1800 152 52994 20658
d 18887 13375
d 11476 57388
d 53768 22395
r 1000 283 72282 25353
d 58613 61474
d 77395 36275
r 1200 190 68708 81816
d 27239 20143
d 97464 23397
d 93861 12271
r 1400 351 62118 70154
d 60236 2259
r 1200 498 90712 54263
d 87228 73864
d 63773 91224
d 48081 51180
r 1600 330 70374 91258
d 3104 24170
r 1600 174 92670 98571
d 11277 38540
d 44364 35655
d 63963 45307
d 85350 41390
r 1600 365 18746 50030
d 5753 58153
d 42494 70881
d 54364 20555
r 1400 259 5367 94994
d 76665 94703
d 87339 6633
d 2917 12461
d 67942 41406
r 1800 431 31006 79401
d 89379 91139
r 1400 271 88545 25977
d 88831 50459
d 57104 59731
d 64294 78844
r 1400 291 56380 90503
d 6630 88281
d 6284 15537
d 48009 23315
d 36965 31601
r 1000 303 28256 92967
d 83540 27811
r 1200 151 57242 41717
d 61261 72646
d 40364 76553
d 94344 72410
d 34790 87643
r 1600 288 67345 44122
d 89175 27290
d 67579 3721
d 52597 90277
r 1400 261 66502 55115
d 61931 56749
d 81254 87854
d 39974 87547
r 1400 384 92480 80653
d 36105 28700
d 11249 35033
d 85890 35044
r 1800 376 45466 96411
d 2448 37414
d 53635 5912
d 29741 67252
r 1800 186 83335 36822
d 71545 77902
d 88923 84999
d 68826 64808
d 46776 12053
r 1400 275 89106 88273
d 90096 65310
d 73027 17912
d 77676 52419
r 1400 440 98936 87794
d 3086 93078
d 75989 29914
d 26931 94540
r 1000 417 34750 59858
d 88243 45739
r 1000 421 98622 7715
d 99029 57551
d 89305 30404
r 1600 425 9595 92690
d 1783 17452
d 13726 87005
r 1000 139 64978 81264
d 79392 92200
d 33037 76935
r 1800 409 18334 58147
d 14672 43963
d 29464 60709
d 31742 21690
d 82341 25936
r 1200 472 54199 64265
d 29075 10970
d 12194 30855
d 11244 27988
d 87964 80340
r 1800 235 40910 30944
d 84349 16510
r 1400 118 92662 5155
d 84600 20919
d 10454 96441
d 30347 24039
d 57114 45376
r 1000 484 66036 50683
d 28974 89123
d 57740 16851
d 83436 33066
d 74386 8822
r 1600 189 8578 31908
d 49932 97482
r 1600 489 33812 20181
d 74331 19754
r 1600 359 83023 48034
d 51536 15874
d 34093 60785
r 1000 421 67536 41029
d 79281 41286
d 31709 42709
d 7582 31935
d 20104 53620
r 1000 353 86144 20529
d 7256 51027
r 1000 350 44324 92489
d 10683 67713
d 35684 73325
d 59795 47531
r 1200 484 87474 42765
d 18141 4568
r 1000 345 82729 42318
d 40649 65984
d 2871 8676
r 1000 417 15137 31246
d 20311 47153
d 12619 74401
d 73638 95393
r 1000 262 73855 39647
d 68060 15184
d 96887 29362
d 14472 75381
r 1400 208 56018 32817
d 12118 80745
r 1600 188 34226 34226
d 97126 75967
d 81520 57333
d 87336 72112
r 1200 165 58980 98730
d 73025 48050
d 62096 62012
d 46073 98690
r 1800 488 22498 21519
d 63630 6109
r 1600 242 75000 23282
d 33592 89813
r 1600 400 40187 75947
d 96865 32755
d 60287 38352
r 1000 428 5420 26606
d 91547 82066
d 45419 97882
d 26312 66597
d 76518 14224
r 1000 456 6902 97497
d 39421 80926
d 17397 98210
r 1600 238 3225 97115
d 47135 19614
d 78570 2239
d 34874 32412
r 1600 470 80486 6376
d 68552 99035
d 77394 77835
r 1600 147 5385 6133
d 55348 30727
r 1400 454 41281 68574
d 51866 63987
d 23154 33857
r 1600 371 74236 82511
d 58575 56851
d 88586 21735
d 49820 28889
r 1400 274 68687 96004
d 58523 4698
d 55273 85354
r 1200 454 50430 86502
d 35355 57083
d 31377 87446
r 1800 245 80398 64777
d 96956 25457
r 1600 129 40125 73118
d 70927 78291
d 26650 98249
r 1000 343 2273 76864
d 67474 22455
d 65340 51622
d 26117 96767
d 69380 93374
r 1400 496 28186 46641
d 56971 32093
r 1800 376 61734 6979
d 90638 59748
d 89145 86210
r 1400 372 42685 27744
d 57662 42519
d 38754 10406
r 1800 456 29102 1986
d 14210 42435
d 86875 52197
d 11803 87950
r 1600 231 71010 44698
d 91078 57878
d 46301 77239
r 1800 378 53822 95170
d 59447 81185
d 50759 35199
r 1400 201 20938 48064
d 71480 74248
d 28539 7834
d 7344 82645
d 76339 73522
r 1400 392 59303 88887
d 18157 54720
r 1200 294 84669 3407
d 25080 98689
d 44360 82114
r 1800 341 45848 62052
d 78364 79978
d 10169 22536
d 73470 63468
d 77520 38333
r 1000 410 52557 12139
d 63566 55212
d 7171 79031
r 1800 381 94798 32490
d 73407 11775
d 89035 26150
r 1600 428 20436 82912
d 12774 78242
r 1200 220 43056 46069
d 85070 80409
r 1000 344 4867 43769
d 20901 79785
r 1200 499 50723 82482
d 61413 59597
r 1000 334 33533 6593
d 74099 49041
d 17508 21630
d 80887 52899
d 31010 26694
r 1000 352 4048 52334
d 95328 99125
d 87894 37132
d 75199 53526
d 33817 6356
r 1800 264 54025 39391
d 12746 40880
d 22418 92502
r 1200 344 92295 91597
d 34005 34649
d 14855 30150
d 44723 58636
d 93705 41625
r 1800 492 15136 71718
d 48841 92017
d 42600 78042
d 70558 83260
r 1000 226 31181 19812
d 51883 1096
d 87276 70408
r 1200 309 69253 72455
d 25295 81048
r 1200 434 93140 63436
d 3666 48012
d 2355 80456
d 17472 44417
d 659 52250
r 1600 383 36634 56535
d 2363 51402
d 6807 48612
d 66133 92994
r 1800 245 48406 25303
d 83305 21258
d 28787 78948
d 66793 65564
r 1800 378 2873 23922
d 58842 95171
d 20154 2731
d 63890 27676
d 98238 82875
r 1200 291 59565 54134
d 42716 45821
d 56348 16074
d 92517 5000
d 75584 75146
r 1000 435 33043 97904
d 17142 80808
r 1200 335 25154 7928
d 40769 41866
d 41626 48092
d 94484 30118
r 1000 240 94556 95659
d 34082 31019
r 1200 177 54747 2742
d 82396 62170
d 25216 76722
d 31592 3262
d 94143 34702
r 1000 300 24932 42150
d 37215 93114
d 79963 21144
d 11842 72865
d 43083 65071
r 1000 135 78580 15454
d 51218 16340
d 81505 87430
d 17923 38534
d 92809 33128
r 1600 373 14407 78491
d 96200 56323
d 13320 9195
r 1200 349 7419 48858
d 96760 49479
d 2509 95830
d 62400 39077
r 1200 281 42492 13807
d 61387 19155
d 29976 46742
r 1800 178 7410 17062
d 74437 3568
d 48877 16407
d 80836 65852
r 1400 130 88215 72341
d 91021 73897
d 10236 83660
d 12093 49897
r 1000 175 24346 2502
d 89104 25917
d 35944 31105
d 10218 3526
r 1200 371 80374 96450
d 1505 36660
r 1000 241 81187 48876
d 21697 62168
r 1400 489 46540 29919
d 66098 34085
r 1600 302 48692 20538
d 26517 34461
d 14385 87876
r 1200 317 70787 10457
d 85813 20039
d 89000 32796
d 8026 14972
d 77144 37873
r 1800 346 37575 939
d 35172 27886
d 53499 43402
d 53385 17133
r 1600 117 58199 24848
d 78784 30717
d 68715 8367
d 58417 61150
d 42297 97324
r 1000 137 23536 70466
d 29075 96226
d 19219 13886
d 1246 25407
d 51194 5650
r 1200 161 15438 91485
d 45332 40782
d 57374 4785
d 82494 6539
r 1800 277 56982 4138
d 33594 10739
d 31962 82987
d 22409 40628
r 1200 314 8786 98411
d 6449 25351
d 44248 36749
r 1000 490 70482 37144
d 87649 79738
d 36872 87929
r 1200 375 29228 26844
d 41529 75750
d 66816 49589
r 1400 318 69460 13257
d 37440 82884
d 70457 40001
r 1800 482 30640 84815
d 39082 8270
d 42602 40211
r 1400 390 8376 59768
d 96426 97954
r 1800 133 22145 73166
d 14720 58951
d 78303 12785
d 65423 43557
r 1800 323 31366 93827
d 5851 94307
d 71737 35451
d 97621 33194
d 36847 94985
r 1000 123 43310 78364
d 30950 8694
r 1200 299 96407 37675
d 62499 5513
r 1800 213 37783 12078
d 30942 7615
d 32131 80946
r 1600 424 61262 46918
d 29635 67656
d 94933 6772
d 75723 20272
d 55581 30012
r 1600 371 30593 54246
d 62904 15450
d 77819 22826
d 94941 94717
r 1400 151 6038 72728
d 96622 77967
r 1000 401 30032 60147
d 52979 54415
d 45210 25848
d 61935 47054
r 1200 500 70996 98276
d 12161 85631
d 67711 87136
r 1200 179 48706 15031
d 39620 58023
d 58237 83464
d 31365 62839
r 1800 236 97679 79910
d 42387 23365
d 62154 8630
d 98861 98085
d 93032 28381
r 1600 359 79064 59526
d 60027 75873
d 5843 85916
d 80075 38084
d 62994 22151
r 1000 475 14644 97377
d 81245 43094
d 63985 61458
d 75037 68342
r 1200 323 85348 14382
d 19066 68217
d 79657 42741
d 69268 2144
d 28658 51515
r 1600 284 50708 93861
d 95393 62327
d 78684 37966
d 20478 15564
r 1200 117 23300 53093
d 53643 23199
d 68867 46523
d 66109 22384
d 54142 70947
r 1600 444 55107 54151
d 35033 27910
d 47441 45470
d 13415 61065
d 70866 84829
r 1800 389 10138 42531
d 16399 88009
d 37624 67967
r 1800 221 37992 68394
d 62696 64451
d 90023 6780
d 79153 47473
d 82577 73324
r 1400 149 14700 7527
d 70471 12724
d 89797 51745
r 1200 212 75923 62051
d 84793 37485
r 1400 143 82166 28705
d 45284 6440
r 1200 260 99035 38840
d 35026 18029
d 21712 96952
d 68863 26647
r 1800 349 8656 84101
d 8167 82676
d 35591 85230
d 46242 56126
r 1000 242 32827 73092
d 33966 36520
d 62400 22380
d 16215 70643
d 2750 29597
r 1200 497 9916 80253
d 85624 49751
d 78858 45479
d 11269 43247
r 1800 482 86789 7077
d 61258 9605
d 30779 96725
d 82113 29729
r 1200 119 9507 21519
d 21818 92409
d 76529 10980
d 10832 5740
d 72971 85774
r 1600 246 2794 84243
d 23601 67002
d 80507 65749
d 63151 98686
d 22317 40033
r 1400 137 61569 58027
d 58741 36457
d 96797 77092
r 1600 306 43569 33091
d 48908 13074
d 26519 21928
d 33040 25441
d 30504 68036
r 1400 272 99212 21467
d 56084 24349
r 1400 212 7022 52604
d 38954 94749
r 1600 415 97753 67981
d 48018 26116
d 60687 29749
d 2137 93302
d 17547 58553
r 1200 151 84118 39346
d 16589 99047
r 1600 228 83464 72182
d 46320 20253
d 18708 20941
d 50912 29270
r 1000 125 41712 60108
d 76997 61736
d 24433 94706
d 72459 12108
r 1400 368 89608 65086
d 22894 44318
d 39983 53783
d 74618 80069
d 21210 68400
r 1200 387 49214 48451
d 96500 23273
r 1200 223 73183 94658
d 46765 69654
d 53416 31524
d 67351 71096
d 4651 96190
r 1400 437 97315 99070
d 28692 96873
d 41265 78399
d 51047 28355
r 1000 408 13599 32882
d 49957 82780
d 88742 18485
d 3577 12566
d 21240 90073
r 1200 473 68711 7805
d 30493 58173
d 7391 38933
d 40948 53222
d 92707 76911
r 1000 272 62533 17434
d 43036 78718
d 18291 50473
d 37684 92293
d 94269 69101
r 1200 429 66896 31427
d 9995 65846
d 42889 16993
d 86398 38204
r 1200 236 96290 1422
d 31948 50628
d 16540 76882
d 4285 72354
d 93260 74680
r 1400 175 55064 27584
d 78085 3320
d 57479 94091
d 99096 71439
d 98492 35379
r 1800 139 1360 33152
d 4145 67345
r 1200 199 37028 49123
d 45914 14403
r 1800 170 11872 53241
d 80195 84442
d 52559 32635
d 41350 53498
r 1400 437 20982 39858
d 86588 72039
d 97229 61132
d 45382 35650
r 1800 401 9224 9833
d 51380 43326
d 5886 53587
r 1600 488 22738 12832
d 84160 94559
d 8994 84333
r 1600 198 36356 79950
d 93317 34707
d 84422 26071
d 11199 68323
r 1000 411 39618 24425
d 1873 41143
d 17414 25747
r 1200 251 35892 94468
d 79169 41350
d 26626 10525
d 70949 79306
d 51554 36820
r 1600 400 27703 75587
d 12106 23647
r 1000 102 89954 1746
d 25563 18822
d 7726 55143
d 43869 60035
d 45587 16743
r 1000 350 26728 1026
d 49348 76027
r 1200 226 71563 71712
d 13714 13791
d 18388 44941
d 26940 88038
d 55070 17146
r 1200 360 53242 2118
d 71208 38750
r 1200 443 83022 67858
d 17494 25792
r 1200 294 46852 77925
d 42927 95262
d 10892 92387
d 85805 30630
r 1000 342 16183 75251
d 74991 26569
d 95258 74571
r 1000 147 95764 6539
d 78032 35043
r 1000 241 44289 2492
d 95020 86766
d 23093 39190
d 72312 62615
d 3391 99265
r 1200 481 88113 60006
d 16688 3631
d 45795 45517
d 53450 23915
d 70999 17849
r 1200 428 10134 7214
d 4846 7654
r 1000 458 1830 1349
d 56336 19366
r 1800 393 60564 96839
d 47797 43687
d 35227 16382
d 53486 65134
d 3503 21301
r 1400 396 82882 31676
d 77456 66077
d 8572 84700
r 1200 155 71085 38717
d 58424 40924
d 25310 71502
d 65953 94325
r 1400 441 79885 36040
d 99224 27088
d 60031 40630
d 85546 98801
r 1000 131 29251 40521
d 85663 46114
d 47645 89101
d 84814 79795
d 47549 60920
r 1000 269 11787 71041
d 52461 91882
d 7492 27279
d 18255 6685
r 1400 234 22349 26711
d 29841 71257
d 10106 31251
d 32792 35810
r 1600 338 83974 98113
d 35545 71152
d 1727 88458
d 41928 94986
r 1200 239 17177 44977
d 8880 42182
d 86581 72112
d 26814 81467
d 66385 21893
r 1800 494 23531 89805
d 4349 94421
d 4021 83282
r 1600 354 73938 17699
d 33127 73874
d 17346 24703
d 66869 64427
d 27851 82623
r 1200 458 23795 5372
d 68036 84126
d 84888 90070
r 1800 428 84056 78887
d 17866 90078
r 1800 286 12224 50676
d 70993 1807
r 1400 223 77985 55941
d 54431 45085
d 52041 19206
d 11045 43480
d 8997 29700
r 1400 345 64814 69651
d 90388 76788
r 1400 293 80450 92588
d 7482 43984
d 89477 16681
d 57977 86882
d 74881 4634
r 1600 187 30796 69672
d 30695 79008
d 81237 37887
r 1200 413 75603 10284
d 56494 15553
r 1400 412 59580 86838
d 45409 3743
d 57666 67189
r 1000 224 5377 23344
d 37636 77797
r 1200 395 54978 81894
d 40803 95197
d 68588 2633
r 1400 453 43014 36563
d 19100 86293
d 83695 33995
d 3625 55699
r 1600 414 64992 83377
d 29920 29395
r 1200 164 22828 93142
d 57263 1238
d 86415 26250
r 1200 499 42819 48991
d 63059 5622
d 5161 87727
