g 40 40 2000
r 1800 260 58707 42274
d 23813 60981
r 1600 466 32067 33610
d 59810 66508
d 66263 42012
d 41415 46151
d 43499 14281
r 1800 374 73405 28598
d 11785 75674
r 1600 334 8843 57404
d 69878 14312
d 73596 57837
d 68786 62593
r 1000 168 56821 47414
d 32375 59284
d 37682 60977
d 9581 69263
r 1200 238 27835 3771
d 11901 59921
d 8516 24785
r 1600 198 61934 14517
d 18829 23488
d 38800 12939
d 12660 40140
r 1600 329 69624 56129
d 33834 25473
r 1800 488 19276 29936
d 31960 17491
d 20140 1523
d 19970 31905
d 30622 76165
r 1200 409 36958 61939
d 67251 2024
d 54260 56871
d 75496 1212
r 1600 417 61273 78918
d 64237 47664
d 67257 76425
r 1800 491 22278 40265
d 75462 57569
r 1200 377 38515 65849
d 15643 21873
r 1800 158 53406 74701
d 38245 22375
r 1600 108 52522 6249
d 41279 5051
d 2533 33115
d 9723 29023
r 1400 136 65340 22649
d 3572 16653
d 53789 34397
d 42966 36366
d 25892 11020
r 1600 420 17698 69785
d 50909 52496
r 1600 310 55026 3322
d 36327 51055
d 1361 20638
r 1400 178 23043 57487
d 6791 73058
r 1000 218 71276 18327
d 61253 8862
d 2940 74498
d 77326 10567
d 63412 21262
r 1600 223 59668 35516
d 41014 18088
d 45554 36153
r 1000 255 60409 66238
d 39368 65725
d 47166 61159
r 1000 374 7370 4078
d 48531 67358
d 30528 36472
d 33738 6449
r 1200 194 46531 57403
d 7489 39303
d 74653 75870
r 1000 384 6676 62829
d 60386 53802
d 2540 10574
d 33152 40044
r 1400 296 19573 8139
d 23445 9427
d 58993 63316
d 4640 2956
r 1600 424 28336 41542
d 74075 43540
d 22009 74437
d 66047 73453
d 25471 8827
r 1800 199 49021 23921
d 26403 64389
r 1400 107 68724 4473
d 50264 36768
d 10654 3035
d 50895 37410
r 1000 291 8185 39158
d 7319 65049
r 1200 426 53002 55370
d 29469 12703
d 24292 29210
r 1400 475 28806 63445
d 34202 76409
r 1400 381 69494 21230
d 42958 49922
d 58829 75842
d 14614 50819
d 61401 52099
r 1400 143 55068 55346
d 60813 16251
d 66306 47731
r 1800 390 30279 25824
d 47182 25398
d 60733 19353
r 1200 403 54267 42556
d 62475 14559
d 45070 45976
d 59800 17875
r 1200 495 68837 34223
d 41832 9346
d 66689 60962
d 50886 32862
r 1200 221 77502 45119
d 19324 42596
d 26946 54395
r 1600 344 37319 18579
d 42058 42542
d 39098 27869
d 33303 48773
d 57574 25952
r 1200 296 65984 41463
d 40309 52766
d 60671 56433
d 66367 41571
r 1400 409 35071 60766
d 1639 37069
d 39075 45235
r 1800 436 9904 66186
d 62549 71322
r 1200 426 1963 68642
d 63979 14171
d 3590 3287
