g 20 20 2000
r 1800 260 35498 34191
d 23747 36821
d 18841 15427
d 21771 1277
r 1600 466 27696 25321
d 38386 13978
r 1800 374 12779 22578
d 36257 33797
r 1600 334 31569 32778
d 25281 35968
r 1000 168 8014 863
d 6981 19883
d 36609 853
r 1200 238 19578 32658
d 2898 9909
r 1600 198 1074 26791
d 33814 19473
d 4055 21595
d 20447 33793
r 1600 329 10466 7363
d 21086 9683
d 32699 26368
r 1800 488 34711 24747
d 9191 17856
r 1200 409 39060 39390
d 8675 37293
d 24300 7369
d 14377 7637
d 21364 31571
r 1600 417 27068 35628
d 14218 36111
d 36202 25682
r 1800 491 6335 16435
d 3365 15171
d 7223 26781
d 25274 5708
r 1200 377 5838 2822
d 30858 933
d 881 19405
d 26132 10669
d 18249 28729
r 1800 158 17717 6257
d 36193 15496
d 18328 28349
d 17551 29846
d 20219 10265
r 1600 108 32627 28916
d 15728 3086
d 25896 3779
d 13336 24224
d 10966 28497
r 1400 136 23807 22325
d 31722 8132
d 33376 30244
d 5230 14576
r 1600 420 7029 29121
d 25795 29673
d 12772 5389
d 12662 16386
d 28239 21512
r 1600 310 14794 9856
d 28371 22886
r 1400 178 26945 13920
d 2726 19011
d 39272 25698
d 4121 25388
r 1000 218 12013 14965
d 34656 23247
r 1600 223 21373 9127
d 23645 9837
d 9230 28956
r 1000 255 3752 9844
d 21027 37100
d 26433 27922
d 1860 20553
d 32518 1116
r 1000 374 38348 23545
d 1515 21923
d 21457 10513
d 26319 31675
r 1200 194 36069 13158
d 1355 15027
d 18169 24812
d 20852 34065
r 1000 384 8694 19470
d 32655 18858
d 36015 4969
r 1400 296 24947 5795
d 6493 16058
d 32828 20398
d 30401 6236
r 1600 424 13107 27842
d 15814 10917
d 16750 26984
d 1683 3396
d 2572 18299
r 1800 199 1475 18082
d 4598 21518
d 5255 9298
d 7135 29792
d 4287 29798
r 1400 107 25141 11985
d 22163 28418
r 1000 291 39247 11844
d 14634 20439
d 19859 38322
r 1200 426 38279 16740
d 16167 12065
d 7694 30315
r 1400 475 32977 26968
d 25821 3979
d 15699 29753
r 1400 381 14061 32036
d 22672 1001
d 21321 26977
r 1400 143 22801 27346
d 21775 2624
d 35325 1175
r 1800 390 7874 21938
d 13140 17158
d 30742 5519
r 1200 403 2159 38809
d 28531 32015
d 18458 32816
r 1200 495 32867 9775
d 13933 33003
d 6120 7174
d 24460 16810
r 1200 221 13077 36189
d 1124 30741
d 7137 31824
r 1600 344 38226 4027
d 6257 33317
r 1200 296 11360 37787
d 16788 34461
d 4361 15350
d 35756 27264
d 31997 31218
