g 60 60 2000
r 1200 306 51362 62784
d 35342 61087
d 69137 13429
r 1600 460 34842 60680
d 94902 109823
d 41219 105134
d 99827 41082
r 1000 144 14678 36262
d 118382 25802
d 36251 14066
d 14903 103938
d 58388 17717
r 1000 340 1881 29217
d 8190 44906
d 32381 95019
r 1600 219 9274 10184
d 101565 84439
d 74280 53620
d 49066 41401
d 21853 87326
r 1400 299 105716 115890
d 19121 51083
d 110582 106660
d 57519 102553
r 1000 289 24419 45556
d 84094 114849
r 1200 486 64863 70737
d 113956 51751
d 64216 5170
r 1000 128 77085 82810
d 105112 12691
d 63865 83331
r 1000 215 82988 71398
d 21571 88529
d 86559 102965
d 111070 113365
d 27738 53292
r 1800 298 63529 55357
d 6523 37503
d 65176 111994
r 1000 473 38974 55894
d 46385 29844
d 51422 102133
d 5647 42773
r 1600 322 59542 53501
d 112225 115491
d 59696 9328
d 94452 30821
r 1000 454 107618 99923
d 89762 63168
d 89894 13266
d 35014 81552
d 105309 2463
r 1200 238 94946 6971
d 27142 107036
d 3704 104860
d 68245 81559
r 1600 419 45625 16531
d 84357 10889
d 27335 105615
d 85153 12705
r 1200 323 105784 44735
d 113636 84906
d 60813 3746
d 114361 86464
r 1600 262 6805 20442
d 26954 53709
r 1800 168 76037 4597
d 25551 61730
d 113977 15134
d 28156 114303
r 1000 389 43453 32495
d 63081 84590
d 79506 77136
d 77964 77616
d 97200 7876
r 1000 298 5470 3198
d 12004 74929
r 1400 162 1300 63402
d 59884 76666
r 1000 453 22111 678
d 66502 39952
d 47759 36569
d 103452 114637
r 1000 257 31125 50222
d 19049 71495
d 108917 84600
r 1600 173 52367 96864
d 29974 39297
r 1600 142 12415 45362
d 105113 34014
d 76936 43627
d 107127 40692
r 1400 288 81967 63387
d 89737 84222
d 80783 94270
d 115929 77199
r 1400 297 17759 18573
d 30052 95615
r 1800 101 30173 40054
d 67036 20975
d 32466 11925
r 1800 340 80096 16887
d 73532 49699
d 34238 38727
d 9743 103151
r 1800 478 116388 64679
d 82923 91449
r 1600 195 65477 8669
d 80727 17035
d 116678 49217
d 55133 31874
d 61632 107058
r 1400 295 61147 91723
d 96613 60153
d 107638 112515
r 1800 383 48937 4168
d 88706 86775
r 1600 178 93157 90753
d 22937 11628
d 100384 45806
r 1200 431 7276 95745
d 96248 48623
d 104624 9278
r 1800 450 25770 94378
d 13421 89304
r 1200 417 2069 87480
d 20694 67703
r 1600 294 119188 94280
d 37120 96533
r 1600 121 113922 103611
d 16795 15283
d 94424 93819
d 93096 117255
d 60275 58347
r 1800 320 104207 22017
d 85000 104864
d 19974 82652
d 53328 40233
d 1739 90485
r 1400 456 116707 69799
d 76018 56180
r 1000 288 5586 115987
d 73562 89544
d 64378 66045
r 1400 117 19769 86058
d 9758 90422
d 100174 31214
d 82336 118705
d 97517 42622
r 1800 207 25270 62513
d 12094 102454
d 102940 81008
d 110988 44287
r 1800 271 89790 70787
d 4556 31982
d 96820 47615
d 9081 5605
d 115244 112119
r 1000 265 43624 42223
d 20635 37623
d 8479 78837
d 1839 45400
d 70167 17169
r 1600 273 33832 79250
d 74061 28871
d 10128 64497
d 39187 84504
r 1400 383 18657 71780
d 98568 72897
r 1200 284 75158 57628
d 65957 23090
r 1600 262 101771 31014
d 80285 64673
d 64008 112313
d 75325 9492
d 55084 116349
r 1600 257 79212 117927
d 101135 98724
d 5967 107360
r 1200 374 20182 77771
d 74857 9070
d 86102 25749
r 1000 223 10747 15961
d 76520 13120
d 105835 39982
d 78730 3612
d 67271 59287
r 1000 405 25723 119312
d 6049 78173
d 48148 15511
d 81008 53570
d 93049 38249
r 1000 248 84756 49777
d 9770 18517
d 23403 67220
r 1400 441 54007 101940
d 87876 35132
d 73427 10763
d 114927 29212
r 1400 423 63652 17938
d 90195 19131
r 1600 299 86648 106246
d 46430 65727
d 20241 84105
r 1800 106 106315 33115
d 12074 42185
d 21741 23638
d 27451 51611
r 1200 432 56069 70910
d 39644 70137
d 50999 81052
r 1200 103 3604 83556
d 82535 12294
d 4201 80467
d 17850 91833
d 60234 41156
r 1400 303 38886 79598
d 67745 1804
d 51522 33672
d 88253 46664
r 1000 168 87216 74731
d 117063 104475
d 10730 23048
r 1800 144 93983 15320
d 92581 59292
d 75395 65021
r 1000 415 48446 84051
d 25924 43388
r 1600 295 14339 30501
d 1907 102660
d 32779 44919
d 3371 63870
d 5741 109647
r 1400 317 104199 111866
d 49354 54841
d 22557 73125
d 53933 110928
d 11857 94173
r 1600 409 67805 100757
d 118734 100881
d 79076 85284
d 67048 98253
r 1000 161 56735 114956
d 62812 38726
d 97049 49544
r 1600 139 3255 37279
d 40597 41886
d 98686 33488
d 102445 50734
d 60458 59185
r 1600 265 45085 52272
d 114482 100537
r 1200 322 104268 4143
d 100957 70683
d 53917 47262
r 1800 330 108244 80337
d 73437 14625
r 1000 499 86545 12973
d 71292 47919
d 37587 104004
d 104337 80282
d 24926 76786
r 1400 319 75351 102025
d 70921 5700
d 57569 111066
d 99483 70456
d 11242 107153
r 1000 234 33805 112425
d 52573 30096
d 90029 116313
d 81107 88510
d 13448 58392
r 1600 327 34162 99181
d 67445 19949
r 1600 260 28522 101766
d 8965 89731
d 63570 23029
r 1400 235 111553 112137
d 21018 25708
d 32443 45295
d 50714 49515
r 1600 465 102540 18490
d 92761 116813
d 46222 54145
r 1800 203 35069 105626
d 21345 37912
d 118909 90186
d 67125 102964
r 1800 137 3109 78544
d 114177 75102
r 1800 191 25650 29471
d 87654 19681
r 1600 480 2974 939
d 20329 85035
d 87264 91283
d 108560 90004
r 1200 287 96376 46427
d 30058 117103
r 1400 481 38485 103933
d 54228 71137
d 90090 2793
d 44607 11862
r 1000 404 95818 112554
d 76327 108010
d 10548 40502
r 1400 371 67628 55363
d 85243 90057
d 116888 52529
d 93623 70869
r 1200 162 74302 8916
d 73764 5326
d 7151 50238
d 70955 68028
d 113532 43465
r 1400 319 71225 38733
d 94583 4539
d 49751 68629
d 25365 85655
d 45574 91417
r 1800 308 111779 6596
d 27534 103076
r 1400 397 60316 32578
d 9948 112419
d 29999 15469
d 88315 29419
d 30026 40142
r 1400 498 66658 83257
d 96544 3430
d 38297 17665
d 90731 3640
r 1000 309 81423 113452
d 112964 68974
r 1000 425 76088 114554
d 3783 39639
d 115437 115113
d 100011 57407
r 1400 107 94271 11360
d 27701 20549
d 44442 43912
r 1200 330 5167 56541
d 60908 91090
d 64441 102653
d 113093 92558
r 1400 264 78528 19954
d 105193 41808
d 76926 26011
d 51792 8153
r 1000 406 119190 48223
d 63576 30173
d 98294 105648
r 1800 312 71600 15163
d 15343 6809
d 62144 107863
r 1800 382 52011 93749
d 6004 22198
d 81222 52784
r 1200 426 94499 2471
d 82254 43248
d 81677 15364
d 69450 77677
r 1400 481 43087 10083
d 106020 14869
r 1400 417 3151 111619
d 73282 72340
r 1400 467 68862 16091
d 116908 19650
r 1400 153 107257 3576
d 81063 71260
d 30139 77361
d 96475 17436
r 1200 268 54667 77132
d 19044 24609
r 1000 434 99118 13608
d 10448 44385
d 115852 100763
d 2850 67675
d 57595 93580
r 1000 165 75006 107413
d 93785 104362
r 1600 172 58173 34889
d 76164 74705
d 8687 97401
r 1600 469 79600 1671
d 115209 107837
d 70122 88983
r 1200 293 1082 116222
d 101900 13298
r 1000 345 9973 116122
d 28211 119005
d 29933 110970
r 1800 453 91077 34190
d 87803 97476
d 79634 10950
d 76178 35457
r 1400 322 114676 84145
d 118866 74110
d 14056 45502
d 104424 50119
d 104568 27630
r 1000 387 11695 119084
d 45373 107614
d 106233 17094
d 118513 26001
d 111567 25205
r 1400 479 87144 119130
d 118636 75650
d 11058 12653
r 1400 247 83755 5339
d 42448 20200
d 86182 38659
d 87140 8300
d 41635 14204
r 1400 228 38228 84926
d 105644 87270
d 88688 84335
r 1000 475 36450 57284
d 95242 72265
d 58441 14353
d 48955 36950
r 1600 174 42582 22554
d 114102 42665
d 22287 20478
r 1800 494 104690 57179
d 80414 4914
d 39455 112259
r 1800 356 28550 105092
d 82486 10560
d 58126 79664
d 118608 95273
d 92557 17674
r 1000 327 95492 57804
d 111948 39196
r 1200 385 51259 117158
d 113811 23347
d 33815 29245
d 2988 35813
d 86026 111198
r 1200 277 68050 39953
d 19383 80688
r 1400 270 69396 74913
d 26024 67388
d 37621 22933
r 1800 424 98398 97399
d 1177 85003
d 16255 94414
d 6165 113662
r 1000 426 35774 30926
d 98722 81152
r 1400 307 3934 40885
d 112471 14550
d 56473 32058
r 1000 271 43826 25900
d 44071 56034
d 33219 41237
d 109136 100717
d 40878 40765
r 1200 396 69775 77498
d 97663 113166
d 88555 97266
d 98328 67645
d 9921 72838
r 1000 228 43735 12920
d 14176 46150
r 1200 442 100951 14726
d 68353 16516
r 1400 276 66772 113028
d 67813 86808
d 25978 60544
r 1600 150 109143 47070
d 26598 31592
r 1800 454 30491 116093
d 14665 79126
r 1600 292 28854 92274
d 2991 50078
d 58747 95322
d 105357 114456
r 1800 286 83637 78440
d 111445 108566
d 44962 79937
d 26528 83769
d 76750 80479
r 1800 110 48646 110290
d 3069 115840
d 39970 100251
d 44732 114800
r 1800 214 108524 65195
d 47365 37801
r 1800 316 20000 35978
d 14312 83673
d 98762 1320
r 1400 348 47144 98342
d 92034 34945
d 63423 7607
r 1000 408 115141 110568
d 90996 44309
d 43920 5104
d 69387 30974
r 1400 263 56589 5366
d 10929 48479
d 9809 9636
r 1000 339 89819 2318
d 57108 117734
d 8022 105088
d 78137 105489
r 1200 298 5697 30084
d 54830 39468
r 1800 243 118471 107819
d 42754 92465
d 2488 110491
r 1800 168 75712 13025
d 50486 23271
d 112562 84547
d 79078 24913
r 1200 246 53119 10805
d 109995 72887
r 1600 327 79682 70193
d 1529 87323
r 1600 491 14469 16463
d 50224 89755
d 110902 5343
d 97556 105554
d 25973 72470
r 1000 235 8938 52764
d 60971 22922
d 87071 16993
d 24602 43673
d 53364 54223
r 1000 110 7291 10398
d 92095 37219
r 1200 491 78810 80806
d 1634 66056
r 1200 392 16463 112855
d 51151 7810
r 1000 489 21707 100434
d 39338 61223
d 97220 47056
r 1600 279 86956 78049
d 94035 64530
d 59160 38880
d 1090 70423
r 1200 399 113707 101097
d 108277 116610
r 1200 229 45620 9696
d 38030 56047
d 29360 13546
d 60365 11204
d 66300 95665
r 1800 135 68996 109481
d 30803 49648
d 88006 16062
r 1400 478 45780 105220
d 37738 93197
d 1457 20694
r 1800 184 46959 63723
d 18552 48240
d 73665 36792
d 103419 54390
r 1600 362 116219 35734
d 1341 46149
r 1800 309 60860 118454
d 80776 25216
d 55891 38730
r 1600 420 30157 33965
d 63248 115836
d 84396 9290
d 54781 101755
d 32963 1024
r 1400 253 57360 111885
d 62754 9908
r 1200 358 110260 74431
d 42161 9668
d 62294 94708
d 16722 7671
d 85647 101799
r 1200 386 86192 64718
d 103477 81806
d 76865 77900
d 62035 40423
r 1200 200 60343 65545
d 107684 12608
d 105596 23852
d 109796 49403
d 116824 73712
r 1200 485 41692 74501
d 102450 102630
d 44888 114608
r 1000 382 23977 22626
d 28306 87436
d 68850 91324
d 62433 7979
d 58002 42869
r 1400 434 66023 28548
d 81961 34616
d 115641 116757
r 1800 391 4398 16746
d 5512 106653
d 67900 14114
r 1600 187 11033 82250
d 102271 8470
r 1000 138 88423 37296
d 118766 61727
d 65439 71953
r 1600 218 102960 88935
d 112728 91229
r 1200 455 86518 112454
d 75069 719
r 1000 122 90913 99069
d 66424 6305
d 62046 52540
d 84026 55225
r 1200 412 91712 50375
d 12869 57596
r 1200 174 109785 107999
d 66017 93783
d 44556 21347
d 32441 48704
r 1600 177 60779 83282
d 47266 87346
d 108617 32965
r 1600 460 69497 36404
d 39873 24011
d 51355 14597
r 1800 282 35293 43182
d 118008 59138
d 20865 33022
r 1400 482 14497 115165
d 62712 99238
d 111180 60297
r 1200 470 1125 82770
d 100244 31969
d 85417 29966
r 1600 348 55397 39483
d 98256 103320
d 43768 64950
d 17735 31427
r 1000 500 83679 103124
d 10368 71544
d 9509 65325
r 1000 213 113454 107045
d 76566 21822
d 64917 69635
r 1800 410 16340 78877
d 57416 12955
r 1200 216 110851 64783
d 64632 40308
d 13558 107057
d 90665 77369
d 82385 88952
r 1200 119 48928 59269
d 11686 93054
d 58144 24693
d 63600 12279
d 64103 8798
r 1400 103 61580 112420
d 68946 44728
d 42522 59377
d 78731 46489
r 1800 174 48157 79388
d 36545 62267
d 76820 36178
d 113514 101176
r 1200 428 35288 605
d 108802 116519
r 1800 128 114658 26293
d 66503 37306
d 73136 7189
d 47790 103964
r 1400 389 47403 87854
d 32923 30006
d 30436 93811
d 89834 57746
d 107350 84316
r 1800 104 13254 106444
d 99156 14505
d 6432 116175
r 1400 155 111563 2593
d 49388 93500
r 1200 256 95371 119281
d 83096 24214
d 36751 70542
d 30625 92741
r 1400 435 57138 67880
d 54356 81113
r 1400 117 34638 35636
d 93150 35971
r 1400 299 68870 29964
d 16756 25864
d 107413 113639
d 20524 90902
r 1600 358 52378 66792
d 54868 76011
d 81677 115547
r 1400 357 107663 92403
d 15913 52195
r 1800 465 87061 46754
d 110112 15694
d 24135 4713
d 26489 59653
d 55081 85351
r 1000 151 108428 85546
d 68087 65274
d 19987 63321
d 46577 28928
d 8791 62827
r 1600 217 32066 3226
d 34588 61380
d 8979 44285
r 1200 302 116809 13822
d 18499 98027
r 1200 442 20056 113143
d 104621 97990
d 28622 49338
r 1200 484 19354 95595
d 102005 69748
d 4900 41904
r 1400 449 71541 27280
d 12397 115346
r 1200 430 82195 60985
d 86339 52254
d 21209 40474
r 1400 393 71904 111277
d 10752 114338
d 87160 48227
r 1000 231 19721 59176
d 15379 69842
d 33741 45064
r 1200 281 103379 64373
d 53882 37736
d 39273 40240
d 113990 84093
d 28145 101331
r 1800 428 95102 42463
d 19212 105683
d 21561 73576
d 32830 55670
d 73967 105164
r 1200 485 101661 38377
d 45184 59919
d 58636 23531
d 19978 38264
d 4125 105027
r 1600 253 18551 91914
d 78102 86465
d 115591 101078
d 33857 42045
r 1200 224 16818 64647
d 48414 45535
d 4325 90752
d 92880 117093
r 1600 257 47770 29922
d 62244 86719
d 88529 11019
d 100844 77956
r 1200 252 79995 91246
d 8335 22250
d 47641 71875
d 84565 60434
r 1000 444 112709 16220
d 52160 83112
d 112310 29266
d 42303 99071
r 1600 384 12720 76144
d 105890 26041
d 16073 96120
r 1000 446 39652 108727
d 44069 32674
d 6139 47052
d 73096 91529
r 1800 242 93914 94104
d 3942 107225
r 1400 102 28059 98455
d 26143 26597
d 36511 55098
r 1800 365 39785 10630
d 44269 88278
d 1882 49376
d 53333 85526
r 1800 484 84907 71272
d 82469 59811
d 45484 92764
d 70162 73345
d 16586 112959
r 1400 290 30915 92737
d 29621 10729
d 16640 97151
d 12963 67443
r 1400 297 99859 81654
d 83700 108504
d 82344 111755
r 1000 484 93017 36206
d 111632 15931
d 1180 61169
d 24089 111770
d 19013 49262
r 1600 210 33414 92909
d 78964 114984
d 56279 14650
d 46408 63790
d 2479 71549
r 1200 322 68960 43529
d 76921 21387
d 876 77567
r 1400 215 48501 94578
d 85898 53401
d 65050 17152
d 46168 3947
r 1000 160 80390 9716
d 91220 20762
r 1400 147 61180 24152
d 31616 89854
d 41157 77611
r 1800 284 82645 32231
d 51666 92262
d 53139 92555
r 1200 127 67320 35734
d 3426 26249
d 24464 101996
r 1400 230 49789 102364
d 10045 35259
d 102082 19679
d 43003 61820
r 1600 277 25141 16347
d 111262 22184
d 92746 60955
r 1800 227 6695 107059
d 49148 109518
d 14629 46531
r 1600 172 12060 98412
d 111609 36998
d 49259 9700
d 28376 96489
r 1800 426 70161 20150
d 63719 66609
d 34708 4754
d 31319 15776
r 1600 172 97095 16625
d 10192 45854
r 1800 169 26927 39538
d 112680 69939
d 90081 47546
d 31298 54741
r 1000 198 57155 72945
d 31266 12279
d 12479 48856
d 1981 43267
d 35587 54552
r 1000 390 61121 46607
d 65253 52656
d 11594 94250
d 106488 12231
d 15629 69144
r 1800 179 36166 28136
d 21994 45352
r 1400 500 100274 3174
d 78484 59175
d 106084 14395
d 99767 99932
r 1800 296 37941 17078
d 102942 93369
d 118378 106164
r 1600 391 21289 28276
d 91770 107579
r 1600 315 34834 90061
d 79357 15977
d 77436 93621
d 96764 56645
d 36840 74992
r 1000 481 58726 8486
d 91418 61452
r 1400 454 9591 90905
d 69541 86435
d 60842 72596
d 92425 43471
d 116134 44484
r 1400 498 48809 23396
d 113986 101671
d 55825 45946
d 84770 91497
r 1000 169 8337 102899
d 117096 99956
d 33115 54616
d 34949 41692
d 95164 46879
r 1200 477 5738 105110
d 104490 32030
r 1000 371 25608 1056
d 48634 86779
d 25342 52838
r 1600 317 56798 1470
d 75159 85048
r 1400 483 112031 97889
d 91539 103333
d 97778 23104
r 1000 436 116106 58038
d 79886 67482
r 1200 479 73118 3089
d 101064 34645
r 1000 186 48728 11665
d 91350 100496
d 81291 20230
r 1200 270 37794 4543
d 64752 15814
r 1600 312 52267 98824
d 54553 109247
r 1400 216 107198 58252
d 59427 82584
d 66456 62504
d 70253 25317
d 38741 46730
r 1200 167 95238 104035
d 40165 52923
d 33545 35274
r 1400 241 75498 68359
d 115541 56804
r 1600 108 14396 81474
d 44119 69703
d 17003 95557
d 7059 4284
r 1400 218 90533 13250
d 96589 83563
d 41648 19013
d 2428 89988
d 34375 109918
r 1000 500 33050 32183
d 75846 12530
d 75576 2861
r 1600 310 34517 117070
d 116190 80393
d 90478 43675
d 59666 48677
r 1400 424 66100 108572
d 29882 27474
d 56182 85167
r 1800 175 3315 60361
d 88098 3456
r 1000 448 81547 12713
d 78222 80608
d 81606 55517
r 1600 200 65431 50925
d 34798 112261
d 30858 103375
d 110388 4136
d 82253 115979
r 1400 131 9462 67647
d 111779 80245
d 29726 63160
r 1200 178 1647 81287
d 109411 64472
d 27540 92575
d 68677 94699
r 1000 373 113851 117362
d 58040 3096
d 52127 15722
d 85429 6476
r 1400 288 66977 67846
d 79745 46264
d 108868 8499
d 55508 82773
d 89972 13712
r 1600 445 6895 36690
d 17301 25361
d 23743 33231
d 22109 101017
r 1600 170 63794 5139
d 117959 3042
d 57228 57048
r 1400 180 41519 64487
d 54773 85385
d 42279 119132
r 1800 202 15042 54090
d 17687 106701
d 49133 104782
d 70533 90990
r 1400 481 23411 66050
d 39359 110586
d 53798 117948
r 1000 252 20168 51171
d 53555 58820
d 45415 63821
d 68041 96184
r 1800 345 82076 88608
d 93837 39013
d 101755 104284
d 75341 45226
d 5230 57707
r 1200 414 50821 25806
d 96050 59955
r 1000 267 65320 25006
d 22068 112159
d 21412 33533
r 1600 278 87233 25080
d 20397 2514
r 1200 336 111023 44667
d 46082 989
d 65466 41308
d 72389 63983
r 1600 473 88601 97846
d 111674 34443
d 31510 25889
d 55103 70702
d 112372 70864
r 1600 304 73434 33759
d 11392 67566
d 97649 4162
r 1400 159 40521 32185
d 68615 37010
d 33714 96885
r 1200 230 15879 6467
d 15748 69552
r 1200 421 46348 56476
d 46863 64396
d 50205 78175
r 1400 124 99324 58803
d 66328 32448
r 1600 251 27358 73565
d 108092 38639
r 1200 371 49533 8971
d 30836 96791
r 1000 499 89770 113505
d 76386 29155
r 1200 276 104378 105385
d 9377 83411
r 1800 495 31792 100994
d 40357 7187
d 96515 71132
d 61277 70730
d 47144 32034
r 1000 499 104331 74629
d 42639 65801
d 27708 93185
d 40616 117786
r 1000 355 72966 62659
d 95329 39171
d 78034 71447
d 76375 21214
d 119000 109277
r 1400 156 103014 101798
d 79096 50417
r 1000 126 105528 30068
d 98245 20168
d 92686 107375
d 31467 91662
d 19560 46426
r 1200 388 46155 38497
d 86006 3763
d 88130 58478
d 76502 69571
d 113263 36922
r 1200 412 41992 112289
d 114415 106386
d 111264 59068
d 28757 27058
r 1600 462 62238 13932
d 117434 110080
d 49411 51590
d 46737 11464
d 34746 64384
r 1600 472 115280 98085
d 42139 4429
d 43676 30388
d 44662 69037
d 45422 27492
r 1800 283 2957 33788
d 70594 24820
d 93403 66187
d 86940 53163
r 1800 137 21195 20116
d 3157 82447
d 26565 100112
d 85230 96168
r 1400 410 17086 8876
d 90517 11975
r 1400 492 78138 86188
d 44934 88491
d 20434 73818
d 54501 61711
d 31852 81171
r 1800 109 29563 84563
d 100277 33826
r 1200 306 91489 27061
d 18157 96600
d 5892 77733
r 1000 320 49443 99341
d 107113 74623
d 109944 76433
r 1400 294 14991 48520
d 17999 21676
d 10126 11126
d 26066 97596
r 1800 302 7932 23751
d 100107 2918
d 8092 54055
d 33652 60948
d 34704 96757
r 1000 321 16779 86181
d 40381 73799
d 14676 101156
r 1200 322 57262 87837
d 45136 43869
r 1000 103 58798 77017
d 10222 33683
d 98180 19116
r 1000 441 99417 23930
d 15335 52078
d 113480 83894
d 107121 43363
r 1800 160 116730 94560
d 72068 101226
d 105407 77120
r 1800 108 16855 59636
d 38178 5929
d 23095 5201
r 1600 174 41931 97103
d 46637 75493
d 65911 77333
d 109132 8818
r 1400 350 19374 15178
d 70719 3009
r 1400 105 18914 40687
d 9076 14918
r 1200 467 3616 22076
d 35891 94466
d 113330 6721
d 105451 118265
d 101249 54373
r 1800 205 69918 81834
d 85528 68924
d 47077 66104
d 71385 33505
r 1200 115 73621 85109
d 63587 80596
d 12776 11645
d 50160 64892
r 1600 494 70289 106324
d 55965 92498
d 76886 87298
d 43203 31032
r 1800 148 110088 104299
d 115418 80734
r 1800 133 33567 23941
d 87253 55855
r 1600 248 83225 58733
d 59036 68923
d 93349 82228
d 73736 39212
r 1400 214 57468 58345
d 63010 89196
d 49747 92865
r 1600 330 96274 82884
d 65743 35092
d 30765 97927
d 30861 58744
d 83347 43273
r 1400 247 5593 87704
d 32121 28471
d 38446 84877
d 102930 96012
r 1600 448 20931 53656
d 3920 94385
r 1200 396 114602 50888
d 66472 55690
d 105820 116980
d 85310 27924
r 1400 359 92930 82591
d 55468 27177
d 11973 20195
d 37956 48986
d 36845 79309
r 1600 489 118301 81650
d 13410 31874
r 1200 239 103917 24789
d 119060 72470
d 9574 28593
d 50837 3725
d 35285 64211
r 1600 167 90375 62411
d 11781 46598
d 51825 10265
d 109256 117528
d 27596 48598
r 1400 330 62565 3019
d 42508 66875
d 73005 78639
d 109708 28401
r 1000 479 36996 50886
d 81914 60658
d 78161 45335
r 1400 202 93683 63291
d 42733 37948
d 58937 51226
d 110746 114968
r 1200 209 60372 108078
d 55468 20256
d 36260 76567
d 13394 113215
r 1000 166 49265 63014
d 4189 24300
d 51963 94794
d 91196 95234
r 1000 118 23050 14268
d 43434 35153
d 115994 91980
r 1000 287 59543 102314
d 109803 97740
d 75197 44216
d 760 27225
d 23253 59526
r 1000 326 109189 29991
d 43636 2068
r 1200 342 36456 75086
d 95089 30065
d 17424 109128
r 1000 149 16378 110434
d 24150 93355
d 97057 69443
d 108618 32572
d 51291 53807
r 1200 346 89046 30855
d 65666 9169
d 34347 107141
r 1800 333 113721 20140
d 58142 75094
r 1000 390 32034 59909
d 6962 108279
d 58934 37676
r 1200 385 49349 50132
d 44682 53058
d 86809 43697
d 65203 84509
