g 100 100 2000
r 1200 491 135983 156131
d 77903 13263
d 74345 166038
d 12185 51121
r 1400 355 123500 36617
d 70109 159050
d 118699 53059
d 3074 22335
r 1600 287 103178 121090
d 155306 154124
d 58302 113202
d 34931 133731
d 16409 114660
r 1200 236 68713 82192
d 91688 98571
r 1800 353 38331 32882
d 91422 22112
r 1200 127 129445 83983
d 186384 68868
d 181404 140627
d 38666 41368
r 1800 347 19475 185920
d 2264 181398
r 1000 172 86810 97612
d 116246 190860
d 80705 121894
d 99149 187039
d 3586 17864
r 1800 310 85461 142496
d 10096 181876
d 111579 101945
d 78518 99734
r 1800 267 51475 50962
d 105300 119603
r 1600 177 71637 157408
d 155128 54310
d 83016 197274
d 40675 177499
r 1200 478 5355 166825
d 198150 158823
d 145455 199343
d 190911 90800
r 1400 444 120266 32486
d 11498 16423
d 152415 144802
r 1200 426 194843 110464
d 9751 4044
d 134933 83038
d 62311 122560
r 1800 172 43468 45609
d 187128 70252
d 121203 43869
d 70991 21978
r 1600 470 61599 28004
d 145206 33073
d 188168 39886
r 1200 479 107047 168574
d 187143 120023
r 1000 134 16740 60908
d 123133 37497
d 74992 148862
d 148562 34697
d 177856 41242
r 1200 256 119540 164290
d 8410 82656
d 188902 197864
d 98513 7791
r 1200 384 51652 120392
d 13297 189380
r 1800 363 103862 43007
d 51464 141160
d 70061 20025
d 9914 172326
r 1800 447 83265 102229
d 39835 24543
d 111787 140145
d 156705 156419
r 1400 337 81650 82963
d 84113 28005
d 36733 80949
d 117055 128563
d 30715 182292
r 1200 276 34907 36231
d 173695 15864
d 152804 177040
r 1800 357 142932 195871
d 163879 100936
d 155937 145200
d 43562 6774
r 1600 220 29184 153508
d 173931 84640
d 112476 175304
d 189358 121165
d 55072 75576
r 1200 113 131177 164310
d 48097 14408
d 176226 54799
d 180502 142373
r 1000 107 50548 155750
d 60548 44447
d 45809 34332
d 114120 178593
r 1600 463 66324 177134
d 120886 59043
d 54617 93932
d 112530 95015
d 70901 151959
r 1600 342 163549 138781
d 53126 62733
d 62345 194209
d 63396 127469
r 1000 153 178727 166877
d 72573 5987
d 185939 111460
d 179880 87910
r 1000 217 12690 136696
d 83773 146120
r 1400 162 180740 54784
d 187622 198829
d 119860 7848
d 162712 49996
r 1400 311 105611 159538
d 31051 54053
d 157298 121629
d 34668 13033
d 147113 133610
r 1800 117 17041 125699
d 182393 1548
d 85895 33801
r 1800 323 147699 23566
d 2146 47060
d 162523 167739
d 48745 95468
r 1800 364 101885 163137
d 62830 154032
d 106044 193392
d 111549 33217
r 1400 412 12444 186000
d 103920 64397
d 120136 22135
d 32584 35698
d 8115 124391
r 1000 187 154560 160083
d 147684 177622
r 1200 278 58834 19577
d 65759 93050
d 150258 8924
d 196465 20486
d 184895 28341
r 1800 152 110053 73488
d 40813 163660
d 60439 113495
d 74479 116123
d 148880 12445
r 1000 283 26514 63208
d 38627 196649
r 1200 190 132839 53913
d 91331 22558
d 178927 165953
d 41573 64028
r 1400 351 97338 188071
d 53194 39357
d 108532 177339
r 1200 498 180569 10835
d 133668 158989
d 110010 22763
r 1600 330 74001 4878
d 125866 147734
d 105639 147739
d 182003 42916
d 161790 29017
r 1600 174 101870 83956
d 69074 196042
d 134792 175369
d 180409 185317
d 108322 135392
r 1600 365 116531 11756
d 9253 123996
d 72453 189775
d 79435 171876
d 90729 63094
r 1400 259 120956 112250
d 63348 81910
d 64398 142995
d 109090 184005
r 1800 431 171450 157074
d 128087 56359
d 25178 51545
d 108287 149271
r 1400 271 168805 3643
d 181580 156301
d 95670 161794
r 1400 291 114074 172583
d 131782 164418
d 35101 186667
d 147897 114238
d 34690 181946
r 1000 303 95978 108911
d 115297 81852
d 187760 191261
d 140241 181913
d 3675 81881
r 1200 151 136039 98567
d 71807 123424
d 36288 14284
r 1600 288 74943 41526
d 175015 138598
d 40372 98743
r 1400 261 144128 17988
d 87452 162752
r 1400 384 83764 107935
d 12917 183923
d 129985 79945
d 166214 113306
d 181141 77201
r 1800 376 69273 25122
d 162832 185807
d 100161 99759
r 1800 186 20770 147857
d 134946 44608
r 1400 275 116021 167535
d 176156 110880
r 1400 440 57512 175383
d 171903 191300
d 36742 132984
r 1000 417 108154 147238
d 159456 91222
d 22475 155032
d 78677 43866
d 53348 96567
r 1000 421 165879 58597
d 72303 74011
d 186166 124699
d 124450 151078
r 1600 425 69620 48715
d 133925 163296
d 159373 36480
r 1000 139 62116 39066
d 168508 61366
d 114710 152114
r 1800 409 164962 64947
d 85958 184485
d 155367 26272
d 39222 61116
r 1200 472 617 142573
d 74885 140580
r 1800 235 128796 134780
d 196895 140062
r 1400 118 20722 99257
d 113184 94557
d 62201 156811
r 1000 484 2694 43864
d 119787 112000
d 17665 170387
d 35061 55870
r 1600 189 195138 78809
d 103673 38330
d 181813 82036
r 1600 489 6904 9862
d 17345 73819
d 193404 100237
d 121322 144816
r 1600 359 92882 37928
d 17951 23904
d 67515 54971
d 9373 8993
r 1000 421 73899 113162
d 184610 163801
r 1000 353 83033 90131
d 163833 167628
r 1000 350 128008 53091
d 14163 106725
d 27501 152475
r 1200 484 135631 104265
d 35455 183921
d 43685 106434
r 1000 345 173020 193623
d 144275 27078
d 9697 105329
d 8862 162883
r 1000 417 156041 4856
d 12389 40129
d 97874 147942
d 123278 95354
r 1000 262 143470 40048
d 187268 177887
r 1400 208 18003 102328
d 22353 122398
d 108169 164135
r 1600 188 165189 109559
d 190937 170151
r 1200 165 54360 32798
d 194985 60076
d 29117 181812
r 1800 488 88643 72047
d 167205 101517
d 143301 123733
d 140166 114473
r 1600 242 36156 58073
d 188210 150248
d 15566 20407
r 1600 400 164613 85748
d 163947 181285
d 152496 94156
r 1000 428 131347 38219
d 12378 87541
r 1000 456 49699 134302
d 184199 18205
d 59707 25518
d 104347 68596
d 191221 103649
r 1600 238 104114 139830
d 25009 95748
r 1600 470 33802 122357
d 139066 122469
d 107158 160829
d 180413 36989
r 1600 147 33360 85268
d 197310 75645
d 107245 28009
d 182960 101778
r 1400 454 124139 107318
d 165775 175391
r 1600 371 72149 192749
d 64958 85786
r 1400 274 40702 161791
d 95945 12109
d 81507 191561
d 78546 157929
r 1200 454 94722 103339
d 189688 86364
d 111173 158619
d 85049 181276
d 161081 80145
r 1800 245 130993 179957
d 151514 37554
r 1600 129 10090 43388
d 130394 84637
d 11754 68625
d 10952 75669
r 1000 343 43864 192634
d 26157 75073
d 173554 149590
d 100124 108831
r 1400 496 48526 100054
d 51003 94405
d 79873 82736
d 5505 58460
d 178188 37626
r 1800 376 174425 73522
d 31150 158971
d 163567 167193
d 117532 173309
r 1400 372 113702 182361
d 75229 42458
r 1800 456 168955 81707
d 76067 41548
d 107358 52767
d 102479 143208
r 1600 231 113697 134754
d 25102 55079
d 12779 173135
d 75541 198506
d 80205 120776
r 1800 378 47910 78403
d 148109 77213
d 101656 174444
r 1400 201 165174 94697
d 141547 186394
d 105750 191486
d 145645 126629
d 191884 79772
r 1400 392 182570 17090
d 1709 117495
r 1200 294 156497 49329
d 141426 156428
r 1800 341 84807 173703
d 147820 177646
d 110040 114416
d 111777 192346
d 128988 132450
r 1000 410 73903 33259
d 13454 180631
d 106777 126786
d 55525 110885
r 1800 381 152853 179391
d 102775 40281
d 58194 3430
d 149091 58454
d 55396 158629
r 1600 428 23073 100753
d 178043 23616
d 161311 20469
r 1200 220 139514 174397
d 126756 148184
d 92851 19788
d 188852 192620
r 1000 344 105804 198046
d 37621 42503
d 151594 23358
d 155352 33149
d 101087 49095
r 1200 499 187097 56832
d 149540 153730
d 50051 85443
r 1000 334 169264 20838
d 121126 50011
r 1000 352 105580 59319
d 93374 181320
r 1800 264 160226 50454
d 89888 191219
d 14179 143710
r 1200 344 34543 116691
d 77105 60315
d 166940 131389
d 107740 92960
r 1800 492 57244 10408
d 147771 179781
d 88457 138908
r 1000 226 155506 40201
d 48864 38092
d 120741 60060
d 55174 108825
r 1200 309 683 6275
d 85680 98270
d 182781 21254
r 1200 434 92020 122350
d 51880 78716
d 7713 140561
r 1600 383 157156 80568
d 57341 96500
r 1800 245 153283 114078
d 159006 17746
d 117711 197683
d 36418 52220
d 135996 103504
r 1800 378 92595 65537
d 135338 165506
d 150193 168972
d 98178 41920
d 85897 175455
r 1200 291 151721 57533
d 33263 174856
r 1000 435 158688 16663
d 191890 17986
d 21649 29957
r 1200 335 169603 102639
d 115741 196527
r 1000 240 196536 180217
d 121832 37127
d 68427 90752
d 97719 55610
r 1200 177 23448 45441
d 44186 144695
d 136233 180532
r 1000 300 18912 137954
d 133695 55348
d 136605 176200
d 57046 32298
r 1000 135 167452 30234
d 106711 185833
d 186293 75367
r 1600 373 111018 136743
d 115356 193508
d 79157 71848
d 118860 163276
d 53394 11845
r 1200 349 96435 47147
d 184241 71878
r 1200 281 134912 25068
d 127112 104679
r 1800 178 1258 82477
d 64924 194167
d 68664 66276
d 120591 88204
r 1400 130 34319 165096
d 189804 154209
r 1000 175 42921 74389
d 166963 115292
r 1200 371 173988 2589
d 140172 15596
r 1000 241 48934 188734
d 116084 77498
d 188804 137266
d 104926 99465
d 56672 54504
r 1400 489 31482 72072
d 181981 134164
d 104002 167382
d 191963 14978
r 1600 302 153997 11168
d 142949 79762
d 32503 122798
r 1200 317 27810 105071
d 104128 123991
d 45850 45202
d 54467 143596
r 1800 346 30304 99561
d 144230 102230
d 159137 149938
d 104069 132679
r 1600 117 33915 195636
d 73393 39803
d 107936 27067
d 134727 26586
d 21644 169801
r 1000 137 38423 37271
d 31351 67774
d 140274 59202
d 129402 82842
r 1200 161 113187 159420
d 116052 138075
r 1800 277 158476 126734
d 143943 154898
d 107201 95273
d 159518 43529
r 1200 314 99603 196981
d 47340 136798
d 76471 137838
d 26044 21094
d 196551 199239
r 1000 490 73695 165066
d 108234 100470
d 176233 68679
r 1200 375 43618 124577
d 16894 97879
d 187460 79175
d 77699 177255
d 17577 77393
r 1400 318 36048 61840
d 131216 91275
d 174485 114915
r 1800 482 114615 59813
d 70040 179292
r 1400 390 33740 161481
d 162601 38885
d 152971 46434
r 1800 133 136260 197837
d 16653 154310
r 1800 323 2826 126908
d 179211 81125
d 1343 78233
d 148674 88696
d 166455 82977
r 1000 123 11680 23177
d 144364 73001
d 25485 87659
d 188171 88912
d 40622 171833
r 1200 299 70028 169083
d 129711 196385
r 1800 213 123181 153604
d 162850 141187
d 190777 15640
d 55077 146521
d 190596 169636
r 1600 424 89296 168733
d 131371 96496
d 112270 142028
d 77966 67644
d 18547 72057
r 1600 371 57493 78405
d 199022 130544
d 5578 68200
d 152241 24644
r 1400 151 151325 26216
d 99479 148928
d 134554 165868
d 36856 180080
d 9295 104905
r 1000 401 189663 67729
d 85920 132699
d 167619 119071
d 185318 24406
d 139332 143926
r 1200 500 81621 185679
d 33528 154125
d 20090 90274
d 111891 38001
d 190550 143317
r 1200 179 13997 98699
d 177292 5436
d 85279 15566
r 1800 236 116020 153648
d 126638 106284
r 1600 359 151467 193845
d 84708 48794
d 70327 63429
d 8816 181662
r 1000 475 196579 78419
d 162915 133898
r 1200 323 194028 17299
d 18866 120935
d 59108 176206
d 91557 60264
r 1600 284 169453 89436
d 89627 166482
d 42432 42692
d 85790 71690
r 1200 117 104311 179473
d 174174 132571
r 1600 444 198677 139906
d 42231 181600
d 166537 153832
d 65346 75455
r 1800 389 60644 121722
d 149872 197887
d 138980 68115
d 119486 74204
r 1800 221 145258 69131
d 131173 154365
d 95893 12276
d 14314 169555
d 157822 19313
r 1400 149 189786 111931
d 93838 15057
r 1200 212 127897 37361
d 49546 63960
d 125156 91617
r 1400 143 93549 127085
d 29081 51079
d 198256 189389
d 145964 97194
r 1200 260 114189 54361
d 14025 175525
d 18595 110864
r 1800 349 15472 83410
d 43203 111588
d 19170 5927
d 26192 98879
r 1000 242 18791 89320
d 84523 70264
d 20372 77077
d 120814 69633
d 132541 190012
r 1200 497 20315 1781
d 166448 113918
d 48812 143380
d 152049 64863
d 41715 151453
r 1800 482 180859 109862
d 111526 167039
d 98761 143087
r 1200 119 166060 40714
d 160997 160128
d 114492 146628
r 1600 246 18859 110028
d 37421 156800
d 53380 13551
r 1400 137 63176 121014
d 191450 149477
r 1600 306 26981 187598
d 87411 148120
d 23447 107137
r 1400 272 6622 53142
d 30710 11804
d 198604 196342
d 23442 111991
r 1400 212 108415 63847
d 148535 176046
d 157344 174549
d 133543 112180
r 1600 415 79050 106090
d 12747 56276
d 119836 103599
d 105595 129253
r 1200 151 95239 76868
d 109416 99355
d 36359 189045
d 80833 704
d 190576 123488
r 1600 228 174883 35220
d 140602 111600
d 191610 36877
r 1000 125 77484 81571
d 126472 62981
d 52927 168335
r 1400 368 9560 49729
d 142418 163624
d 71516 8293
r 1200 387 103337 143717
d 106272 171085
r 1200 223 35303 10437
d 149190 198327
d 30456 43594
r 1400 437 62451 36085
d 75002 139021
d 174811 2287
r 1000 408 85551 48418
d 88214 109980
d 115812 179642
r 1200 473 63986 166051
d 81794 179394
d 35474 64520
r 1000 272 53735 82651
d 106813 107054
d 42519 55425
r 1200 429 76721 184927
d 179567 164038
d 26694 96343
d 85926 160333
d 141093 56338
r 1200 236 20643 61278
d 6498 176622
d 69507 83660
d 168259 65263
d 191183 47748
r 1400 175 140310 183866
d 19910 10589
d 56661 10933
r 1800 139 192572 150192
d 83892 43209
d 143078 60926
d 124487 95360
d 97897 88368
r 1200 199 190579 174978
d 162448 22331
d 148701 185138
d 134873 179671
r 1800 170 2529 73435
d 129516 164853
d 98984 91669
d 156866 180881
d 115832 34958
r 1400 437 13968 24978
d 56627 149344
r 1800 401 10442 1828
d 143419 34978
r 1600 488 89095 115607
d 70417 21609
d 41283 73869
r 1600 198 140872 148973
d 100620 124715
d 16427 153322
r 1000 411 51380 62598
d 129067 16825
d 67086 96247
d 129954 129631
r 1200 251 123878 141032
d 147792 71266
d 167988 191206
r 1600 400 117477 119826
d 67032 14096
r 1000 102 130990 152773
d 127885 166228
d 70105 31131
d 34220 17668
r 1000 350 111694 124603
d 197165 41891
r 1200 226 18560 174816
d 148569 157381
d 15115 58559
r 1200 360 189450 167664
d 65699 158594
r 1200 443 75766 89710
d 150039 87030
r 1200 294 33402 185800
d 150196 128653
d 49966 185448
d 88511 145876
r 1000 342 31696 147873
d 101668 84981
d 21222 81710
r 1000 147 145910 148002
d 183174 179196
r 1000 241 127857 78971
d 107497 166277
d 152242 148981
d 20748 14896
r 1200 481 7270 169593
d 151983 164463
r 1200 428 90609 68755
d 67876 14332
r 1000 458 193335 173204
d 39870 10139
d 76148 117882
r 1800 393 150381 94676
d 161533 130232
d 105896 32593
d 198469 39578
r 1400 396 174786 98453
d 41761 165876
d 81897 109907
d 86644 54411
d 49569 172134
r 1200 155 20074 127886
d 153415 7157
d 126414 190443
d 115133 156470
d 24471 189531
r 1400 441 51874 2092
d 95008 1598
d 15306 1121
d 37541 114398
d 161844 35577
r 1000 131 103539 88291
d 17475 129702
d 78273 7510
d 36973 28049
r 1000 269 72695 150637
d 151409 143519
r 1400 234 37824 152784
d 76408 92339
d 140664 159916
d 32652 170059
d 171886 82717
r 1600 338 63733 160174
d 148785 31034
r 1200 239 152199 18407
d 1608 127413
d 14014 36021
d 42349 62251
d 24082 48091
r 1800 494 77923 161181
d 197715 113780
d 103155 158108
r 1600 354 112476 24248
d 45312 112210
r 1200 458 178023 75949
d 132766 191845
d 8065 158237
d 3463 21431
d 137445 117278
r 1800 428 28491 68177
d 55345 72292
d 35191 173841
d 163984 81838
r 1800 286 26945 81780
d 155241 114197
d 170500 144777
d 123021 155070
r 1400 223 183954 95787
d 76996 175208
d 151080 155041
d 48738 16739
d 126194 140720
r 1400 345 182792 135415
d 129536 11261
d 189969 92925
r 1400 293 131319 88769
d 195827 55275
r 1600 187 83817 62836
d 95843 18847
d 84475 60863
r 1200 413 171416 114552
d 196165 190638
d 34765 91860
r 1400 412 3439 177761
d 119140 25675
d 121297 60549
d 1278 93114
d 106559 23921
r 1000 224 60876 5093
d 27246 42654
d 2195 36710
d 15521 1639
r 1200 395 52325 115292
d 112216 6532
d 32761 179121
d 96220 38942
d 136426 158749
r 1400 453 30625 54284
d 70128 87679
r 1600 414 1234 26671
d 78019 26251
d 37128 62586
r 1200 164 181400 182869
d 160376 46535
d 122081 151706
d 10806 92136
r 1200 499 45205 14198
d 1350 11290
d 188751 79187
r 1600 319 74873 126760
d 69360 112389
d 193079 19973
d 171998 32942
d 118585 173365
r 1800 318 65088 111943
d 144682 142476
d 128246 160155
d 125236 60200
d 123935 37686
r 1000 137 101554 157911
d 41030 178772
d 63711 27228
d 176307 31656
d 1200 64466
r 1400 165 27155 60688
d 172705 174331
d 111471 142105
d 50520 69773
r 1200 437 98777 169785
d 180801 158691
r 1400 348 15828 34389
d 111805 74411
d 108226 187874
d 138902 173823
r 1000 120 29130 130681
d 184565 188616
d 73401 31410
d 55050 134316
r 1000 455 65247 175249
d 95899 20608
d 113342 77993
d 17392 32623
d 151790 55932
r 1800 491 67021 83081
d 108946 42343
d 63916 31890
d 86351 157317
r 1800 128 138778 16696
d 105068 145315
d 43758 144828
d 151374 12593
d 9511 158895
r 1600 159 151632 123341
d 45869 101299
r 1200 434 43015 14788
d 64201 81513
d 124528 38452
d 140483 163539
r 1400 420 61251 92774
d 136728 14599
d 15287 8447
d 78369 62180
d 193030 4797
r 1600 474 2443 10478
d 148525 93666
d 130339 7793
d 77443 181445
r 1200 370 107692 25267
d 88126 88984
d 72162 128213
d 62352 133513
r 1600 191 71082 70449
d 15915 130868
d 98550 150725
d 115883 158051
d 104953 105685
r 1000 180 66025 128279
d 183094 190094
d 97686 22866
d 143302 76019
r 1400 194 44292 86919
d 138901 45440
r 1600 329 102225 150515
d 176519 43706
r 1200 365 6051 102749
d 68508 94257
r 1800 302 151684 133473
d 78189 183464
d 85056 67776
d 152593 146106
r 1400 239 135817 55563
d 163295 115758
r 1400 411 75396 189574
d 74411 101147
d 32416 75771
d 99312 34684
d 12502 14935
r 1800 175 82037 143694
d 8898 20261
d 129661 56204
d 127199 135848
r 1000 236 134293 21739
d 179179 76028
d 93843 101326
r 1800 373 181294 25575
d 67969 72942
d 130366 71467
d 120024 26395
r 1200 411 110060 108078
d 199219 117602
r 1800 380 71276 173200
d 88074 92579
d 83756 85100
d 66585 194602
d 40375 25295
r 1600 203 156915 55578
d 12910 116464
r 1000 247 97006 196176
d 70039 194380
d 81242 118186
d 43659 129268
r 1400 439 66804 146740
d 177299 173197
d 10478 156622
d 134480 46430
r 1600 221 66305 133781
d 165963 34801
d 58543 157168
r 1000 238 117012 77621
d 99143 139777
r 1800 499 167383 93528
d 119167 85166
d 44279 163255
d 75159 72790
d 21061 82796
r 1400 355 187536 186235
d 10767 193172
d 37961 118283
d 20861 60615
r 1600 448 141252 105179
d 54177 156681
d 73965 198483
d 7882 17897
r 1200 293 171650 165195
d 100397 163981
d 97302 122595
d 55325 177064
r 1200 469 119360 113368
d 176105 118390
d 8138 104621
d 78180 100335
r 1000 337 25202 99820
d 199350 16683
r 1400 366 7644 35576
d 79337 169718
d 88704 136354
d 80106 41842
d 106691 85217
r 1200 476 181678 75065
d 119585 117159
r 1600 151 66676 90596
d 30446 46443
d 54372 35710
r 1400 131 121312 120366
d 167720 31410
d 76272 49999
d 87613 7551
r 1000 373 4389 185947
d 121842 148918
d 133949 108841
r 1800 318 198559 192131
d 134628 179617
r 1400 165 154493 140025
d 85868 197572
d 152727 13536
r 1800 499 77539 43201
d 30444 60579
d 146678 53069
r 1400 498 41270 95633
d 198959 23520
r 1200 251 100043 21348
d 188507 169748
r 1000 119 39555 74130
d 185826 176457
r 1000 455 150336 197702
d 187841 59668
d 8045 143602
d 102110 30475
r 1400 234 96193 96989
d 186946 186771
d 50556 53119
d 77681 69254
r 1600 282 9026 118865
d 36377 61758
d 28602 132605
r 1000 190 177994 34380
d 85421 184248
d 163234 31066
d 13283 21128
r 1200 490 60614 150410
d 27844 91697
r 1800 298 175926 114996
d 2154 31138
r 1400 135 145812 132690
d 16356 194446
d 183137 14861
r 1000 498 89348 31888
d 100436 49137
d 156075 26140
d 71622 39516
d 150259 98802
r 1600 262 10309 76533
d 129701 12773
d 32923 36659
r 1400 119 82694 66821
d 51546 179864
r 1600 339 5822 154241
d 5392 147953
r 1400 192 13989 1132
d 106287 96750
d 157773 92686
d 194800 97447
d 57204 77227
r 1800 487 79797 90602
d 103097 194223
d 127158 170012
d 37110 129789
r 1400 411 22856 58384
d 19192 156030
d 46836 14115
r 1000 391 82985 165613
d 724 169066
d 167985 38894
r 1200 492 39889 119894
d 195616 27919
d 19731 114850
r 1400 401 38425 1000
d 166238 53367
d 4107 142719
r 1200 213 123025 182748
d 196456 165297
d 41695 62521
r 1600 134 194898 157541
d 30362 170108
d 77086 179552
r 1000 243 47008 85826
d 47731 69088
r 1200 354 152522 50651
d 32876 126861
r 1800 250 104372 31242
d 11661 56893
d 93653 196513
d 137591 78904
r 1200 129 169447 54177
d 48507 168060
d 185918 166069
r 1800 334 36179 74077
d 125287 52042
d 14473 175515
r 1600 459 98635 39129
d 52701 89897
r 1800 148 5883 158621
d 126621 69459
d 145079 31919
r 1400 182 97973 153916
d 79187 61962
d 91310 139862
d 166142 55855
d 70472 127537
r 1400 335 68343 182299
d 15595 194347
d 21653 154600
r 1400 261 134081 64093
d 154690 78075
d 67288 53252
r 1000 454 55456 134958
d 23606 23503
r 1600 274 30015 94794
d 96530 22449
d 106473 143797
d 49376 150207
r 1800 498 182218 88431
d 52077 144804
r 1400 127 57475 181697
d 42632 182611
d 2129 72911
d 83738 177465
r 1600 269 61550 192623
d 163849 173534
d 161074 138562
d 88273 123605
d 174733 108758
r 1800 481 125098 137498
d 141944 52029
r 1800 116 136760 70207
d 123305 19415
d 138007 36107
d 37053 180992
r 1000 162 98232 115567
d 41040 57816
d 161637 20555
d 155214 106684
d 140541 144433
r 1600 217 93600 80179
d 79445 194229
d 108737 63211
r 1000 165 173344 10544
d 39222 15339
d 171085 25794
d 174219 56521
r 1600 375 65188 124799
d 164344 103539
r 1000 311 60385 56962
d 59575 185162
d 100687 139065
r 1400 199 64710 105518
d 191797 123997
d 179003 183440
d 113414 106989
d 89314 71290
r 1200 427 132220 147456
d 24505 98148
d 130906 47263
d 52495 108882
r 1000 333 3991 14356
d 92494 195590
d 70051 188755
d 65646 186155
d 178039 22211
r 1200 494 93790 192178
d 145082 188894
d 81329 88896
r 1400 394 186332 11959
d 11968 33900
r 1800 121 108127 132923
d 67019 137196
r 1000 225 193217 34424
d 94006 59079
d 143954 59161
r 1800 495 160671 178752
d 95229 80410
r 1600 478 69775 58770
d 153095 129814
r 1000 387 157760 93939
d 55056 158874
d 112649 31251
r 1600 422 56487 46405
d 148631 100178
d 42341 127627
r 1000 479 184409 78517
d 64078 149816
d 53774 189253
d 68973 91797
r 1800 341 105639 38186
d 90774 56022
d 103288 138437
r 1800 489 36960 80656
d 123868 71750
d 73202 76254
d 157509 30881
d 162254 87568
r 1800 264 70747 78939
d 80036 68347
r 1600 150 103284 171875
d 112658 108816
d 60605 42147
r 1000 408 193810 13207
d 121502 11375
d 131678 58855
d 65557 187862
d 149693 111036
r 1200 253 85221 79792
d 55399 185456
d 5108 127713
r 1200 157 69731 93292
d 133823 170673
d 184631 102538
r 1200 217 3408 97946
d 133851 83208
d 2413 90972
d 5926 36478
r 1800 472 126137 71785
d 69885 193635
r 1800 258 61914 11507
d 12328 11190
d 166448 129977
d 112123 95871
r 1600 131 130736 69994
d 143296 157359
r 1400 465 162727 42207
d 74180 175448
d 2809 90551
r 1400 293 81386 140669
d 62776 115592
d 35937 28337
d 95201 26804
d 111369 161350
r 1800 388 46864 4114
d 20761 161417
d 93231 172101
d 75709 71101
d 140243 137455
r 1200 205 2851 3068
d 65887 133066
r 1800 425 39237 102204
d 118403 14071
d 126405 181606
r 1400 487 153158 118881
d 50843 151587
r 1000 324 184111 106658
d 113278 60783
d 128687 100550
d 142401 61049
d 36082 136091
r 1800 250 156585 21609
d 135327 103691
r 1400 273 31300 174738
d 142424 168524
r 1600 215 89439 78163
d 175161 94146
d 55734 110857
d 80260 31185
d 87812 86916
r 1800 241 110615 193572
d 9069 120368
d 13130 95126
d 4485 36469
r 1800 223 121319 94722
d 126078 33925
d 93788 44375
d 139016 33282
r 1000 319 57082 121235
d 162740 24379
d 146830 92269
d 9153 94722
r 1600 338 158228 163143
d 88946 58931
d 138622 102078
d 166164 51540
d 59974 60020
r 1800 393 181762 129593
d 125029 195014
d 138385 112241
d 150788 68225
r 1000 440 199048 48734
d 67107 46949
d 185305 49165
d 190979 170705
r 1400 424 197293 157440
d 76398 160712
d 48499 55485
r 1000 207 111482 105121
d 122570 158185
r 1000 365 106834 15535
d 181164 149573
r 1800 321 84088 189591
d 75700 50875
r 1800 391 177636 151049
d 25423 54701
d 112027 186819
d 76259 159093
r 1400 223 198084 29568
d 170028 58477
d 147580 69434
r 1400 228 120486 74242
d 165944 105638
d 65240 38368
d 167303 82213
d 111901 56802
r 1600 207 139368 146566
d 83002 4637
d 69123 196350
d 172275 47297
d 66098 41144
r 1800 294 99581 126494
d 40916 163574
d 89849 131186
d 68431 146041
r 1400 178 54307 42914
d 176944 22933
d 73434 81738
d 142816 121697
r 1000 449 131240 94495
d 107078 6506
r 1800 201 87285 24070
d 61820 122411
d 118857 53423
d 131693 86655
r 1200 116 14668 43634
d 57651 38922
r 1600 461 6142 106582
d 69409 8509
d 87843 126908
d 89336 189106
d 88910 24874
r 1000 144 73295 117247
d 139594 66946
d 177386 171617
d 121393 117808
d 81786 163605
r 1800 330 50364 83452
d 122118 97630
r 1400 378 39185 167273
d 199195 183876
d 73103 31718
r 1200 186 178270 58204
d 79371 88792
d 168568 121284
d 83806 112747
d 16247 165983
r 1600 121 179678 164794
d 19269 22784
d 89867 13453
r 1000 471 164353 123100
d 36223 18162
d 145854 172292
d 90725 9074
r 1400 168 108013 135768
d 133409 174044
r 1800 198 96110 69169
d 18100 87962
r 1800 282 140308 20653
d 187348 95713
r 1000 416 68312 8286
d 25149 70294
d 17708 63988
d 28976 157578
d 80164 84808
r 1200 197 105693 29288
d 159079 187548
r 1000 475 98001 31347
d 22984 150931
d 28326 56249
d 187311 89832
r 1000 329 45539 48595
d 160043 19846
r 1200 125 166853 70236
d 195351 19796
d 124154 50676
d 162242 5403
d 88820 169787
r 1600 397 172497 154871
d 30946 176944
d 67538 115654
d 112804 182692
r 1600 404 54464 151856
d 180128 44699
d 76070 76030
r 1600 324 61099 59411
d 93494 129305
d 66497 21632
d 139717 42560
r 1200 273 94791 5223
d 186985 121076
d 183888 131847
d 30086 114022
d 69977 15110
r 1000 322 124277 15451
d 99173 57564
d 22423 41604
r 1000 106 191946 190581
d 114581 173401
r 1400 466 65393 17774
d 138689 132527
r 1400 309 186385 99289
d 164030 141562
d 50156 158513
d 195940 184138
d 141758 25118
r 1600 375 50631 72739
d 182655 148227
d 174596 76686
r 1600 150 99874 8215
d 41834 190003
d 121830 70671
d 134527 157245
r 1000 116 37409 194378
d 120657 111984
d 45013 63515
d 57415 76835
d 45163 43002
r 1800 479 126226 122621
d 60512 111673
d 71992 176579
r 1200 270 58688 99380
d 113699 194311
d 190479 183679
r 1600 339 12031 164063
d 896 151925
r 1400 390 29936 43500
d 159739 3755
r 1600 387 88961 183232
d 153199 174500
d 182190 86428
d 119932 13875
d 156623 140477
r 1400 457 156718 27061
d 198585 196872
d 187060 18797
d 20210 158377
r 1600 248 52967 161868
d 55842 12201
d 99351 50091
d 119967 96843
d 189717 88362
r 1200 149 124901 51176
d 65431 97222
d 153589 133294
d 149597 41681
r 1000 149 54780 34810
d 98799 18223
d 194244 187280
d 161419 167068
d 129439 139275
r 1600 109 111701 82942
d 1947 127120
d 38689 80428
d 5605 173079
d 11301 138834
r 1000 215 196483 89007
d 141655 197001
d 148130 120665
r 1400 399 58236 42373
d 154263 121992
d 50680 150723
r 1200 237 48068 68677
d 71055 48266
d 149458 6746
d 59918 42056
d 128791 160328
r 1200 401 169629 70888
d 162646 170791
d 68101 97180
d 141988 167122
d 88750 44369
r 1400 308 30506 88095
d 149422 37510
d 139864 64053
d 13601 181996
d 175895 21353
r 1000 469 131684 166708
d 41512 8699
d 62556 8066
r 1000 473 36530 69528
d 179852 84506
d 165867 172352
d 150221 164452
d 173116 89682
r 1200 114 153987 127397
d 196698 37905
d 127447 84939
r 1400 101 174570 188425
d 64043 138745
r 1200 208 137185 4948
d 53258 9285
r 1600 416 61945 110563
d 37900 11494
d 178840 42949
d 6258 158240
d 103310 79087
r 1200 203 40740 9613
d 172150 109463
d 188228 75503
r 1800 440 197855 110309
d 198161 70491
d 95908 180013
d 50026 93341
d 59227 165731
r 1400 296 168513 7277
d 41353 191400
d 56106 150267
r 1200 161 7834 175732
d 140559 161677
d 33404 100345
r 1400 210 23959 79451
d 32243 153252
d 84167 189659
d 149513 77883
d 178836 26770
r 1000 427 11863 147257
d 38272 198162
d 87539 138530
d 106555 24423
d 168327 26259
r 1200 344 137320 47742
d 162107 183289
d 130851 37538
d 192984 69000
r 1200 188 173164 33201
d 29593 40602
d 182057 1121
d 59236 86685
d 45664 88312
r 1400 142 123547 195666
d 25167 1927
d 167889 56550
r 1200 436 62328 188639
d 137381 17685
d 107165 53212
r 1400 229 13053 5019
d 29230 137204
d 157105 72629
d 140216 165886
r 1200 365 149696 103178
d 23466 156946
r 1600 216 21895 151175
d 105921 113341
d 189120 14203
d 44616 196923
d 36488 68015
r 1200 129 144941 81212
d 145987 83132
r 1600 310 161224 1799
d 37440 43060
d 62353 9258
d 159297 30208
d 26365 133753
r 1400 275 18423 91987
d 9637 43564
d 95057 169661
d 109992 56684
d 191118 171915
r 1600 122 190752 40536
d 68101 30420
r 1200 151 115256 30246
d 37417 21755
d 54761 62199
d 71560 6234
r 1400 101 56627 28682
d 73299 150324
r 1600 142 39355 27270
d 85573 90102
d 34793 100859
d 4662 42464
r 1600 105 45138 145847
d 71405 43029
d 162645 88800
r 1600 290 51453 144860
d 172317 51166
d 148244 50941
r 1800 120 97123 2511
d 149962 152568
d 20060 156481
d 159749 79874
d 131631 156760
r 1000 340 16793 135237
d 57859 148951
d 108552 149660
r 1800 179 177331 184683
d 143271 4943
d 112343 134047
r 1200 417 80308 149772
d 135207 23706
r 1200 486 9064 162259
d 128175 70449
r 1200 410 105757 4441
d 32140 179415
d 135403 13593
r 1000 462 54419 136802
d 170560 105548
d 162414 178043
d 43704 88378
d 41463 147546
r 1400 483 41817 174131
d 45316 96809
d 163511 69545
d 74522 186214
r 1800 221 121339 9088
d 2852 169891
r 1600 294 146459 143411
d 133773 42642
d 83954 91954
d 110810 80388
d 90519 195849
r 1000 465 195112 65303
d 140362 71870
r 1600 303 158545 88593
d 36568 26456
r 1200 135 44861 166187
d 72478 102137
r 1200 393 130251 18369
d 45658 70943
d 151223 109026
r 1200 494 33012 94413
d 170617 104424
d 132140 102565
d 168637 65372
d 37338 19549
r 1800 318 120028 156914
d 80856 44608
d 99253 160258
d 46136 96378
r 1600 107 139246 66405
d 45246 67516
d 123964 186690
d 183888 135143
d 67790 56032
r 1600 417 159593 116583
d 123777 121865
d 90846 119619
r 1200 173 16281 129740
d 98103 164419
r 1800 422 114522 110806
d 105957 57679
d 176256 175443
d 29612 9188
d 22785 21915
r 1000 442 147017 119426
d 90800 177687
d 90478 30582
r 1000 419 18584 81913
d 52834 75571
r 1000 341 190494 50593
d 132689 48611
d 157169 131097
d 6838 86380
d 16530 35284
r 1800 378 153329 176617
d 97777 152347
d 124923 181843
d 80203 55249
d 12484 165975
r 1200 295 110986 59415
d 10427 87307
r 1600 353 14774 27359
d 101624 167645
r 1400 282 92479 164799
d 28265 57945
d 148883 79017
d 110726 137482
d 23645 129166
r 1400 486 121955 147378
d 137607 2335
r 1000 189 76017 114824
d 136788 142573
d 109038 76567
d 173448 15549
d 65749 9476
r 1200 114 125616 58024
d 50895 134520
d 95395 122478
d 189533 9648
r 1400 334 57016 3002
d 106757 9086
d 37486 134110
d 15245 186279
r 1400 252 23391 123711
d 108788 146341
r 1400 218 188846 80849
d 9468 131464
r 1200 188 66112 189730
d 121375 122219
r 1400 441 106426 71054
d 120690 52745
r 1000 241 52721 167300
d 98267 100697
d 54019 160257
d 81666 19128
d 60018 78554
r 1000 490 143649 35241
d 16147 180252
d 810 161713
d 195845 119804
r 1200 347 198180 161726
d 74807 97425
d 65296 173571
r 1400 221 147571 28439
d 23918 157420
d 34485 60841
r 1600 386 99244 193524
d 178604 83790
d 88674 19835
r 1000 310 42135 4964
d 93775 63358
d 37334 182110
d 92583 53762
r 1400 494 83430 169643
d 2062 150390
d 178216 118861
d 82517 53700
d 104364 88238
r 1800 157 191241 20589
d 94536 50932
d 175787 146405
d 131086 12582
d 75168 86044
r 1000 470 57200 161719
d 136962 106050
d 169551 138065
r 1000 202 31416 135367
d 123709 49245
d 78635 97328
r 1800 321 138710 111015
d 4088 192214
d 171525 86854
d 7701 122922
r 1400 188 196897 874
d 99834 18710
r 1600 354 85549 43139
d 57608 116350
d 183263 55987
d 122118 187083
r 1800 487 123047 188229
d 9734 125070
d 79887 198912
d 94366 139336
d 26831 134887
r 1200 253 10060 170365
d 107788 98937
r 1200 232 54532 95773
d 34678 138550
r 1200 473 58688 35559
d 125945 17536
d 194029 166592
d 187166 145100
r 1600 317 30815 115722
d 105567 22324
d 188288 192644
d 86675 162888
r 1400 362 6833 162926
d 190790 16513
d 46876 87860
d 19992 75933
r 1200 208 181380 168863
d 72223 11384
d 44405 96858
d 196018 167715
r 1200 446 169589 33600
d 180077 49583
d 95949 129405
d 148047 178427
r 1000 382 121930 175819
d 194683 169523
r 1000 195 147963 73517
d 174896 38598
r 1000 317 78166 85029
d 149840 67685
d 146826 88454
d 45210 40492
r 1400 168 59944 104326
d 66427 115567
d 176767 33754
d 184149 93286
d 188782 35009
r 1000 171 32535 47337
d 152083 153772
d 82590 73815
d 194251 110851
d 11461 99626
r 1800 447 107607 101173
d 146530 86647
r 1800 465 107513 150224
d 62643 45199
d 170714 198687
d 51208 160089
d 98183 161501
r 1200 314 109784 143107
d 153689 66596
r 1200 441 179374 22078
d 188021 116650
d 9858 161467
d 105100 74111
d 69955 11901
r 1800 260 48529 25027
d 162468 17069
r 1000 445 150602 108650
d 39329 52004
r 1000 423 15493 91015
d 32306 181119
r 1000 442 24777 103707
d 66969 175429
d 42741 55205
r 1000 195 194723 72199
d 19233 63192
d 106733 58995
d 513 79180
r 1200 109 196828 64910
d 197475 89775
d 84405 34758
r 1600 232 116784 95878
d 66710 18238
d 63536 81993
d 168031 121111
d 18281 117691
r 1000 494 144382 54518
d 30998 56790
d 163905 52402
r 1000 165 134204 123737
d 1879 142458
d 62370 139279
d 33488 103801
r 1400 305 15759 19738
d 15856 166894
r 1800 420 146062 101307
d 76079 7373
r 1800 176 43385 107487
d 14030 108553
d 63084 93281
d 81060 8020
r 1000 366 171287 119961
d 16143 181565
d 97353 1436
d 113396 121570
r 1800 238 170893 195426
d 154797 78660
d 167546 156924
d 157762 57664
d 188367 172769
r 1800 453 106020 67936
d 149688 49530
d 173145 130946
d 191372 76534
r 1600 249 178283 142983
d 28850 54121
d 178392 60654
d 90295 69838
d 180698 132284
r 1400 334 19743 27294
d 44220 62182
r 1200 233 3740 193597
d 82129 155172
r 1400 194 159589 70122
d 148501 832
d 55764 45209
d 142027 18704
d 155256 135461
r 1400 288 156249 53133
d 81358 130942
d 139601 58893
d 21713 157511
r 1400 253 6522 161234
d 108712 146064
d 840 77331
d 69595 83943
d 107906 105289
r 1000 116 32474 141143
d 177478 147678
d 132281 48038
r 1200 473 80208 59523
d 167808 61785
r 1800 248 182370 13610
d 119587 91796
r 1200 137 18371 14499
d 8986 41455
r 1000 239 133666 138308
d 97732 11841
d 191338 113454
d 163686 184365
r 1400 304 53983 176818
d 106726 130908
r 1200 407 37649 198123
d 195865 184528
d 185135 54882
r 1800 103 147334 80016
d 198548 97161
r 1600 249 194038 192844
d 152229 79106
d 11489 183732
r 1000 228 61477 85450
d 162911 114436
d 158157 190889
d 119280 163427
r 1600 283 148874 11096
d 120329 110986
r 1800 214 88636 191262
d 193625 87336
d 64108 115545
r 1000 126 123941 130255
d 5937 162502
d 69106 199183
r 1800 395 41022 141574
d 193667 13210
d 103937 141323
d 154058 139259
d 108883 70762
r 1000 379 139234 181454
d 119169 64335
d 68965 120342
d 144032 155887
d 47936 91036
r 1400 186 189335 146199
d 171436 128840
d 103103 171614
d 81969 110354
d 155981 148490
r 1800 124 192042 125818
d 165699 42693
r 1800 253 136419 90943
d 154387 174264
d 151051 152341
d 180306 159834
r 1600 114 88904 143339
d 106333 14292
d 145991 157379
d 66251 57849
r 1000 129 146599 54418
d 145758 103493
r 1800 207 128409 155867
d 40623 194488
d 19681 137445
d 178019 106680
d 101341 135888
r 1200 272 112615 30244
d 57011 24946
d 103030 74373
d 47428 93352
d 89420 66643
r 1800 167 194811 48151
d 121568 122302
d 46684 89659
d 42119 107597
d 93736 158210
r 1800 103 172044 142215
d 65395 137243
r 1600 215 167961 172138
d 43281 63424
d 153094 40272
d 59474 87813
r 1800 471 100797 109891
d 100200 132431
d 126892 81280
d 39444 57418
r 1200 174 161616 75845
d 143191 52141
d 129175 77747
d 114572 9664
d 10687 102228
r 1000 179 159843 156105
d 54589 56304
d 174489 88262
r 1200 457 48993 18434
d 87300 3829
d 42211 165770
r 1000 123 16969 184524
d 89128 175504
r 1600 172 153751 99950
d 43078 152653
d 44948 194807
d 79652 103697
r 1200 447 121770 48680
d 147510 72099
d 158863 141604
d 68421 171451
d 62925 152644
r 1600 417 162962 166915
d 21896 79822
d 199107 185728
d 1530 44364
r 1400 222 27446 40350
d 57873 196011
r 1000 120 185934 183455
d 124392 184182
r 1600 291 105808 92924
d 1837 82421
d 71576 138086
d 25098 107724
r 1600 330 79378 4027
d 67025 184192
r 1600 268 61519 46186
d 62528 49532
d 110835 144122
d 189676 131193
d 99085 163054
r 1800 201 120865 79873
d 54948 123843
r 1800 336 124945 6974
d 177051 139573
d 190440 168731
d 14141 73369
d 6726 166445
r 1400 454 89799 60886
d 185605 37037
d 32356 3295
d 59907 70917
d 29712 19425
r 1600 153 35092 144936
d 159026 165963
d 11385 120351
d 7919 95194
r 1200 283 87246 103291
d 131915 3856
d 38883 157814
d 44140 107164
r 1800 436 128815 32992
d 58044 82344
d 155294 24300
d 161573 98431
d 176705 66506
r 1200 476 114034 164439
d 153968 164610
d 180488 73096
r 1800 358 88304 20481
d 16640 194313
d 135145 70383
r 1200 197 7824 100614
d 181927 54170
d 16411 119703
r 1800 194 13727 109084
d 29825 198421
d 99906 27364
r 1000 375 15483 189529
d 34878 37785
r 1200 424 180042 103451
d 192868 141389
r 1000 423 166998 45121
d 20074 95893
d 33471 157024
d 8584 189450
r 1200 150 73616 61745
d 125534 167479
d 121684 85782
d 55889 7712
d 73438 77945
r 1600 370 138923 194275
d 169313 103001
d 194678 84400
d 61562 172103
r 1200 383 151234 72229
d 120018 38415
d 35197 162700
r 1400 415 45120 60601
d 152235 88461
r 1800 228 154912 181435
d 87680 143858
d 36448 70747
d 119081 39987
d 89145 141615
r 1800 424 192647 10165
d 155628 197421
d 48605 98242
d 136664 136533
r 1200 500 147988 105231
d 197815 101548
d 7392 80006
d 171345 106314
r 1600 124 128722 151848
d 22930 31797
d 64505 101882
r 1400 132 160830 80192
d 85329 11631
r 1600 207 37561 179350
d 193596 102327
d 108031 177966
d 136262 33335
r 1200 419 120114 182579
d 178118 76468
d 127362 152568
d 32054 169096
d 158602 49204
r 1800 453 117050 44636
d 149219 159761
d 134992 55993
d 22877 2888
d 28383 23753
r 1000 383 53353 71777
d 193715 198597
d 1591 14743
d 144083 43076
r 1400 135 72307 180013
d 88989 48706
r 1000 378 67293 64536
d 23475 95897
d 113129 171027
d 148730 20458
d 123981 180338
r 1200 429 130779 106185
d 23875 196066
d 101991 194470
r 1400 492 152380 159426
d 98362 42546
d 97425 146614
r 1400 416 10763 156381
d 14435 132008
d 188731 127373
r 1200 450 58713 143507
d 83327 58585
d 142394 155014
d 847 1228
r 1800 126 162757 110033
d 19689 24679
d 58954 85373
d 181558 68802
d 39773 31426
r 1800 272 176530 5252
d 93186 168016
d 50220 104521
d 59135 85692
d 9077 32952
r 1800 312 62334 156241
d 177009 4721
d 31920 33038
r 1600 283 47588 167828
d 103223 110019
d 16039 118620
r 1200 259 28896 102998
d 56402 35571
d 167753 88811
d 148294 39290
r 1600 201 190579 84548
d 142533 176074
d 78721 51806
d 84917 73667
r 1800 398 101839 176786
d 121251 187583
r 1200 135 12019 128983
d 128274 150686
d 21318 196226
r 1800 106 187722 162697
d 161425 64716
d 47623 46468
d 71588 35408
d 6164 31174
r 1400 473 78538 46799
d 177336 168193
d 195785 193899
d 195628 88163
d 68126 6284
r 1800 219 142511 156514
d 98420 102088
r 1400 429 185432 63847
d 117087 35773
d 33487 73707
d 117918 25367
r 1200 492 119563 21397
d 151023 12622
d 40611 61059
d 17207 139965
d 191466 167207
r 1600 278 31357 167356
d 183619 49917
r 1800 395 21129 42746
d 43542 108088
r 1800 138 117340 137792
d 117790 172310
d 9555 101327
d 100433 27361
r 1600 229 19541 158896
d 191560 51726
d 140069 29291
d 197606 193139
r 1800 153 91363 140201
d 199040 104423
d 130468 83958
d 3465 162966
d 161374 114090
r 1200 154 70934 108262
d 28026 39994
d 195832 36678
d 101551 56335
r 1000 154 8592 125202
d 20412 29380
d 75664 150676
d 165048 83167
r 1800 148 112452 5415
d 132438 77909
d 34764 105667
d 192713 111062
r 1600 341 57537 109784
d 145183 128771
r 1600 454 122718 40759
d 120562 198232
d 81539 52314
d 66056 50850
d 148569 44416
r 1200 126 82946 178475
d 27082 73683
r 1600 467 174839 10810
d 23966 122049
d 71432 145658
d 77599 193249
d 21106 126955
r 1600 357 28470 20587
d 199174 83692
d 178923 146883
d 23632 91526
d 105463 31461
r 1800 250 17087 64891
d 22966 76421
d 197464 114212
d 105740 100351
d 179775 140575
r 1000 104 147682 111070
d 111343 90900
d 4918 44074
r 1600 472 164408 29814
d 85938 119754
d 63311 86823
d 154130 95923
r 1600 411 39309 53385
d 197556 23681
r 1800 211 150924 119912
d 70961 86623
r 1200 334 108825 93393
d 90331 111782
r 1200 312 70822 90034
d 57711 175993
r 1400 417 117317 189376
d 90520 44017
d 101818 24225
d 126214 26444
r 1600 178 43729 99454
d 164908 132695
d 117066 40414
r 1600 167 143347 161358
d 57170 95902
d 29468 12517
r 1400 395 88619 26901
d 87613 70120
r 1600 400 57027 69875
d 31136 135636
d 15634 152825
d 36845 111957
r 1000 478 135648 7871
d 193694 89939
d 103365 133111
d 158159 41973
r 1600 148 180822 134242
d 63195 93480
d 37233 138431
d 51819 52135
d 146353 64421
r 1000 316 184265 46160
d 33805 159095
d 48518 77981
d 11889 5236
r 1800 358 82177 28526
d 45236 111472
d 30642 177020
r 1800 492 118841 186046
d 96190 55021
d 53687 99049
r 1800 215 21193 104370
d 8806 82295
r 1800 228 43494 136934
d 151297 181498
d 43071 29369
d 136771 167377
r 1200 172 54617 64223
d 72223 28145
r 1400 433 52384 109117
d 61917 108983
d 153115 92588
d 99145 27961
d 78848 70945
r 1200 115 26606 36468
d 56547 133035
d 53085 23942
d 106285 78593
r 1600 184 21163 68729
d 168358 58719
r 1800 414 113700 72882
d 156894 59612
d 94575 104284
r 1400 461 188849 141167
d 137216 118764
d 176059 136152
d 31656 110546
d 122577 29600
r 1600 480 51157 29234
d 157000 97178
r 1600 280 79002 41187
d 136451 128922
d 50822 34721
d 16852 160734
d 190863 20728
r 1600 132 44184 81547
d 44352 76479
d 70134 101803
d 166248 134294
r 1800 477 39258 192292
d 42135 65186
d 12210 141985
d 55769 190375
r 1600 210 169924 149005
d 181797 2515
r 1000 385 76042 95810
d 55502 92548
d 198293 190544
r 1800 159 76230 9820
d 116501 55649
r 1200 229 175384 17066
d 103025 43629
d 137004 72630
r 1800 234 184808 166201
d 150525 52870
d 97192 27314
d 149048 26971
r 1200 478 168658 114507
d 80595 160778
r 1000 301 198741 46269
d 155811 178033
d 45785 149067
r 1800 109 6187 84024
d 86905 1807
d 25687 36322
d 84614 164880
r 1400 219 23302 117311
d 96029 65760
d 169630 155151
d 90672 139578
d 130543 102638
r 1600 214 164949 149431
d 134283 57170
d 14222 31790
d 19665 164531
r 1800 213 61986 32396
d 2430 167659
d 184278 60555
r 1800 419 116493 159813
d 163938 43054
d 169776 4844
r 1200 484 20967 33141
d 29835 39240
d 14806 118276
d 171220 48702
d 25372 49154
r 1800 180 129777 22661
d 159827 191139
d 75580 118829
d 131401 197099
r 1400 144 174941 69206
d 52108 16815
d 98046 67485
d 32949 8941
d 74400 62854
r 1200 377 114602 113157
d 101986 157858
r 1600 318 7096 25431
d 25142 44569
d 5175 185984
d 51732 26903
d 113340 16630
r 1000 327 136822 169622
d 188217 151234
r 1800 167 154863 67874
d 102693 195455
d 18506 117503
r 1800 306 72250 77091
d 152186 140701
d 13765 17997
d 8941 43874
r 1600 217 152700 30371
d 150529 30195
r 1800 404 24577 177505
d 178732 53056
d 51159 144394
r 1400 274 132349 99640
d 110848 85333
r 1400 459 89158 161043
d 137080 110608
d 149035 153004
d 28800 106809
r 1600 104 85374 127972
d 146695 183179
d 58484 119170
d 71592 132878
d 147766 16080
r 1200 470 96349 133055
d 12053 50412
d 114815 65985
d 186960 83530
r 1000 396 88208 153235
d 46002 118180
d 26968 54130
d 109284 27341
d 187089 79139
r 1400 367 77942 29183
d 148135 53749
d 46342 61968
d 144375 87891
r 1600 467 73092 48287
d 164397 153656
d 109290 87439
d 30293 101353
d 154524 2601
r 1600 323 122973 173162
d 178319 3152
r 1400 286 119256 110290
d 48304 145277
d 93415 12855
d 68831 73130
r 1400 162 27058 94852
d 73773 130150
d 37160 26914
d 146515 141666
d 158672 142640
r 1800 306 118084 171698
d 25913 107709
d 133150 29300
d 65346 45231
d 23739 184035
r 1000 328 73263 98529
d 115625 85913
d 163105 49829
d 38643 129875
d 83285 98051
r 1000 289 153710 54841
d 31367 195066
r 1600 328 191136 44444
d 7061 185952
d 53419 44243
d 188040 2961
d 179502 87186
r 1200 400 108095 116892
d 160589 23032
r 1200 464 158371 185069
d 141578 85249
d 171618 189398
d 12235 25767
r 1400 383 188835 12428
d 93767 126133
d 6394 136150
d 188420 25738
d 24989 167822
r 1800 394 75053 85456
d 49681 123380
d 127082 58213
d 181112 188584
d 23946 186161
r 1800 462 61530 7591
d 191470 57641
r 1600 172 132333 44132
d 42471 77345
r 1600 486 113439 149117
d 184473 50197
d 27420 98673
d 170630 83040
r 1000 155 60483 125833
d 148676 31585
r 1800 488 44649 67580
d 190885 194532
r 1600 116 75919 37819
d 127735 32746
d 152679 47435
r 1000 262 91855 27679
d 146992 196996
d 37936 39358
r 1400 275 143712 76452
d 4677 11332
d 128791 107381
d 90775 192432
d 120969 91495
r 1600 232 48525 143214
d 48218 163033
d 35628 24377
d 13603 171071
d 40267 31646
r 1600 116 85600 29197
d 131742 82175
d 64766 99386
d 72217 128161
r 1000 306 187530 5000
d 108365 102789
r 1600 214 142273 169742
d 44297 3270
d 50128 112845
d 130038 127252
r 1600 373 184499 194547
d 198795 73268
r 1600 456 165489 184821
d 91577 118667
d 97463 38728
d 61250 198156
r 1200 288 47485 92604
d 196701 110677
d 189840 173982
d 133543 188223
r 1600 279 176381 154118
d 108342 122494
r 1200 367 75295 16621
d 123653 129899
r 1800 132 52014 21063
d 133094 85185
d 97538 88370
d 38143 88341
r 1800 445 78797 124345
d 152790 173202
d 1306 77506
d 120349 97294
r 1400 286 33189 7224
d 143112 136805
d 138229 112343
d 99567 41675
d 7921 81383
r 1800 147 127699 8595
d 96572 146712
d 43711 115683
r 1800 151 51043 23115
d 74069 164687
d 24155 166846
d 57060 169903
r 1000 119 1091 33963
d 175930 131503
r 1200 207 164179 34873
d 178811 123349
d 184994 66284
d 81721 42377
d 47514 65707
r 1400 256 100191 181683
d 127145 174143
r 1800 271 180028 160755
d 103598 48667
d 11030 37271
r 1800 269 4050 138231
d 73968 26346
d 80139 50268
d 61255 67593
d 4076 138257
r 1600 390 18571 116583
d 18592 38166
d 17595 178684
d 57809 131097
r 1400 412 134495 110169
d 133645 61880
d 10931 193244
d 54387 156432
d 79113 85068
r 1200 134 105560 72920
d 154384 81105
r 1000 318 173976 161134
d 72803 105514
d 165372 149185
d 160350 83937
d 155073 177250
r 1400 205 123589 89370
d 171298 124342
d 88997 34725
d 42469 11626
r 1400 412 90715 75005
d 184920 134313
d 32978 31294
d 39056 111921
d 105539 105143
r 1800 412 70588 12442
d 31218 16119
r 1400 186 128743 173869
d 76104 169795
d 195654 111244
d 95564 74797
d 81698 93674
r 1000 200 66821 59960
d 6931 130839
d 141554 142203
d 20756 97010
d 98005 61999
r 1800 241 186814 26657
d 13040 94916
d 23407 165522
d 169028 105027
d 157607 106850
r 1800 494 26863 22966
d 169869 31361
d 192177 24974
d 191280 81106
r 1400 135 9692 13209
d 110557 198843
d 91851 47283
r 1200 458 161326 171484
d 20987 25324
d 57291 123650
d 81293 159894
d 13171 79322
r 1200 264 47621 159958
d 156370 77618
r 1800 421 90390 86352
d 66461 137477
r 1400 422 97085 166486
d 167840 66040
d 181660 57295
d 37586 29004
d 103444 138007
r 1400 173 23951 165591
d 79580 15257
d 104193 145287
d 154116 160522
d 95476 126155
r 1400 477 80130 189196
d 86848 68853
r 1800 493 91983 50547
d 148317 95615
d 186470 134530
d 181438 74614
r 1600 455 18047 54055
d 173165 195863
d 186463 100040
d 117992 117251
d 194718 185165
r 1200 205 53841 9479
d 164653 21340
d 92540 104774
r 1000 166 163882 196870
d 100271 187239
d 43143 102017
d 12558 195034
r 1000 203 60713 49416
d 107368 93677
d 8623 42594
r 1200 230 161079 123233
d 170619 104339
d 94779 22494
d 112359 52217
r 1200 495 160573 82977
d 176070 104749
d 88464 139677
r 1600 170 198396 126558
d 46531 190884
d 144650 162741
d 108807 150227
r 1200 314 41412 129576
d 174331 61892
d 139316 114928
d 165287 154211
r 1600 401 135945 13042
d 167724 76279
d 42848 56108
d 36408 10497
r 1400 499 14227 55361
d 129707 143086
d 65194 89388
d 183750 35412
d 97496 178283
r 1800 484 139539 118625
d 149327 175485
d 92059 47974
d 79138 63958
r 1000 326 118869 198251
d 40124 39766
d 41119 138301
d 54673 198617
d 186506 46136
r 1400 139 184281 162469
d 189599 119782
d 123872 98758
d 139186 146244
r 1000 408 24058 7190
d 71979 149772
d 143414 22670
r 1800 144 152241 147382
d 150499 39744
r 1200 426 166159 32743
d 27256 93222
d 76439 122229
r 1400 371 191115 164416
d 51785 170711
d 12946 121861
r 1200 482 194877 83843
d 91159 118630
d 34923 72387
d 100944 2503
d 148204 127785
r 1600 356 10202 93948
d 2201 152092
r 1000 160 175776 13634
d 97821 180575
d 131206 38580
r 1000 184 56642 196757
d 172856 2249
d 19639 139893
d 166252 90336
d 10334 165420
r 1400 183 57700 32452
d 7921 920
d 12911 18195
r 1800 453 137612 27133
d 79832 50485
d 117705 139872
r 1000 255 26764 12309
d 157327 154800
d 32143 132935
r 1200 136 144882 95554
d 1867 108970
d 48850 179144
r 1000 362 82237 115359
d 20694 140378
r 1600 300 96209 41511
d 37768 169173
d 25563 111166
d 116756 123418
r 1400 124 29384 183416
d 116757 97218
d 176335 23237
d 23638 138327
r 1200 456 92921 171965
d 83478 122449
d 92343 54464
d 37489 151654
r 1800 387 27463 48842
d 147253 4400
d 3315 60028
d 83938 82474
r 1400 121 128824 130483
d 100008 109233
d 71710 67949
d 184917 84787
d 157304 54769
r 1600 376 115708 20040
d 115173 162147
d 6262 148952
d 129600 87821
r 1000 456 115076 47917
d 170292 5895
r 1800 491 161436 104600
d 52931 37899
r 1000 334 108794 26759
d 42459 122827
d 35725 198722
d 104317 174056
r 1400 114 123472 52848
d 168607 5561
r 1200 309 66426 192941
d 88855 172172
d 34201 29246
d 89141 28946
d 44611 17404
r 1800 293 137713 189339
d 160462 79471
d 157644 105918
d 101766 92217
d 109987 36696
r 1800 279 111675 39956
d 196990 15971
r 1800 337 102493 11898
d 174968 156406
r 1600 125 126971 119032
d 46089 73316
d 187263 142039
d 53664 132905
d 143845 125178
r 1000 338 197626 122360
d 26914 137951
d 170438 50846
d 164347 34958
d 128152 134889
r 1400 493 2062 152149
d 176042 166071
d 7307 32566
r 1200 403 190055 122885
d 20257 8287
d 63948 184806
d 105855 20088
r 1000 480 29700 97110
d 164820 175106
d 157601 152135
d 51657 178189
r 1000 345 181670 64850
d 6214 190094
r 1800 372 172232 6349
d 101341 123308
d 125757 113927
d 142955 112258
r 1000 446 159208 100279
d 24580 53761
r 1000 141 35274 171293
d 39563 31897
d 155786 50307
d 105216 5468
r 1600 242 149134 53742
d 5653 139036
d 145515 71553
d 146617 77325
r 1400 162 152389 164714
d 85194 130165
d 82799 116771
d 144829 73190
d 41825 5653
r 1000 252 46979 128102
d 32854 155012
d 35441 120748
r 1000 328 174758 65067
d 8411 120229
d 161030 121307
d 118882 147151
d 192474 155999
r 1600 472 14770 49091
d 58490 165515
d 115628 143879
d 36104 99385
d 31852 187837
r 1600 294 31718 105670
d 137751 127150
d 102125 99597
d 69791 19297
r 1600 366 160845 165007
d 72113 78927
d 18560 90165
d 8297 139029
d 17795 5166
r 1400 305 20929 87535
d 151831 81164
r 1800 145 7001 42041
d 65927 46819
r 1800 302 133973 31339
d 37750 39524
d 89593 60596
d 68502 64411
d 130491 75207
r 1400 173 112662 77142
d 163930 121560
r 1400 449 189688 158047
d 72644 157197
d 106241 192639
r 1800 306 8970 69578
d 101786 91515
r 1600 372 122408 45054
d 99395 186822
r 1600 410 131579 119976
d 3667 57782
r 1000 314 133173 163490
d 142576 79268
d 86611 10766
d 187330 1728
d 167366 101444
r 1800 310 80127 191718
d 197427 61876
d 131129 88726
d 146701 137073
d 173955 30040
r 1600 353 3455 19903
d 62807 68989
r 1600 265 191129 171576
d 138278 177612
d 79120 9876
d 17148 26582
r 1800 112 24473 173419
d 65995 114741
d 65951 61463
d 191634 18673
d 153838 10301
r 1200 460 116274 106798
d 49921 47377
d 115225 161820
d 25700 158316
r 1200 172 198692 13981
d 160565 156606
d 52744 29652
r 1600 250 37741 23291
d 147208 114448
r 1600 246 15330 70137
d 71408 136062
d 143216 88232
r 1400 430 94160 99106
d 79412 88285
d 94982 23827
r 1200 483 46086 179195
d 115034 129746
d 174197 96956
d 171375 92928
d 168407 35502
r 1400 451 52714 30780
d 182668 113425
d 52539 80803
d 90883 180743
d 182777 21811
r 1000 261 64213 143764
d 65257 142290
d 161855 15652
d 88201 169536
r 1200 195 37870 130893
d 188443 35459
d 146431 166327
d 49409 104603
r 1600 296 62981 84650
d 149572 58642
d 172728 97005
d 156012 172062
r 1200 370 125329 63209
d 87191 47894
d 83441 105434
d 24070 121484
r 1000 496 114113 90855
d 115614 78104
d 87094 20691
r 1200 456 197585 131061
d 124883 37217
d 61807 126629
r 1000 375 93496 19191
d 50767 110937
d 170730 50808
d 150654 45043
r 1800 226 12110 59336
d 29047 174012
d 142059 119936
d 88416 86855
d 189007 138761
r 1800 268 48339 193454
d 76680 99485
r 1200 491 100782 168511
d 175200 190369
d 89456 18571
d 141516 147610
d 128646 92554
r 1400 491 60450 53485
d 144902 69427
r 1600 310 127390 39205
d 88639 124658
d 184998 112003
r 1400 251 159268 45344
d 18743 145923
r 1000 159 83222 34688
d 185058 151298
r 1000 476 75082 122244
d 18187 113101
d 77805 10068
r 1000 296 188529 21259
d 1348 18779
d 62667 68430
r 1200 464 165488 78828
d 91979 93587
d 63502 186681
d 194812 100698
d 33113 90190
r 1000 204 140339 151227
d 22477 165981
d 148288 17799
d 180455 118743
r 1200 156 157245 35563
d 101248 66101
r 1000 293 121240 151081
d 143630 969
d 111842 178468
d 164250 49729
d 30754 126820
r 1600 397 26230 153908
d 159049 141053
d 145312 89354
r 1200 443 134785 94735
d 64691 70926
d 71665 82168
d 103058 101165
r 1000 243 135836 51397
d 100425 92153
d 165338 11508
d 56723 173463
d 185149 147665
r 1800 419 41547 57449
d 137894 148660
r 1800 337 162776 15700
d 95395 76192
d 187107 85887
r 1200 458 163469 119436
d 158359 88202
d 18288 169036
d 69471 164436
d 37212 106424
r 1000 426 181485 195746
d 193858 43888
d 132433 1123
d 192487 11373
d 127731 131931
r 1600 224 24339 91058
d 122726 140060
r 1800 295 134306 180831
d 54745 100507
r 1000 400 50199 53502
d 134425 87906
d 127933 106083
d 98108 194845
r 1800 148 24882 25688
d 41566 165048
d 188178 50407
d 167719 182025
d 6970 47841
r 1600 169 7668 15366
d 20520 38053
r 1000 120 57902 61340
d 80308 154027
r 1600 246 137075 125470
d 189494 7604
d 21683 126390
d 131769 28032
d 108805 17340
r 1800 271 81247 195783
d 5619 115694
r 1000 333 187449 71668
d 12521 51143
d 87993 138643
d 146361 15590
r 1400 414 193062 89695
d 175880 3257
d 154057 168987
d 1670 122583
r 1400 233 137303 2747
d 50366 95604
d 112848 177987
d 124392 126335
d 12508 101601
r 1600 410 178404 197675
d 150301 133000
d 22352 179218
d 106494 64081
d 88455 178314
r 1200 183 48706 64671
d 169004 23355
d 104340 119448
r 1400 147 26022 16956
d 102639 147120
r 1000 293 82155 23486
d 50254 195880
d 9526 96921
d 194213 109511
r 1400 285 28373 144809
d 198875 173635
d 93630 33498
d 74074 29438
r 1200 487 31676 153402
d 29548 72851
d 30017 22182
d 115730 178370
d 118090 115823
r 1000 391 123100 150648
d 52313 144026
d 168160 26012
r 1000 273 93436 158165
d 72347 196071
d 47217 154646
d 137102 169196
d 113035 94288
r 1000 138 129912 73530
d 155171 164639
r 1000 301 146377 39335
d 33370 92009
d 32576 42938
r 1400 132 5882 1504
d 81511 117692
r 1200 160 108269 40940
d 148097 170036
r 1400 419 78652 133774
d 148691 42759
d 141870 119098
d 95947 130181
r 1000 166 197581 194993
d 3251 67192
d 174074 70450
r 1800 124 62726 98433
d 184262 170912
r 1600 324 6534 142073
d 20654 119439
r 1800 122 106349 51027
d 148174 131011
d 3413 166739
r 1000 279 125222 81101
d 124450 171280
r 1200 326 185915 120714
d 6153 41283
d 38519 99115
d 37511 32734
d 91832 94369
r 1400 357 48811 106282
d 126934 40399
d 112395 57900
r 1400 455 177623 127938
d 18820 176628
d 2179 13572
r 1000 242 135722 186161
d 54641 77900
r 1600 226 98239 92897
d 188292 154391
d 106338 56676
d 171678 9385
d 165396 12415
r 1200 408 89352 3098
d 183120 185591
d 193730 19263
r 1800 202 46070 37220
d 138024 160918
d 52014 103073
d 197009 173429
r 1200 148 107842 78978
d 34051 39111
r 1800 396 53392 69043
d 38862 156189
d 131905 157208
d 172140 115100
d 58527 63860
r 1000 463 619 65772
d 120941 76703
d 173328 8657
r 1200 424 37824 175713
d 106054 62167
r 1600 283 105503 194604
d 22136 86828
r 1400 444 48302 56907
d 128957 29812
d 119707 118133
d 164292 198750
d 132124 52589
r 1600 253 171902 78153
d 69078 138025
d 8939 183424
d 69493 150753
r 1000 435 182006 52323
d 190674 26267
r 1600 404 177178 70561
d 49415 94871
d 168665 11338
r 1400 330 183716 125026
d 949 157738
d 31972 140010
d 163917 167761
d 125056 124834
r 1000 323 140764 90510
d 55489 64561
d 99315 59935
r 1400 419 115167 34967
d 194980 123155
d 60254 184888
r 1200 499 32290 34113
d 34406 37656
d 95490 54438
r 1000 243 196783 38466
d 22810 111987
r 1000 285 58611 196278
d 99449 36553
r 1200 320 58381 81431
d 17070 59631
d 77075 10646
r 1600 151 192272 94526
d 59713 126570
d 117729 40095
d 84055 136442
r 1400 130 30989 65903
d 130585 45724
r 1200 406 53299 91691
d 72162 177660
d 17826 158295
r 1200 415 181305 149543
d 142552 101814
d 39686 124573
d 198465 147177
d 47261 99554
r 1800 251 20085 177118
d 99114 118890
d 28241 71836
d 89601 163188
d 79670 85118
r 1600 334 159588 136078
d 176300 121278
r 1400 174 182716 113673
d 91606 142592
d 84405 183468
d 23433 101563
d 73306 64145
r 1000 494 59093 172928
d 171717 164273
r 1200 474 70552 33508
d 170240 9744
d 174798 172100
d 127700 113866
d 120776 102232
r 1800 245 51378 99279
d 115697 15558
d 20305 132763
d 189778 85595
d 144118 100418
r 1400 286 139368 134743
d 91940 47635
d 8392 73239
r 1000 167 43545 94091
d 25857 77030
d 188751 85974
d 104423 39838
d 3324 112321
r 1600 457 110467 153563
d 109156 39931
d 147784 56949
r 1600 434 58484 149799
d 98577 12613
d 74021 9307
r 1200 240 57345 16544
d 83464 90218
d 193783 15217
d 33179 94594
d 154306 152159
r 1800 413 108924 70726
d 32899 97299
r 1800 148 32897 156982
d 79365 116958
d 24662 184598
r 1000 485 166920 159831
d 35139 15471
d 185722 172457
d 89440 160591
d 20544 72303
r 1000 160 40749 63220
d 162695 198075
d 111622 165960
d 95177 16129
r 1600 366 19159 9269
d 64934 131908
d 50709 47613
r 1600 168 184242 72886
d 92692 122130
d 110622 109193
d 162960 148404
d 67558 39669
r 1400 232 155132 171838
d 181753 56797
d 152542 185076
d 140677 66527
r 1200 456 143719 31854
d 27393 151679
d 150644 44315
d 13768 42073
d 41092 51395
r 1200 288 138066 10998
d 37975 113100
d 43326 122026
r 1000 162 13415 44952
d 77732 33207
d 146704 126354
d 117429 151330
d 154621 44961
r 1000 315 170723 20048
d 81244 160422
r 1600 182 131909 134540
d 140587 37609
d 24929 146773
d 162380 38112
r 1400 142 62698 132224
d 4967 150147
d 188402 77684
d 175874 101909
d 52446 11173
r 1000 329 3953 56683
d 190383 1630
r 1600 361 139213 128744
d 128431 47676
r 1400 218 56284 178794
d 191669 82383
d 37487 159031
d 119615 168885
r 1600 334 63162 174914
d 136685 63568
r 1400 218 177706 3263
d 73637 126574
r 1800 459 120908 139692
d 48476 155152
d 64415 10081
r 1800 216 135175 59229
d 175827 127797
r 1000 441 173946 180334
d 13145 18120
d 48709 9589
d 59032 106073
d 194838 63769
r 1400 405 64615 59636
d 107144 70039
d 174158 107721
d 183829 20451
r 1600 440 68274 40769
d 106433 126411
d 99253 7714
d 58845 110242
d 6238 49085
r 1800 139 154358 91935
d 53506 57415
d 20067 52701
r 1000 234 172152 171186
d 48561 52487
d 127934 158767
r 1400 482 34194 81123
d 91813 21928
d 84294 16916
r 1200 293 172876 108890
d 99935 169320
r 1400 104 7422 87842
d 129348 92020
d 121773 80709
d 32773 111656
r 1400 115 24784 21294
d 129065 47691
d 112531 185809
d 135660 10515
d 154289 195423
r 1800 410 35522 114406
d 81122 14983
d 23830 174863
d 159491 183420
d 129396 129164
r 1600 255 179300 141113
d 193197 159589
r 1600 215 120334 26548
d 130509 184231
d 115746 63507
d 27662 92880
r 1200 201 31494 127371
d 174254 54408
r 1400 370 198607 136607
d 170254 125202
d 183103 67019
d 139470 23136
d 3427 170901
r 1600 433 197309 55442
d 76421 168975
d 130424 82443
d 13967 171149
d 28921 139705
r 1400 477 60795 64094
d 178391 64155
r 1000 363 17958 192028
d 127246 12074
r 1600 118 180684 42324
d 86427 52568
d 45961 48414
d 41137 197248
d 197041 80474
r 1600 177 16143 165156
d 187037 166489
d 50637 40822
d 109248 93681
r 1600 108 71177 148260
d 52276 82519
d 112667 12521
r 1000 381 110790 54258
d 44155 87959
d 97121 66802
r 1800 403 126752 182195
d 85741 4635
r 1800 259 19636 197922
d 131892 51573
r 1600 115 35717 109329
d 139857 14999
d 177998 140989
r 1400 392 108463 188337
d 27384 81083
d 1904 121831
d 113273 155738
r 1400 473 43014 103563
d 58041 162995
d 27055 97882
d 19437 154264
d 112397 110889
r 1400 257 187695 198336
d 36965 71318
d 179377 166868
d 51861 157999
r 1400 478 152557 32705
d 104263 171576
d 188203 98224
d 105400 19124
d 85510 191481
r 1000 171 75614 119476
d 99327 116837
d 28027 60596
d 141712 117483
r 1600 431 109749 114381
d 18057 91718
d 133795 103151
d 143950 184905
r 1400 283 52113 193302
d 28239 194311
d 162068 135936
r 1600 249 151646 4522
d 144291 27623
d 31261 72466
r 1000 381 169719 100680
d 8951 67951
d 48741 19945
d 54846 103055
r 1600 302 40203 77748
d 120150 62885
d 115333 9069
r 1400 266 24220 5268
d 70761 141091
r 1200 325 51423 141387
d 137231 20528
d 163299 63586
r 1400 425 11491 85460
d 5350 18059
d 7873 57985
d 127009 180376
r 1800 159 166886 132137
d 182981 155814
r 1800 123 176237 101358
d 183091 52259
d 108622 38925
d 79822 130198
d 23046 147102
r 1200 236 99763 64806
d 68896 151209
d 175469 127105
d 107461 42375
d 16753 117249
r 1400 129 47590 122136
d 128865 116756
d 112308 15802
r 1600 493 89804 92922
d 82770 141882
d 77784 88619
d 176132 182734
r 1400 172 113273 127149
d 183453 93214
d 118687 105815
d 17187 161567
r 1800 321 97505 175041
d 106309 109850
r 1200 292 1342 16409
d 7126 4132
d 80637 194684
d 28419 135850
r 1600 294 148578 17557
d 61911 118778
d 88264 99288
r 1400 107 45132 154692
d 11426 192507
r 1000 494 144627 168138
d 59686 84293
d 193733 22910
r 1200 238 146063 5385
d 3377 53105
d 32580 47328
r 1200 269 41317 178093
d 72666 100786
d 50774 73602
d 128628 26656
d 51550 122190
r 1800 179 15379 95924
d 134197 147756
