g 30 30 2000
r 1200 454 10863 58547
d 16459 54418
r 1800 404 18830 3809
d 57719 32224
d 39136 26675
d 38863 38526
r 1800 243 18871 12873
d 43600 31348
r 1200 130 31457 23808
d 22198 38521
d 47870 14843
d 26394 54969
r 1600 331 8310 50883
d 55623 42178
d 49201 9961
r 1000 118 40642 29154
d 18474 8252
r 1200 284 48045 39548
d 51474 45991
d 44779 28428
d 57089 1716
r 1400 179 24287 54410
d 3097 33428
d 3485 26664
d 35844 9011
d 1305 19502
r 1000 430 29638 31533
d 50453 46391
d 56698 22460
d 39614 42196
r 1800 478 50132 46896
d 9501 57405
r 1800 465 5882 54201
d 35756 35147
d 16399 16015
r 1600 350 5354 25931
d 12208 23108
r 1400 425 49569 29735
d 49248 14944
r 1800 200 26441 48749
d 47112 16953
r 1200 118 31617 36249
d 49248 3497
d 1381 26857
d 53455 35808
d 4368 36671
r 1400 458 16476 40128
d 9258 1664
d 7088 27392
d 50913 22878
d 51306 5010
r 1400 451 37535 9640
d 22102 50161
d 25989 58398
r 1200 128 5983 45378
d 44604 8686
d 20921 23773
r 1200 425 31330 20044
d 20007 37708
d 35070 20867
d 11281 22118
d 8435 15109
r 1200 343 54323 15803
d 16643 30579
d 39853 11612
r 1200 321 14322 25803
d 4468 53588
r 1600 443 47035 59180
d 21067 12677
d 23172 36482
d 11080 4273
r 1400 390 44752 39061
d 39032 6286
d 37091 36837
d 58552 25702
r 1000 319 9114 3764
d 22226 58869
d 15381 21809
d 22447 47703
r 1800 371 25340 57446
d 55903 17818
r 1000 386 1037 34253
d 39436 19212
d 3622 23954
d 58155 18211
d 32486 52701
r 1000 133 18876 37530
d 48617 52614
d 22962 48025
d 24202 19907
d 43493 24701
r 1000 242 51559 22703
d 50846 38082
d 44841 26655
d 31260 58706
r 1200 392 20185 34467
d 55400 1243
d 27839 39726
d 17106 8583
r 1200 366 34453 18900
d 26297 13647
r 1600 453 54907 7236
d 2934 18634
r 1000 203 9008 1117
d 40977 31245
d 39770 21289
d 35640 16010
d 31066 25378
r 1000 425 12260 12757
d 31427 42373
d 21596 47975
r 1200 322 1607 51323
d 29412 35911
d 41746 35341
r 1400 312 5574 1149
d 39621 32044
d 34295 23050
d 17681 4295
d 16103 20248
r 1800 179 17864 7968
d 57476 19846
d 19147 9884
d 18141 21921
r 1800 404 28372 10418
d 40038 41127
d 33929 7730
r 1400 359 45887 6136
d 57530 25475
r 1200 343 5145 29344
d 8806 25779
d 14982 29972
d 50586 14530
d 9875 18026
r 1800 331 31449 9514
d 18430 2011
r 1000 205 53208 10477
d 23716 4227
r 1400 274 49068 10599
d 27156 49311
d 58083 27200
r 1600 229 53454 47476
d 19065 50004
r 1400 225 10213 27497
d 45040 57444
d 3128 15784
d 10350 38805
d 3609 21395
r 1800 457 4972 8284
d 38888 52585
r 1400 494 12350 42070
d 29917 36146
d 32527 32804
d 21273 14171
r 1600 231 904 47055
d 3146 49354
d 14618 58926
d 15571 56826
d 3594 29074
r 1200 425 2130 11796
d 44942 43481
d 21104 33564
r 1800 301 37403 6800
d 53216 48155
d 22786 48614
d 26537 14028
d 1561 11775
r 1600 279 23683 39756
d 12320 4570
r 1800 223 7070 4994
d 20401 39675
d 40305 1186
d 57840 7728
d 55246 54092
r 1000 445 2739 48793
d 27764 51471
d 57441 36673
d 25015 32934
d 7687 9544
r 1600 188 52998 32986
d 33350 10905
d 57715 6704
d 18500 57041
r 1800 207 32030 45920
d 10571 11703
d 9295 55575
d 9846 46786
d 2982 52572
r 1200 276 2179 44866
d 52916 48934
d 19124 1197
r 1400 144 58270 34113
d 39219 6410
r 1000 448 37843 48508
d 22238 20510
r 1200 427 53899 56405
d 18544 30042
d 57637 1095
d 44886 2697
d 15648 11474
r 1200 284 43248 24642
d 43117 37282
d 41937 1620
d 26390 55711
d 1606 5066
r 1600 113 37439 54519
d 13058 7263
d 995 11726
d 47013 41220
d 43866 3935
r 1800 162 20451 26696
d 48475 27881
d 9727 5300
d 47968 31699
d 48576 32914
r 1600 352 7601 48420
d 59003 26626
d 27075 27675
r 1600 337 23718 12588
d 7211 2821
d 55842 44020
d 24212 47554
d 29953 48318
