g 50 50 2000
r 1200 454 38331 52732
d 76449 32505
d 23300 65619
d 89081 28623
d 42100 42701
r 1800 404 41887 92064
d 61170 78837
r 1800 243 81003 84777
d 76176 42136
d 64518 53849
d 6623 2167
d 43473 27797
r 1200 130 64850 26423
d 81885 57530
d 45023 98922
r 1600 331 56626 16276
d 67173 55546
d 39379 30306
r 1000 118 85549 87671
d 31368 61925
r 1200 284 63184 9350
d 47713 78086
d 25465 12807
d 44890 45193
d 71358 78158
r 1400 179 67913 94006
d 66227 11090
r 1000 430 87109 82441
d 41535 89671
d 26738 65437
d 39378 60446
d 84109 8822
r 1800 478 74554 92393
d 60402 51378
r 1800 465 87886 11431
d 69460 24631
r 1600 350 13458 89633
d 64044 67107
d 50057 97246
d 74883 70391
d 33130 59375
r 1400 425 50796 14945
d 97794 66466
d 60302 18992
d 48812 95825
r 1800 200 58085 2150
d 9293 34162
d 7332 52050
d 88740 17115
d 1544 16070
r 1200 118 78548 41365
d 21596 26114
d 73760 85734
r 1400 458 32014 24750
d 48087 65422
d 32321 31068
d 65803 45830
d 53950 13052
r 1400 451 56192 63154
d 92295 60267
d 46393 29389
d 81734 80000
r 1200 128 80540 47674
d 95082 64275
d 70551 30547
d 15651 19355
d 16391 91129
r 1200 425 80825 73920
d 61413 937
r 1200 343 81909 3528
d 1631 57734
r 1200 321 4316 34752
d 28598 8694
d 89314 66060
d 60319 31898
r 1600 443 76786 25853
d 20715 62177
d 87292 23772
d 14557 67788
d 98473 25442
r 1400 390 18678 10715
d 90800 17830
d 3937 89250
d 58138 10837
r 1000 319 68784 81642
d 88029 82805
d 97476 22121
d 30283 60347
d 6784 30509
r 1800 371 49691 27270
d 22760 93987
r 1000 386 61816 27718
d 52123 43015
r 1000 133 9027 80733
d 78607 1417
d 1179 58018
d 58839 73220
d 99166 75430
r 1000 242 3646 78520
d 87364 54264
d 59190 31933
d 89487 56302
r 1200 392 51642 51666
d 4333 793
d 15264 35921
r 1200 366 20338 90974
d 43155 90380
d 34757 93708
d 68708 67157
d 52157 84171
r 1600 453 35203 75235
d 47301 69484
d 93480 27155
d 21650 66271
r 1000 203 49753 43673
d 15621 39470
d 74801 39352
d 27519 69042
r 1000 425 89462 6752
d 6204 45034
d 41003 4049
r 1200 322 18244 82751
d 47486 42472
d 10861 1295
d 23762 30865
d 52107 79396
r 1400 312 26484 59902
d 71793 19893
d 8032 63533
d 22289 87761
r 1800 179 13449 51337
d 4700 89327
d 83957 26693
r 1800 404 17002 44331
d 18806 90812
d 66135 82028
d 19171 89160
r 1400 359 31305 19197
d 3082 64111
d 61048 41764
r 1200 343 20794 38004
d 94082 10440
r 1800 331 47087 29717
d 63008 73858
d 47577 30981
r 1000 205 71799 70592
d 26956 88024
r 1400 274 17855 54298
d 2386 19521
d 23570 84398
d 41964 89186
d 67556 82436
r 1600 229 70827 91122
d 29119 44618
r 1400 225 96885 36056
d 5840 21488
d 39444 71123
r 1800 457 39944 22257
d 20115 24916
r 1400 494 26673 8218
d 31678 54037
d 62231 99198
d 82142 61159
r 1600 231 10892 67636
d 69957 31445
d 80420 22571
d 89179 72748
d 51382 44786
r 1200 425 61831 98114
d 14943 79442
d 13670 78417
d 57520 88315
r 1800 301 34080 64770
d 3062 19428
d 49613 13447
r 1600 279 52484 34913
d 36117 58435
d 55143 47535
d 59294 46210
r 1800 223 46044 25044
d 82228 64122
d 48987 16217
r 1000 445 92916 39595
d 94445 21761
r 1600 188 46879 78835
d 28928 37801
d 51616 97555
d 38833 70282
d 95047 76672
r 1800 207 89237 80976
d 82297 49090
d 27968 64696
r 1200 276 66782 6745
d 71774 56916
d 88174 2413
d 55784 80334
r 1400 144 85319 28058
d 12344 90342
d 36850 57235
d 97757 22302
r 1000 448 59926 51127
d 26950 2647
d 6488 13790
r 1200 427 17754 97481
d 95703 19570
r 1200 284 3623 70005
d 20296 94682
d 59787 25185
d 88493 56182
r 1600 113 92107 47389
d 36904 27795
d 45074 56422
d 6233 73574
r 1800 162 51391 39253
d 72090 38282
d 58703 3826
r 1600 352 66197 68007
d 88677 97822
d 72921 72273
d 8310 78149
r 1600 337 93272 75011
d 43824 8116
r 1200 156 13463 5370
d 12767 88046
d 56845 30575
d 57289 69035
r 1800 262 34120 97514
d 68798 78606
d 82352 60902
r 1400 181 21831 15620
d 92812 25548
d 59842 49253
d 726 83615
d 66155 33621
r 1200 211 29138 4035
d 17961 80159
d 53631 13147
r 1600 318 69106 23578
d 69779 67269
r 1000 493 47892 84517
d 57640 71997
d 15695 15857
r 1000 214 78286 94458
d 42698 5580
d 60994 84637
d 96322 27432
r 1200 399 84462 20030
d 71439 37192
d 49446 85448
r 1600 201 53986 91235
d 75227 82678
d 61268 16937
d 71289 42820
d 14852 58370
r 1800 378 19918 79226
d 60547 89142
d 13883 71217
r 1000 420 94933 17487
d 91019 72023
d 94302 59037
r 1000 183 82750 45326
d 3943 82699
d 87752 75496
d 18694 13137
d 52205 57492
r 1000 115 51839 84277
d 60049 32505
d 79693 36267
r 1400 196 29068 17778
d 50283 99051
d 89825 29402
r 1200 294 32620 4368
d 93974 17128
d 19926 23475
d 15666 17043
r 1600 448 91863 52779
d 51504 60577
r 1000 301 20745 67359
d 56622 46847
d 65105 75338
d 95806 55436
d 18715 7314
r 1600 182 65800 12080
d 8280 90947
d 14525 87784
d 86517 40106
d 35694 14735
r 1800 269 14404 29575
d 22387 17390
r 1800 356 46262 15622
d 84126 97666
d 45601 42333
d 18104 22714
r 1000 492 33495 35107
d 95678 30122
d 77290 6119
d 80698 14524
r 1600 298 18857 25406
d 73812 85086
d 53275 43242
d 56209 45018
r 1400 441 2703 26497
d 20738 1632
d 2577 64812
r 1800 285 81394 8978
d 28174 35781
d 82748 20627
r 1200 218 59202 12732
d 2926 20850
d 36556 66492
d 66104 47116
d 76931 38095
r 1800 235 53895 25122
d 3130 16486
d 91052 60755
d 16542 85879
d 64225 54296
r 1800 262 62173 15840
d 5690 20037
d 66431 8040
d 47826 47444
d 9218 36884
r 1400 437 63849 87372
d 58326 8402
d 91362 51130
d 49339 21117
r 1000 385 38193 85224
d 77505 47851
d 19470 78759
d 56864 90110
d 4251 16187
r 1200 233 41339 56281
d 58445 14034
d 88905 83984
d 13296 96444
d 69315 1626
r 1600 347 89157 37752
d 64493 88419
d 4507 90210
d 26642 62461
d 9320 28223
r 1200 235 70409 38851
d 45921 66515
d 22359 86449
d 42336 10444
r 1000 307 94735 55172
d 1525 7548
d 82327 53534
r 1400 352 92432 14988
d 25757 18897
d 20228 33196
r 1600 408 40824 5033
d 37374 9380
r 1200 225 1503 16202
d 62383 56746
r 1200 254 7985 86991
d 6098 8629
d 4262 57265
r 1000 250 69848 76065
d 35863 66144
r 1200 174 19114 16850
d 97080 86557
d 42200 45611
d 41760 37564
d 76011 47349
r 1000 352 3569 65543
d 12908 70837
r 1000 244 9696 77170
d 21416 24881
r 1600 423 51671 11830
d 93673 8685
d 1792 68707
d 68060 10437
r 1600 483 97020 846
d 91096 66496
r 1600 282 74049 37529
d 66989 83300
d 70324 80080
d 94253 46524
d 35112 51069
r 1400 411 88092 49934
d 74592 2860
d 3403 64552
d 21198 21859
d 74171 29076
r 1400 485 23410 19072
d 27517 83741
d 25898 48816
d 11764 9874
r 1600 306 33545 17154
d 73382 69805
r 1600 117 46535 69756
d 64700 82479
r 1600 397 89182 31096
d 22020 66916
d 3738 16585
d 5299 3798
r 1800 456 940 67715
d 20758 40889
d 72963 65351
d 86627 3870
d 97166 84836
r 1000 155 84606 65265
d 72619 9815
r 1800 268 96409 72334
d 6307 19124
d 86915 46264
d 77275 17241
r 1400 374 27632 50454
d 15785 17469
r 1400 197 4182 83855
d 23728 50003
d 76054 18292
r 1000 473 13861 27360
d 92600 69174
d 89747 93749
d 81298 6346
d 14509 69395
r 1200 348 56088 18613
d 56261 93610
d 1343 46870
d 10994 65686
r 1600 193 57344 40293
d 30113 19335
d 7102 95015
d 41349 15919
r 1800 188 17857 38786
d 42708 57559
r 1200 494 58877 58279
d 33679 44616
d 90235 74644
d 50861 36701
d 86759 6116
r 1400 254 37422 19283
d 93023 38528
d 14198 26079
d 5845 36869
r 1400 347 28866 23678
d 86578 64212
d 32245 65564
d 80724 62411
d 38009 21445
r 1600 375 72968 55251
d 63289 49575
d 46779 78826
r 1600 231 45874 94156
d 75728 8090
d 17861 38450
r 1400 339 93321 45018
d 13246 20167
d 60157 15522
d 60872 6678
r 1400 256 29408 73899
d 96293 33270
d 1025 29719
r 1000 491 53612 6247
d 19256 83344
r 1200 100 20477 69907
d 75467 1739
d 16343 88453
d 22373 1916
d 80947 61215
r 1200 308 80265 27766
d 93431 32207
r 1000 368 73681 18296
d 64563 43132
d 1029 57011
d 61151 42505
r 1800 451 86374 68450
d 45750 66044
r 1600 333 62148 71050
d 27910 8857
r 1200 480 74673 66599
d 91470 81347
d 59353 81528
d 12087 93985
d 18382 73626
r 1600 213 34341 43423
d 84348 87317
r 1800 497 70918 63011
d 61903 27333
d 19011 17396
d 83747 24586
r 1000 376 7094 64885
d 89139 87134
d 48498 16397
d 22980 2398
r 1200 323 85698 15034
d 19672 67270
d 92025 19229
d 26877 37258
r 1400 352 28739 54727
d 46016 46333
d 49862 85815
r 1200 482 12534 86348
d 81285 31660
d 28514 24077
d 90505 5142
d 18250 5940
r 1400 127 57163 57719
d 76671 81933
d 71685 40905
d 61003 94002
d 32126 20417
r 1000 468 42483 76536
d 71885 65596
r 1600 116 66660 43270
d 94988 95663
d 65103 86176
d 980 44128
r 1000 465 7580 53674
d 72256 94311
d 17462 98977
d 35460 89247
r 1400 432 16193 20893
d 73774 28939
d 64944 95906
r 1600 211 92962 32468
d 75417 78158
d 53087 8337
d 50144 19146
r 1000 496 68834 86788
d 47527 72878
r 1000 180 3400 38332
d 20736 76013
d 65371 17068
d 48927 42593
r 1800 307 22458 60575
d 60595 8207
d 86884 83592
r 1800 286 21159 1022
d 36028 77516
d 98078 21349
r 1800 167 83967 46920
d 52130 68201
r 1200 492 43013 41417
d 48393 64324
d 15695 72509
d 46287 97454
d 33210 36436
r 1200 167 58872 78712
d 36612 20266
r 1200 213 98414 44984
d 7033 37650
d 52704 37985
r 1200 491 45710 74289
d 75921 43953
d 60354 35670
r 1600 143 81839 35983
d 24783 23298
d 4063 1445
r 1800 286 69931 27715
d 97264 9207
d 66052 86446
d 79098 22924
r 1600 471 41527 95564
d 76700 67932
d 56327 42641
d 17321 26879
d 51292 39455
r 1400 478 61396 76249
d 95408 73008
d 99011 90260
d 66917 8885
r 1600 346 56563 32080
d 45815 41133
d 49903 63971
d 27299 71694
d 63095 65301
r 1400 278 52634 68089
d 51164 74734
d 80814 79197
r 1200 391 85249 79631
d 4629 70899
d 86476 75488
r 1800 465 76711 31457
d 43723 78218
d 1730 4762
d 75158 12353
d 91514 71116
r 1600 245 88655 97241
d 55555 54876
d 86683 4017
d 40479 63605
d 89368 65914
r 1800 365 47421 22189
d 32374 49006
d 8470 54233
d 23184 3404
d 17744 69454
r 1600 291 37267 62415
d 97790 52387
r 1400 143 24726 31788
d 5406 16192
d 93928 21481
r 1400 365 41414 61493
d 30025 71017
r 1400 343 39962 29959
d 2533 14473
r 1200 183 57238 72214
d 14326 86630
d 65587 46206
r 1000 394 28235 90125
d 28220 99280
d 42860 57117
d 91879 12732
d 38471 57672
r 1600 131 1178 47021
d 31529 62792
d 3610 64055
d 94831 48114
d 59072 3323
r 1200 480 58704 16302
d 80872 55642
d 82775 47214
r 1200 143 86014 73094
d 83229 90216
d 11826 66518
d 49419 61080
