g 40 40 2000
r 1200 454 58879 31679
d 7597 22716
r 1800 404 55455 44248
d 32785 14954
d 49508 39954
d 46390 55994
d 26875 6896
r 1800 243 47604 55053
d 60773 17976
d 20611 30829
d 50930 53958
r 1200 130 58398 34959
d 4117 39457
d 38023 55601
r 1600 331 72337 66875
d 25311 9716
d 8271 10330
d 28156 70368
d 21754 75088
r 1000 118 36817 36923
d 42229 75499
r 1200 284 52294 6300
d 67934 16639
d 34494 16777
r 1400 179 40402 49367
d 10590 46536
d 1161 78821
d 76886 38819
d 20826 54031
r 1000 430 4244 37116
d 60492 25125
d 67978 66863
d 73872 20233
r 1800 478 69968 9025
d 65906 2874
d 12632 35635
r 1800 465 7829 3669
d 23571 18617
r 1600 350 59887 46084
d 33820 56664
d 15788 74937
d 34949 40437
r 1400 425 18314 36574
d 13330 32623
r 1800 200 21857 19794
d 32404 62585
d 50778 9217
d 6813 28229
d 46191 43991
r 1200 118 29181 61518
d 76139 12553
d 78398 45523
r 1400 458 66531 46215
d 44741 9785
d 28561 33350
d 65642 70742
d 35176 63992
r 1400 451 71367 52530
d 10909 4952
d 2193 37408
d 19474 72739
d 14857 64257
r 1200 128 62559 18215
d 76544 41740
r 1200 425 67474 63378
d 1760 17046
d 27060 75322
r 1200 343 65194 63235
d 24419 32811
d 10800 63268
d 62743 69868
d 41371 46352
r 1200 321 60442 4076
d 45985 12934
d 72880 63505
d 43051 76920
d 49551 28760
r 1600 443 77265 74697
d 13109 55674
r 1400 390 35355 74173
d 4346 39161
r 1000 319 40696 16927
d 77560 5551
d 41060 11175
r 1800 371 12255 48872
d 34627 24297
r 1000 386 18342 39129
d 76178 8664
d 37998 75748
d 58200 48799
r 1000 133 23037 52416
d 66152 33988
d 1569 47295
d 25539 6729
d 30364 72356
r 1000 242 30876 2953
d 49815 14544
d 36594 77829
r 1200 392 59825 52866
d 71808 26549
d 6081 9565
d 23469 839
d 71966 48599
r 1200 366 3392 3886
d 46975 52354
d 44918 70109
r 1600 453 12148 6185
d 21254 29214
d 49623 69368
d 11702 30658
d 19662 77893
r 1000 203 49736 15920
d 59971 57266
r 1000 425 66854 51285
d 38636 12926
d 21222 30114
d 19488 74901
r 1200 322 56567 72570
d 55453 28709
r 1400 312 56421 54099
d 71381 73108
d 59278 29365
r 1800 179 17867 15999
d 14802 53033
r 1800 404 68514 56878
d 76670 10265
r 1400 359 14928 64125
d 75774 20189
d 31822 53657
d 26017 27609
d 27941 68473
r 1200 343 4374 66143
d 40422 27436
d 78963 62108
r 1800 331 14792 59079
d 71764 14675
d 72574 8576
d 16750 75462
d 51460 23193
r 1000 205 52511 20864
d 73595 59472
d 49873 78004
r 1400 274 43742 5845
d 28743 77878
r 1600 229 36851 70209
d 76396 60320
d 59132 57845
d 31321 7262
d 75411 50886
r 1400 225 50761 10898
d 44922 43176
d 43573 8347
d 29911 76940
r 1800 457 3401 31146
d 40950 67855
r 1400 494 50344 53054
d 62960 27842
d 27915 10940
r 1600 231 14951 22133
d 25433 21735
d 32622 17754
d 66454 74320
r 1200 425 55984 17928
d 3677 73649
r 1800 301 29570 10233
d 76071 32202
d 22673 52026
d 57303 20746
r 1600 279 38212 39931
d 56594 66911
d 35702 59285
d 15025 8714
d 77421 59805
r 1800 223 66669 4141
d 43546 71125
r 1000 445 6303 54745
d 30978 30539
r 1600 188 23522 6259
d 24608 5985
d 62539 21109
d 18014 54058
d 33564 4298
r 1800 207 78814 3989
d 70259 45973
d 21306 18645
d 2728 77750
r 1200 276 16989 74168
d 42187 1280
d 57463 53795
d 36017 60216
r 1400 144 46310 36291
d 72697 53670
r 1000 448 48582 20588
d 77229 54229
d 47185 31625
d 43684 67337
r 1200 427 47494 48530
d 39871 77427
r 1200 284 26242 49089
d 65292 17819
d 77007 9774
r 1600 113 72909 76953
d 33249 5887
d 53543 20033
d 1683 34388
r 1800 162 73528 72096
d 5407 34161
r 1600 352 27271 34080
d 74197 63512
d 60482 67365
d 23211 44501
r 1600 337 72300 20513
d 32022 33241
d 23879 54533
r 1200 156 37984 32791
d 37569 34347
r 1800 262 18462 29682
d 21818 74169
r 1400 181 78955 26024
d 11961 40824
d 30161 71405
d 77525 76456
r 1200 211 33896 21505
d 14616 46968
d 79336 22243
r 1600 318 67386 75824
d 61304 70576
r 1000 493 61388 32233
d 58635 58381
r 1000 214 17715 40952
d 64679 46862
d 60106 17056
d 55010 78801
r 1200 399 64995 70448
d 28152 4976
d 10715 39879
d 26106 39218
d 11419 71115
r 1600 201 61799 76672
d 9975 64815
r 1800 378 33194 64339
d 5169 33580
d 29036 54457
d 15797 14665
r 1000 420 74516 57340
d 3445 34323
d 41112 37240
d 21966 32635
r 1000 183 49225 32471
d 75433 74115
d 43420 48045
d 27339 53660
d 12544 43360
r 1000 115 65747 42408
d 61173 76765
r 1400 196 700 46333
d 60475 1501
d 16066 1443
d 75602 64415
r 1200 294 62482 50689
d 40330 33678
d 26396 37853
d 48742 18618
d 77722 14487
r 1600 448 44173 61240
d 62527 37993
d 61229 32837
d 4728 63836
d 39280 66480
r 1000 301 51073 23253
d 74499 22845
d 52708 28305
d 32342 27858
d 63629 28624
r 1600 182 10130 66144
d 16903 24825
d 14419 45746
r 1800 269 42990 70884
d 42721 60313
r 1800 356 20455 73127
d 37539 12175
r 1000 492 66582 10058
d 36268 54897
d 7943 69542
d 60810 17077
r 1600 298 65105 11771
d 45712 29622
d 4908 60552
d 53783 20863
d 50510 5529
r 1400 441 47266 52025
d 33624 57879
r 1800 285 78861 31966
d 1512 54378
d 15603 4515
d 8547 38303
r 1200 218 20632 6867
d 34729 65429
r 1800 235 22126 69083
d 33573 60933
d 51041 27127
d 57470 28319
r 1800 262 30003 77108
d 21940 63979
d 27505 21641
d 25655 60483
d 69791 14081
r 1400 437 5304 25759
d 79223 27649
d 65353 28256
d 56540 42292
r 1000 385 47085 26212
d 18994 4235
d 67398 70564
d 27530 76704
r 1200 233 20884 16572
d 12447 14136
d 11534 16844
d 16482 63377
d 53694 71767
r 1600 347 16675 51391
d 51523 43049
d 58355 64586
d 13615 41302
d 10451 35307
r 1200 235 74629 6869
d 6416 8256
r 1000 307 43524 2424
d 57115 12459
r 1400 352 51819 56784
d 9015 41453
d 32940 37087
d 3736 42551
d 70356 1051
r 1600 408 36660 48960
d 40310 47554
d 22196 57811
r 1200 225 58938 75204
d 60350 47649
d 35221 67666
d 44494 45244
r 1200 254 48489 3871
d 55725 43924
d 33845 42425
d 9029 8509
r 1000 250 49654 29150
d 44746 13781
d 57931 36125
r 1200 174 54339 61826
d 68067 50501
d 12118 54626
d 34640 51616
d 42823 15601
r 1000 352 42911 41431
d 29207 49020
d 45229 33149
d 53101 1132
r 1000 244 73148 3441
d 72644 65804
d 21630 9871
r 1600 423 22259 11896
d 29303 39653
r 1600 483 72343 48935
d 18096 52043
d 9087 25170
r 1600 282 56829 60906
d 59917 43689
d 5996 60190
d 11276 32317
r 1400 411 48773 69051
d 55403 32142
d 11561 17367
d 7763 36206
d 75026 8407
r 1400 485 66379 21055
d 21381 63833
r 1600 306 44552 54471
d 38426 70657
r 1600 117 56180 27891
d 74719 46412
r 1600 397 43123 64912
d 29696 71922
