g 70 70 2000
r 1200 306 75348 83107
d 27678 40307
d 112331 82130
r 1600 460 49576 99717
d 108361 63408
d 112018 85257
r 1000 144 76835 93689
d 107912 35364
d 95339 3424
r 1000 340 78429 10080
d 119153 23795
r 1600 219 100477 106863
d 86019 46993
d 72344 44144
r 1400 299 30742 94987
d 94457 109700
r 1000 289 41579 59712
d 53989 4484
r 1200 486 66170 101377
d 5512 5440
d 4043 86363
r 1000 128 22346 85374
d 2447 68509
r 1000 215 88829 127175
d 67086 80668
r 1800 298 7550 78281
d 128103 103982
d 44043 51693
r 1000 473 35448 37175
d 139385 89880
d 100332 27417
d 3590 83941
d 60111 109015
r 1600 322 36608 115785
d 7383 69735
d 36081 64247
d 15578 112760
d 128323 27822
r 1000 454 3225 15190
d 112764 48841
d 24002 59200
r 1200 238 67664 3888
d 3778 92122
r 1600 419 7057 95480
d 79771 136500
d 131781 60643
r 1200 323 107339 128153
d 38722 45975
r 1600 262 19264 117014
d 36184 104597
r 1800 168 52792 79610
d 32978 115212
d 48584 69074
d 68232 16977
r 1000 389 44597 122150
d 31747 103123
d 23954 98111
d 106327 97318
r 1000 298 45787 99414
d 26335 131413
d 40109 69644
d 41891 131842
r 1400 162 112650 89252
d 132701 24811
d 104254 104134
r 1000 453 93629 87579
d 27501 76820
d 76501 136881
r 1000 257 17864 77389
d 76562 62345
r 1600 173 125669 97386
d 7413 88309
d 135134 23706
d 34439 93781
d 130725 118071
r 1600 142 42020 37706
d 9388 88917
d 135383 29465
r 1400 288 37226 98211
d 80753 93861
d 4684 117368
d 12565 125264
r 1400 297 74883 4240
d 104872 139040
d 65245 48853
r 1800 101 68860 49849
d 88201 46226
d 15557 74792
d 127391 8769
r 1800 340 63538 126403
d 124118 10051
r 1800 478 64573 135056
d 113350 57751
r 1600 195 24437 12743
d 69384 113643
r 1400 295 35247 85186
d 6854 90003
r 1800 383 104861 84375
d 7509 17612
d 6640 7838
r 1600 178 104706 137738
d 104381 98335
d 55642 123543
r 1200 431 52162 95003
d 67320 99749
d 11332 52018
d 127837 109903
d 64742 55831
r 1800 450 62776 3017
d 82196 131365
d 126113 81591
r 1200 417 40787 9981
d 116146 78000
r 1600 294 8154 83041
d 27313 38204
r 1600 121 27624 76245
d 49325 98652
r 1800 320 60060 92621
d 101981 128872
d 130513 135575
r 1400 456 34397 92164
d 105763 103369
d 123755 78765
d 13736 88652
r 1000 288 54796 74635
d 49570 127547
d 97629 78522
d 79693 121634
d 4995 8851
r 1400 117 16872 41878
d 113009 35713
d 77530 99158
d 78382 126566
d 27365 10264
r 1800 207 78053 41481
d 131884 2546
r 1800 271 43020 26778
d 117683 100677
d 5709 136430
r 1000 265 12886 88787
d 2134 113624
r 1600 273 84966 55202
d 71856 24478
d 71209 86006
r 1400 383 84110 89113
d 895 79266
d 110908 18469
r 1200 284 40623 45574
d 16564 88132
d 133889 48576
r 1600 262 29445 128079
d 86182 131274
d 108446 112638
r 1600 257 90505 11550
d 16421 109575
r 1200 374 85401 35249
d 13123 86911
r 1000 223 84838 126272
d 75448 137905
d 126242 18245
d 77354 134200
r 1000 405 104285 113219
d 33300 32199
r 1000 248 121228 98615
d 47664 138896
d 6291 50587
d 88462 44166
d 40573 23849
r 1400 441 44827 29779
d 16325 135579
d 85195 45722
d 47317 26853
r 1400 423 131280 115444
d 40039 108615
r 1600 299 122852 91580
d 129280 130112
r 1800 106 106612 56649
d 88530 107922
r 1200 432 87903 1686
d 107135 108489
r 1200 103 88791 68242
d 3092 122181
d 92015 14539
r 1400 303 65019 44318
d 64172 53120
d 120222 52224
d 106454 137479
r 1000 168 130836 94821
d 41316 57411
d 104268 79798
d 106595 74124
r 1800 144 132379 101192
d 45479 78559
r 1000 415 88915 6940
d 5550 130541
d 74525 17247
d 120808 46916
r 1600 295 65230 115796
d 20190 100089
d 20008 121274
r 1400 317 134190 3768
d 55347 113098
r 1600 409 130815 128067
d 29082 3403
d 31923 102015
d 68403 82423
r 1000 161 15841 47133
d 33521 122441
d 89222 117667
d 77376 32268
d 28309 119539
r 1600 139 19397 64069
d 127750 9463
d 47183 64149
d 11893 101104
r 1600 265 133181 87052
d 48691 120304
d 115626 88767
d 121106 21140
d 85411 108425
r 1200 322 7306 111915
d 127143 33532
d 121743 59520
d 67832 85360
d 88986 11004
r 1800 330 114890 50247
d 81671 62626
r 1000 499 57942 133299
d 8033 128177
d 13352 16733
d 35922 46838
r 1400 319 9566 66353
d 133040 128945
d 724 20379
r 1000 234 53853 32190
d 122538 63405
d 46971 113425
d 77839 8529
r 1600 327 47220 46459
d 15755 80412
d 98728 126694
d 77942 128824
d 83778 56968
r 1600 260 59802 27128
d 9041 62696
r 1400 235 102820 119793
d 84636 30962
r 1600 465 97690 53390
d 3202 18788
d 20835 82699
d 114975 22593
d 17009 49050
r 1800 203 110048 68332
d 77441 116038
d 81460 137074
d 127915 47213
d 86124 20592
r 1800 137 119242 57405
d 99735 89905
d 46728 112015
d 17948 3288
d 124050 96021
r 1800 191 77723 27958
d 134815 51438
d 56243 3810
d 64755 106023
d 103060 61491
r 1600 480 111507 12591
d 51831 81551
d 109560 122183
d 100453 38254
r 1200 287 4020 23030
d 27200 38407
d 4659 75104
d 112034 16732
r 1400 481 26525 85079
d 76439 82833
d 63474 46950
d 52810 77523
d 76580 23967
r 1000 404 113732 58377
d 54031 108820
d 40292 37834
d 123627 106342
r 1400 371 136451 108602
d 109260 89527
d 19361 30810
d 137109 24592
r 1200 162 85477 69018
d 130057 8266
d 105790 77718
r 1400 319 97569 127473
d 67334 72784
d 18874 61401
d 79692 39373
r 1800 308 136896 73998
d 33577 55342
d 65735 949
d 7480 8195
r 1400 397 25086 44700
d 13157 112153
d 126273 111386
r 1400 498 62005 64846
d 118991 47411
d 68495 92822
d 80628 113474
d 124723 79016
r 1000 309 109443 33029
d 94450 3604
d 19971 74277
r 1000 425 119582 108135
d 42838 126222
d 15546 43613
r 1400 107 114663 19187
d 41231 80162
d 29046 72004
r 1200 330 114855 80467
d 105462 49895
d 64269 55880
d 42469 14535
r 1400 264 71923 98586
d 1417 64450
d 36892 88618
r 1000 406 16433 137149
d 102395 37600
r 1800 312 87524 46384
d 132418 18643
d 60451 105255
r 1800 382 36472 3506
d 46911 44016
r 1200 426 68020 19593
d 38485 105096
r 1400 481 13685 57569
d 52207 73830
d 16556 93849
d 28064 47328
r 1400 417 31878 111285
d 52241 2148
r 1400 467 115851 12321
d 44629 49522
d 5356 30453
r 1400 153 57484 15995
d 65075 4099
d 136663 1746
d 64047 30873
d 93516 23188
r 1200 268 121212 128965
d 62785 13767
d 3240 87824
d 29548 61279
d 35225 41056
r 1000 434 44924 25873
d 109875 70595
d 11067 66988
d 107695 17356
r 1000 165 34422 89119
d 89906 94175
d 58536 115059
d 24103 29026
d 40672 10565
r 1600 172 121439 123549
d 105434 134090
r 1600 469 115602 119186
d 85662 65214
d 70391 76733
d 110427 83944
d 81916 74604
r 1200 293 76933 132721
d 118221 120994
r 1000 345 106899 138297
d 63813 88000
d 42373 18290
r 1800 453 24030 26074
d 83974 29656
d 124548 139050
d 47160 92324
r 1400 322 102733 39421
d 99214 99343
r 1000 387 26650 15010
d 56856 110648
r 1400 479 59421 9567
d 99712 33794
d 57801 59752
r 1400 247 76342 106278
d 109794 24016
d 134850 102553
r 1400 228 101979 35049
d 47590 69116
r 1000 475 128775 93721
d 48634 81976
d 44722 55413
r 1600 174 867 23986
d 38862 109662
d 26047 119361
r 1800 494 92992 24146
d 63892 10504
d 99711 131527
d 128962 35322
r 1800 356 128189 123531
d 135193 9877
d 19349 136135
r 1000 327 84133 91699
d 70997 73079
d 18751 3926
d 133346 96101
r 1200 385 127982 22230
d 8133 74176
d 57512 82000
r 1200 277 22879 103983
d 78930 84482
d 56307 24844
d 106094 126760
r 1400 270 100343 21561
d 129377 84724
d 110349 24483
r 1800 424 112428 108407
d 7905 98468
r 1000 426 6439 136420
d 109177 43741
d 135057 105819
r 1400 307 61057 133110
d 50791 133339
d 114784 75100
r 1000 271 119143 95254
d 127523 20244
d 19857 91214
d 68135 50256
r 1200 396 104264 28034
d 119123 54154
d 11741 43928
d 128136 52353
r 1000 228 79501 73697
d 54258 34840
r 1200 442 81344 51471
d 57522 76069
d 65563 12235
d 123065 35998
d 126042 55124
r 1400 276 123933 52112
d 109672 129363
d 108831 25162
r 1600 150 136655 121880
d 27680 64460
d 7834 25659
d 112234 115700
d 83824 69949
r 1800 454 138968 19039
d 33579 101525
d 45541 52984
r 1600 292 121208 115667
d 31740 61448
d 27464 83059
d 45001 47373
r 1800 286 99273 76556
d 17608 13885
r 1800 110 122330 27311
d 25195 132083
d 26856 20015
r 1800 214 134789 20550
d 27817 119140
d 84090 109185
r 1800 316 122406 21707
d 99907 7050
d 114923 22540
d 68594 60123
r 1400 348 81608 25804
d 92940 117580
d 102579 108718
r 1000 408 115996 139112
d 80482 34161
d 84763 92976
r 1400 263 69150 60544
d 42675 105115
d 99442 67259
d 41774 63711
d 95386 105750
r 1000 339 50782 24544
d 101958 44825
d 1531 16438
r 1200 298 137642 128494
d 55624 111580
d 119004 118245
d 67566 8443
d 19617 128210
r 1800 243 99700 114416
d 1088 82266
d 32424 7597
r 1800 168 101040 58040
d 7458 129808
d 85171 980
d 33868 125411
d 18320 36040
r 1200 246 66532 77920
d 67728 119220
d 78432 131219
d 80753 16680
d 115746 110658
r 1600 327 4554 74170
d 128193 106012
r 1600 491 80714 64287
d 42233 87854
d 108034 117363
d 67338 112583
d 33825 64637
r 1000 235 20395 112532
d 783 90932
d 15375 121047
d 98302 42425
d 42678 43327
r 1000 110 7197 34296
d 35071 45667
d 12061 48238
r 1200 491 28136 31410
d 44397 118598
d 12380 21840
d 126717 125279
d 45605 134191
r 1200 392 73655 36610
d 70562 62760
d 7217 50549
r 1000 489 80424 79532
d 137483 114121
r 1600 279 8377 107292
d 111416 53115
d 16386 6439
r 1200 399 110583 965
d 69873 78025
d 22865 121772
r 1200 229 137898 5826
d 121835 76955
d 47577 23205
d 117494 122015
d 63721 69569
r 1800 135 18443 12327
d 32111 125261
d 137783 4440
d 85230 53372
d 126551 86399
r 1400 478 38684 73643
d 50469 113572
d 20850 79805
d 90956 120038
r 1800 184 12274 47199
d 70931 52792
d 37249 84037
d 116259 42592
d 78564 91428
r 1600 362 60446 97637
d 71459 114697
r 1800 309 31211 85961
d 111586 53290
d 39510 77492
d 8264 123562
d 113163 4143
r 1600 420 58251 129999
d 119294 25159
d 80695 13991
r 1400 253 74689 10830
d 26705 18507
d 56641 52243
d 134302 35554
r 1200 358 134609 85501
d 43134 75999
d 94289 111324
d 35713 75344
r 1200 386 14137 109808
d 127639 96761
d 14481 113372
r 1200 200 84918 83936
d 110547 97411
d 55189 20269
d 91284 40940
r 1200 485 71998 19507
d 49572 58092
d 1601 11282
d 91240 1452
d 107779 6213
r 1000 382 49896 65057
d 125708 73567
d 138112 137432
d 119193 51002
r 1400 434 15132 26620
d 9056 29963
d 108859 127626
d 30796 64558
r 1800 391 15684 32046
d 115072 73327
d 46379 139061
d 121422 87866
r 1600 187 118312 1293
d 128695 19706
r 1000 138 106178 105686
d 120008 15112
d 62296 17626
r 1600 218 99060 118833
d 115852 136700
d 4924 65850
r 1200 455 102374 1625
d 38897 89466
r 1000 122 19338 44071
d 32486 69251
d 107124 110689
d 131340 106339
d 124646 81784
r 1200 412 21215 81540
d 8814 55865
r 1200 174 2281 67278
d 68295 7408
d 87454 43319
d 116966 20654
d 122842 4340
r 1600 177 56174 106944
d 107743 94453
r 1600 460 135227 137848
d 95252 29419
d 118638 73289
r 1800 282 105930 119971
d 32331 28919
d 65895 59901
d 126082 27246
r 1400 482 78985 12954
d 61955 67164
r 1200 470 48920 125198
d 108607 120991
d 22268 93137
d 121661 42579
d 104568 136928
r 1600 348 57405 75375
d 39251 38357
d 15412 65148
d 52434 54043
r 1000 500 39006 136570
d 56888 2959
r 1000 213 37742 29347
d 93965 31799
r 1800 410 48147 110875
d 41573 65944
d 122655 66228
r 1200 216 53904 116445
d 121778 87125
d 72145 7744
r 1200 119 72036 88781
d 75845 80120
r 1400 103 96131 77152
d 134917 6121
d 4780 63799
d 38283 136092
d 73491 29256
r 1800 174 78930 60848
d 41673 80676
d 55448 120227
d 16973 110129
d 111961 77709
r 1200 428 52794 29171
d 87000 74910
d 44740 114306
r 1800 128 49427 7685
d 119803 19480
d 33232 82751
d 135384 39314
r 1400 389 79877 107948
d 135598 13638
d 82689 64516
d 33948 113169
d 14784 127216
r 1800 104 28693 52156
d 85042 58763
r 1400 155 58178 54794
d 30766 119213
d 4733 87458
d 56634 47198
r 1200 256 75854 113730
d 5229 78153
d 60088 23716
d 110466 66137
r 1400 435 8650 100689
d 71372 136956
r 1400 117 112875 4576
d 116575 18442
d 43301 38482
r 1400 299 17305 28326
d 34646 14430
d 83539 2728
r 1600 358 109053 98479
d 131182 19983
d 133886 73860
r 1400 357 23038 118698
d 92941 78873
d 135609 100146
r 1800 465 133344 11061
d 77692 24186
d 41704 54977
d 19397 70808
r 1000 151 46223 7639
d 17525 3363
d 23841 17492
d 106300 29495
d 52191 131674
r 1600 217 118731 71689
d 52350 861
d 138556 130294
d 12906 17949
r 1200 302 75743 19959
d 131296 40492
d 32777 58400
r 1200 442 40792 132988
d 59850 138130
r 1200 484 138536 64235
d 43578 40772
d 29692 30838
d 10949 10820
r 1400 449 21246 136088
d 16810 106017
d 129870 45171
r 1200 430 69532 29841
d 118415 78002
r 1400 393 22950 7000
d 103987 33224
d 14027 91148
d 74604 98653
r 1000 231 10800 54949
d 80039 105025
d 36696 602
r 1200 281 104590 132966
d 78379 4315
d 89038 106519
d 32346 23239
r 1800 428 128270 55619
d 101860 34401
d 18360 106796
d 95772 129657
d 45979 63971
r 1200 485 16911 107421
d 114974 24306
d 135039 134357
d 78210 82520
d 125566 124596
r 1600 253 19197 5733
d 101021 123205
r 1200 224 55894 60943
d 87926 133657
d 136875 74956
d 8339 100215
d 130592 111575
r 1600 257 31091 49238
d 76829 14079
d 77221 39628
d 56685 73535
d 44469 138308
r 1200 252 18591 68512
d 106461 51660
r 1000 444 103882 71139
d 51060 113283
d 106254 29685
d 101582 48078
d 135739 108547
r 1600 384 128772 68830
d 20520 28949
d 96375 132415
d 38314 106737
r 1000 446 92139 75499
d 88397 83231
r 1800 242 57078 35509
d 123513 90213
d 44065 85725
d 20960 5685
d 75576 95491
r 1400 102 135948 101602
d 1298 93500
d 63673 93903
r 1800 365 102179 17692
d 101693 30603
d 13558 15492
r 1800 484 17636 95365
d 7738 36156
d 59979 40723
d 129161 1767
d 136666 115708
r 1400 290 103957 32677
d 52398 111246
d 111322 36437
d 129333 77155
r 1400 297 85741 129959
d 74819 81921
r 1000 484 37898 139300
d 67798 88995
d 118044 83352
r 1600 210 112904 28010
d 28082 26544
d 39294 96946
d 105664 113058
d 30025 23096
r 1200 322 4509 92743
d 29849 110182
d 131668 5853
d 79996 20506
r 1400 215 72497 118861
d 48991 24691
d 72975 9280
d 90760 54036
d 37679 116956
r 1000 160 119013 75933
d 126585 103902
d 10984 67676
r 1400 147 43810 95956
d 54033 97989
d 32773 40306
d 135900 8566
d 26788 130788
r 1800 284 127216 87057
d 102983 81489
d 24144 20974
d 88470 23882
r 1200 127 83425 1811
d 33388 82736
r 1400 230 24631 16287
d 72474 65541
r 1600 277 110808 79493
d 127023 15315
d 106480 11543
r 1800 227 37531 82890
d 111807 110751
d 40887 24884
d 23008 124664
d 121251 25652
r 1600 172 86229 102015
d 135113 47059
d 867 65106
d 37373 33540
r 1800 426 38296 109786
d 125476 69574
d 2847 35898
d 17313 107183
r 1600 172 57339 124735
d 101182 125957
r 1800 169 3869 6753
d 5209 43111
r 1000 198 131902 120081
d 33569 116881
d 58531 19567
d 117015 94823
d 125270 53882
r 1000 390 55688 27775
d 17239 124839
d 96167 59067
d 67166 67085
r 1800 179 107563 102248
d 65482 53902
d 132902 90140
r 1400 500 80163 120468
d 132501 49455
d 12016 69580
d 58255 12169
r 1800 296 129753 28770
d 93374 80183
r 1600 391 59191 59998
d 47547 59242
r 1600 315 53437 89463
d 108634 112341
d 101294 4136
r 1000 481 53439 86322
d 105003 120747
r 1400 454 16347 117971
d 85711 71907
d 112316 3966
d 20008 136460
r 1400 498 104949 66777
d 119443 69957
r 1000 169 75338 75326
d 98589 137911
d 31473 10387
d 2877 29383
d 131767 10498
r 1200 477 76664 124451
d 82855 7253
d 27525 91393
d 88044 73705
d 90891 21874
r 1000 371 30562 17901
d 41637 124268
d 66759 71257
r 1600 317 68833 83972
d 75568 42300
r 1400 483 132521 83111
d 17711 76920
d 122828 87699
r 1000 436 11439 108217
d 49314 117737
d 78641 3741
d 2691 64310
d 24991 43293
r 1200 479 48876 1754
d 42252 40155
d 65413 28159
d 40787 106868
d 63944 75973
r 1000 186 66858 53953
d 83520 68513
d 64396 75273
r 1200 270 94775 97280
d 52400 22728
d 135098 135443
d 73151 115197
d 91843 53343
r 1600 312 107960 62758
d 51343 138951
d 55979 53216
d 42349 93416
r 1400 216 980 28885
d 75439 56417
d 33031 107968
d 44293 82230
d 47683 133414
r 1200 167 75610 111103
d 7406 84427
d 89622 25442
d 87335 10864
d 92880 66938
r 1400 241 81731 39650
d 81199 91838
r 1600 108 115226 62319
d 45833 75082
r 1400 218 81967 54787
d 20003 132287
d 1463 85349
r 1000 500 29917 134961
d 121181 20225
r 1600 310 21522 59191
d 24939 19608
d 120226 66827
d 18142 4149
r 1400 424 28776 94938
d 34799 87831
d 70094 8058
r 1800 175 56992 9608
d 110641 23514
d 25086 41180
r 1000 448 132305 91316
d 20587 4637
d 64450 109478
r 1600 200 7878 62169
d 24646 101312
d 93466 72107
d 59792 52658
d 73510 15904
r 1400 131 65108 97569
d 16928 1304
d 95779 135840
d 130983 24642
d 133864 108735
r 1200 178 24717 122643
d 74189 75916
d 79190 109640
d 131471 18347
d 87069 67248
r 1000 373 92334 1268
d 111998 120869
r 1400 288 100523 99105
d 27797 127196
d 74825 89988
d 54734 113322
d 49037 66047
r 1600 445 34853 99867
d 120237 17890
d 26150 101674
r 1600 170 37431 56586
d 2243 129791
r 1400 180 53624 111928
d 49097 50131
d 6324 111397
d 66408 116417
r 1800 202 66705 32455
d 28435 14393
d 124896 60541
r 1400 481 100733 50365
d 80507 11325
d 128450 43440
r 1000 252 30459 70366
d 59275 2999
d 108927 36068
d 80279 58431
d 132357 58583
r 1800 345 70808 130999
d 52004 43169
d 103103 113316
d 64211 15688
d 27998 93080
r 1200 414 103350 91482
d 50879 67222
d 93477 116003
r 1000 267 112448 33152
d 48864 24923
d 9697 93667
r 1600 278 101084 87348
d 4521 63327
d 97045 57895
d 107863 9333
r 1200 336 61712 73857
d 28614 17409
r 1600 473 4625 9108
d 104059 55130
r 1600 304 49251 40915
d 123251 58184
d 108022 118289
r 1400 159 102791 47560
d 45266 105900
r 1200 230 3655 669
d 122935 100812
r 1200 421 49169 67139
d 93809 83985
r 1400 124 35264 105743
d 72524 45924
r 1600 251 76429 128799
d 40073 18703
d 26423 40682
r 1200 371 115262 41215
d 51318 133499
d 132343 105818
d 44081 26915
r 1000 499 126829 132619
d 8297 107679
d 28254 4271
d 50795 68823
r 1200 276 125021 24105
d 35522 136392
d 37552 70410
r 1800 495 63032 42080
d 112148 110626
d 106301 103020
d 134028 55645
d 125887 43139
r 1000 499 122592 96528
d 39105 25673
d 55596 25139
d 105708 78419
d 35825 101780
r 1000 355 112050 20966
d 26142 54320
r 1400 156 126328 80471
d 52611 38059
d 12772 116833
r 1000 126 131372 51677
d 103686 40586
r 1200 388 71119 44001
d 42691 44122
d 104135 78761
d 76234 113729
r 1200 412 46087 61192
d 14432 23337
d 104826 91838
d 132489 73963
d 109625 89985
r 1600 462 68098 39702
d 9317 80485
d 112019 75117
d 134458 114809
d 80457 119235
r 1600 472 95805 46561
d 88881 31738
d 64968 129695
d 97654 69628
r 1800 283 13004 128536
d 34401 49876
d 111653 83584
d 27800 47661
d 93567 79024
r 1800 137 47506 134079
d 57062 113232
r 1400 410 55424 86990
d 100735 81276
r 1400 492 118708 132462
d 12677 135877
d 64858 108985
d 3600 46143
r 1800 109 116708 35153
d 50041 83826
d 126003 103626
r 1200 306 36121 127143
d 19746 26888
d 88621 37134
d 86699 71467
d 74595 106779
r 1000 320 13074 92261
d 117964 42875
d 106029 81964
d 118757 128153
r 1400 294 17757 80487
d 46430 57460
r 1800 302 100684 26684
d 129409 136692
d 72249 5035
r 1000 321 57362 91413
d 82108 62475
d 104338 27090
d 38375 45677
r 1200 322 29047 80328
d 68491 138767
d 57168 120471
d 6486 111201
r 1000 103 29649 109002
d 33387 101406
d 35853 20414
r 1000 441 115814 92943
d 62956 83531
d 55320 45170
d 33088 43168
d 46848 2999
r 1800 160 69806 94672
d 111692 89426
d 97086 87611
d 3217 45772
r 1800 108 75263 24805
d 25903 56948
r 1600 174 44907 105949
d 123171 110941
d 128891 84583
r 1400 350 60876 59093
d 7781 129655
d 760 3359
r 1400 105 6880 88717
d 56287 112226
d 50460 24440
r 1200 467 88281 22539
d 11190 72778
d 20214 66460
d 65642 12385
d 12459 36619
r 1800 205 80669 21520
d 100635 25403
r 1200 115 48240 81121
d 88493 84343
d 49367 30976
d 19407 126782
r 1600 494 108715 71428
d 108056 72107
d 7476 110217
d 101222 3419
r 1800 148 10039 42726
d 46016 71778
r 1800 133 71643 76512
d 77681 99463
d 91030 22804
d 57949 14643
d 86764 101379
r 1600 248 31339 73896
d 51190 27274
d 83905 42093
d 39421 111561
d 8780 42095
r 1400 214 123977 13090
d 99316 63474
d 38100 37200
d 97042 14105
d 34104 62648
r 1600 330 119882 86723
d 44486 108222
d 129836 2366
d 23688 72531
r 1400 247 137190 9045
d 25649 80128
d 135109 74122
d 68873 90398
r 1600 448 25578 72690
d 75644 67340
d 79005 91207
d 19188 108756
r 1200 396 24216 51440
d 108225 123043
r 1400 359 3982 106739
d 18182 128146
d 6040 9303
d 117525 62525
r 1600 489 24496 33267
d 128512 116132
r 1200 239 27582 46214
d 121560 63958
d 121951 29650
d 122518 138560
d 75832 96028
r 1600 167 84717 59623
d 70207 113727
d 11483 118273
d 59447 81136
d 34360 124836
r 1400 330 84242 80548
d 8248 13919
r 1000 479 106546 49350
d 99112 110088
d 90512 39701
d 85810 133648
d 39292 6242
r 1400 202 118120 30618
d 136916 93303
r 1200 209 74773 59758
d 6562 57165
d 111094 28943
d 139113 5145
d 78691 75941
r 1000 166 20966 76473
d 17126 79359
d 92257 109414
r 1000 118 15493 121737
d 29795 32720
d 85609 43083
d 17604 99684
d 12169 58412
r 1000 287 110118 104690
d 95049 19455
r 1000 326 13162 137938
d 59972 77782
r 1200 342 69471 36559
d 76814 79640
r 1000 149 124985 839
d 92250 1343
r 1200 346 19989 22252
d 139058 4757
d 59284 127156
r 1800 333 44762 54880
d 27880 45676
d 53253 49567
d 88495 131453
r 1000 390 8856 74411
d 75982 115425
d 94014 63237
r 1200 385 22593 46187
d 115114 12330
d 73462 33828
d 62388 66004
d 16402 57677
r 1400 388 83633 5809
d 91409 53012
r 1400 261 24935 102768
d 15543 98373
d 57229 66407
d 6366 20040
r 1800 473 7001 20095
d 21296 39062
d 77341 23760
d 3368 67656
d 23623 23010
r 1600 136 123662 45381
d 105495 114728
d 82437 24317
d 29627 82708
d 96955 80217
r 1000 187 132209 30777
d 13911 9438
r 1800 114 112761 99486
d 134236 138545
d 66203 90909
d 84467 26987
d 43845 82848
r 1800 451 28642 38092
d 58664 113052
r 1600 122 137676 86809
d 82852 121270
d 44125 49399
r 1200 452 43680 74823
d 94338 75064
d 11682 110947
r 1800 493 53391 2875
d 72815 100660
r 1400 347 47425 34183
d 115954 35349
d 93763 78124
d 97854 106462
d 94243 99976
r 1600 452 138565 12402
d 117131 101794
d 17854 24159
d 83242 36440
d 2742 103758
r 1600 151 54031 20486
d 122382 91124
r 1600 289 118092 122035
d 72809 95108
d 128357 90160
d 61318 55182
r 1600 117 71930 13307
d 33815 107215
d 4673 26918
d 128125 77299
r 1400 216 7206 125271
d 4265 12447
d 7632 91231
d 49022 48494
d 68333 80761
r 1200 129 25329 131414
d 99669 73265
d 4241 120147
d 13202 12433
r 1400 334 3652 64913
d 79650 64634
r 1600 321 104154 79203
d 86859 42471
d 72672 38994
r 1800 491 87298 62208
d 107690 19308
d 42580 28168
r 1200 299 101189 96286
d 15249 21191
r 1200 500 54519 123265
d 50195 130486
r 1200 103 108981 123504
d 18710 13787
d 90258 7299
d 128553 64471
d 114798 85509
r 1600 383 134639 129934
d 87006 22253
d 122150 132525
d 17605 105604
r 1600 451 59301 87738
d 124419 55366
d 105039 97202
d 51337 50218
d 78022 60047
r 1000 166 70021 127040
d 33530 17937
d 130504 109842
d 124525 68873
r 1200 415 13795 10811
d 103061 29880
d 105828 103677
d 91700 27172
r 1800 246 59005 114526
d 78346 84959
d 107089 77368
d 80400 86646
r 1600 241 110407 35760
d 107521 28872
d 125068 102005
r 1000 329 42016 31667
d 106738 80566
r 1400 321 111496 121433
d 17731 14725
r 1400 122 108991 6635
d 39379 119058
d 18889 67891
r 1600 455 49141 85400
d 48092 132137
r 1000 251 50995 118682
d 133161 127240
d 118119 79684
d 102356 33165
r 1600 141 43837 15833
d 2807 120462
r 1600 259 133663 60569
d 34336 31391
d 29483 2509
r 1000 142 31620 2944
d 110613 137930
r 1000 260 70613 122036
d 39257 130151
r 1800 257 35019 62304
d 95652 128653
d 102536 40874
d 124065 115489
d 56574 128868
r 1000 226 22540 71319
d 117176 26304
d 127070 27503
r 1000 492 17251 92381
d 100693 37027
d 136771 12205
d 31859 33959
r 1200 139 97959 72522
d 83656 82215
d 24839 125963
d 50843 132461
r 1000 312 2510 121525
d 133274 123798
d 89824 84292
r 1800 219 91038 62547
d 128275 27822
d 106108 112002
d 84955 79160
r 1000 379 83195 46023
d 76501 23505
r 1800 197 99465 10275
d 125761 39000
d 98546 10715
d 29927 134305
r 1800 375 73021 61161
d 117595 48439
d 120212 85010
d 67554 16744
r 1000 306 120187 49370
d 117064 90199
d 72221 123161
d 107678 3406
r 1800 147 44885 111329
d 24829 70562
d 91680 133413
d 94027 111706
d 14520 136849
r 1800 199 20133 32110
d 15727 8360
d 60474 138538
d 2118 42184
r 1800 168 69780 66054
d 93171 128369
d 42669 127735
d 128380 45917
d 36182 39886
r 1200 417 79725 123867
d 93987 138070
r 1800 384 62872 120722
d 43777 27398
d 86043 55362
d 44984 93761
r 1000 433 57830 6197
d 23332 116299
r 1200 457 86340 86720
d 132071 119265
d 82905 29611
d 116611 44114
d 26597 128994
r 1600 373 31630 65820
d 43156 127541
d 47935 32140
d 120436 20153
r 1400 186 129293 136034
d 80938 7046
r 1000 285 28866 111208
d 26386 26246
d 41422 60870
d 100562 100660
d 109992 20101
r 1200 185 32217 106890
d 32792 64576
d 88777 85005
d 37088 68517
d 35704 1181
r 1200 128 8732 15314
d 80594 60256
d 82489 128064
d 114938 83709
d 3129 100980
r 1400 233 137888 117493
d 60541 32370
d 60331 87463
r 1000 145 35179 58475
d 22349 27356
d 68820 35183
d 116026 62253
d 12999 119215
r 1600 446 120769 33536
d 15409 39415
d 102560 103015
d 83857 81303
d 65126 12050
r 1200 266 131867 48993
d 96595 127448
r 1400 370 114437 130406
d 54428 104372
d 134509 53157
d 43151 4404
r 1400 337 81249 84271
d 61004 17215
d 78753 9604
d 128820 101667
r 1000 493 9574 71159
d 19825 43644
d 103164 72165
d 9791 1246
d 130305 26008
r 1800 173 38670 48528
d 51593 48265
r 1200 354 74800 54716
d 129832 94650
d 83103 88679
d 17512 108812
d 99555 75820
r 1000 454 22239 123142
d 80030 36336
r 1800 259 71848 52649
d 35718 105768
r 1200 288 16561 19528
d 111168 15510
r 1600 318 101601 15192
d 3249 113556
d 56786 67377
d 82044 46140
d 117330 14998
r 1800 432 66924 43204
d 103217 56453
d 51453 62019
d 49711 76723
d 129875 15528
r 1800 300 109012 117904
d 46813 107733
r 1400 336 113921 124984
d 133370 72954
d 113327 138416
d 60246 59716
d 105166 12204
r 1600 340 89208 101132
d 118083 65123
d 105643 66624
d 33887 38009
d 100861 107733
r 1600 444 132304 107488
d 21545 14536
r 1000 104 14524 92520
d 98853 26306
d 132195 45679
r 1600 331 120923 15537
d 70374 61480
r 1000 194 16045 39396
d 5957 2098
d 120493 55080
d 59028 32529
r 1400 179 115315 97286
d 739 118707
r 1000 274 10798 79477
d 61007 112496
d 81025 48902
d 41209 106490
d 13920 111187
r 1800 286 98662 80930
d 132937 20590
d 109388 116926
d 91873 117640
r 1000 267 41561 131016
d 91455 136271
d 88891 100536
d 102778 31740
r 1600 472 17098 111125
d 97712 12176
r 1000 203 47119 97070
d 20869 111887
r 1600 365 129183 33282
d 120041 95229
d 22079 107229
d 64410 57271
r 1600 458 11666 73745
d 50575 117132
d 7398 131299
d 113737 30005
d 133536 59044
r 1600 146 65086 5041
d 5613 99788
r 1800 128 69456 103868
d 78322 102878
r 1600 252 72999 66711
d 139093 54897
d 103179 40650
d 107941 71265
d 86721 116214
r 1000 281 68722 110531
d 81412 69607
d 97883 123764
r 1400 174 19258 36780
d 20513 72390
d 108235 49294
r 1800 472 126931 6857
d 22450 97666
r 1600 297 133992 134577
d 77341 91181
d 137973 82049
r 1400 199 63999 22307
d 64378 124580
d 14812 138947
r 1600 140 89660 79256
d 56766 32334
d 1048 43067
d 54668 77676
d 14885 42203
r 1800 484 107600 13719
d 20166 58614
d 132935 21807
d 123702 83312
r 1600 434 102839 97375
d 87176 86520
d 77515 131302
d 52741 55650
d 14673 69690
r 1600 372 25189 126673
d 83631 79554
d 63631 26535
d 119590 64898
r 1600 191 132837 27215
d 13283 87714
d 105584 2941
d 36108 134673
r 1200 132 66346 26364
d 112949 12460
d 29657 137639
d 110019 136256
r 1000 375 131585 44318
d 9116 50266
d 45773 111636
d 89777 82886
r 1400 388 28347 67000
d 47933 132956
r 1800 444 53569 100778
d 133429 50435
d 47104 126227
r 1800 336 93346 37766
d 66085 128502
d 13306 66401
r 1800 345 86269 121173
d 44896 50548
d 36598 65964
d 42656 10608
d 76232 82997
r 1000 131 118539 46902
d 125918 22872
d 83720 86549
r 1600 413 61543 101461
d 57427 124732
d 107470 66749
d 22224 41489
r 1400 418 136424 47992
d 14051 117203
r 1000 477 5680 10877
d 84179 7152
d 136329 57721
d 94625 19692
d 97432 114760
r 1600 412 99319 37743
d 119277 117756
d 32903 17595
d 21827 106232
r 1800 217 72717 47973
d 138218 139079
d 101682 19132
d 91281 33506
d 3686 8491
r 1400 200 51035 18470
d 88975 74110
r 1800 203 48514 25046
d 135282 69090
d 87615 1261
d 34948 36117
d 7549 22024
r 1400 243 78595 90831
d 78187 11575
d 38569 108754
d 137205 66617
d 134163 62783
r 1000 403 93767 137869
d 114662 54219
r 1000 113 84461 118291
d 19136 66381
d 129587 132510
d 104235 119417
d 125171 45878
r 1800 358 65662 88852
d 6820 72206
d 57970 39816
d 61092 61483
r 1600 128 119370 90039
d 136828 122954
d 79275 126226
d 78140 107773
r 1000 155 6950 15602
d 28924 64473
d 117622 128861
r 1400 310 42431 85092
d 36947 44135
r 1600 351 7943 2688
d 25829 5303
d 134583 27057
r 1600 336 91007 72065
d 44574 82040
d 130877 116825
d 9203 53112
d 28650 59472
r 1600 364 136843 30358
d 58844 61269
r 1600 269 2719 99658
d 53423 32433
d 107880 9112
r 1200 480 58505 70418
d 77903 82047
r 1600 361 61224 105732
d 5526 18891
d 122666 134321
r 1600 477 92267 126733
d 93314 95144
d 108203 135320
d 127831 30612
