g 30 30 2000
r 1800 260 42180 40871
d 6349 7181
d 37087 46907
r 1600 466 52257 30835
d 11727 20100
d 49377 39942
d 31497 24340
r 1800 374 43171 55111
d 47961 49708
d 46068 25201
r 1600 334 1369 7248
d 31113 16439
d 12364 31651
d 1099 9060
r 1000 168 34748 48726
d 47521 13253
d 30358 43076
r 1200 238 55646 30487
d 42932 28607
d 49269 45819
d 13789 32776
r 1600 198 13404 34168
d 24692 10730
d 42378 19938
d 8805 22364
r 1600 329 6998 29970
d 58113 54507
d 12839 20846
r 1800 488 3529 36708
d 23002 5280
d 32529 8643
d 37866 10023
r 1200 409 37105 13899
d 9893 23750
d 3488 3068
d 41065 36825
d 52280 7745
r 1600 417 36662 19783
d 21277 44647
r 1800 491 50533 27672
d 38733 21822
d 28370 1834
d 34443 13928
d 52011 48396
r 1200 377 11433 7176
d 58013 55972
d 32565 52385
d 2326 22706
d 9462 41674
r 1800 158 41591 6694
d 41576 42050
d 8891 24574
d 45147 35667
r 1600 108 39205 28501
d 7250 24502
d 51323 10218
d 47230 47713
d 13854 33436
r 1400 136 43500 25612
d 21721 26527
d 32936 18505
d 32229 16411
r 1600 420 22971 13472
d 10656 5754
d 14480 55844
r 1600 310 1044 31545
d 40914 55719
d 58714 28828
d 50137 56131
d 35366 57460
r 1400 178 35288 38538
d 22852 16369
r 1000 218 59210 51116
d 35983 3412
d 38841 3739
d 49509 32114
d 26344 19215
r 1600 223 34636 23054
d 26338 17292
d 33174 12712
d 3897 5101
r 1000 255 27883 39487
d 40138 3522
d 52582 52580
r 1000 374 25729 18136
d 1144 44226
d 48895 1914
r 1200 194 40269 54193
d 35100 55272
d 36013 56712
d 46435 41710
r 1000 384 24443 41613
d 7375 10324
d 52927 47532
r 1400 296 51433 2243
d 38402 40394
d 38881 51359
d 6530 3221
d 8233 11746
r 1600 424 31392 48490
d 21864 45804
d 48056 21556
d 19496 43425
d 32094 26580
r 1800 199 47360 3587
d 31706 16401
d 27767 17527
r 1400 107 51710 15432
d 22008 2243
d 54861 24301
d 36946 11686
r 1000 291 22452 53730
d 42381 18291
d 24687 6328
r 1200 426 48342 16407
d 37718 9233
d 16738 16478
d 3527 56426
r 1400 475 23588 30469
d 41620 15177
r 1400 381 7299 47991
d 33955 44655
d 24364 50288
d 29133 1540
d 13894 34289
r 1400 143 27746 22839
d 17726 6724
d 47127 53976
d 50536 46591
d 34051 27001
r 1800 390 28319 45367
d 15489 4661
d 1707 11825
r 1200 403 13295 37734
d 46742 12867
d 50962 45432
r 1200 495 18747 39285
d 54450 25092
r 1200 221 33069 26592
d 56700 3137
d 12197 52971
d 12726 55442
d 24679 29164
r 1600 344 28548 8125
d 26393 21761
d 14274 21689
d 17310 40920
r 1200 296 57980 4375
d 49451 48833
d 7218 31384
d 8167 50702
d 23789 36500
r 1400 409 5600 20577
d 8145 27395
d 8697 29648
d 13666 19255
d 48818 2780
r 1800 436 44638 22615
d 9954 43422
d 27972 10971
d 54144 50618
r 1200 426 24626 11891
d 37777 57593
r 1200 417 21900 1531
d 11662 1466
r 1000 360 16945 36957
d 47754 26415
d 45125 24211
d 31601 10566
d 11716 35701
