g 80 80 2000
r 1200 306 66114 79921
d 151834 33409
r 1600 460 47336 27550
d 43363 133803
d 84905 79438
d 144407 9246
d 131684 90060
r 1000 144 14219 128435
d 48288 11380
r 1000 340 131950 145445
d 23844 63197
r 1600 219 37387 126708
d 18027 82680
d 53580 107975
r 1400 299 49316 65122
d 114094 147320
d 36380 92405
d 110795 113150
d 61000 68026
r 1000 289 31520 136539
d 143274 87505
d 20945 116091
d 53336 71808
r 1200 486 154551 102517
d 50602 68878
r 1000 128 46750 154815
d 131087 60358
d 124960 36986
d 41403 99559
r 1000 215 153223 16449
d 121257 25342
d 158300 81704
d 67055 76779
d 110757 75917
r 1800 298 147471 26847
d 49196 51290
r 1000 473 155694 35648
d 133096 63155
d 138116 130778
d 51057 26227
r 1600 322 150669 1113
d 143827 23054
d 72455 112249
d 97268 48278
d 129496 150624
r 1000 454 69509 128879
d 122410 42009
d 121462 115647
d 127889 137782
d 54030 143452
r 1200 238 55913 149065
d 59901 140368
d 4202 55359
d 60824 53967
d 107836 151381
r 1600 419 117680 116745
d 14902 18087
r 1200 323 87706 17878
d 151329 120383
r 1600 262 150830 107657
d 95935 126295
d 112511 4198
d 96372 24961
d 49130 80998
r 1800 168 118122 4554
d 76582 107401
d 26328 45444
d 143211 101400
d 52478 112083
r 1000 389 126020 128156
d 63168 48999
d 144240 39534
d 80493 126941
d 127612 115203
r 1000 298 88716 55878
d 33156 42992
d 10939 74307
r 1400 162 115739 120696
d 56500 39966
r 1000 453 149010 5054
d 27511 120231
r 1000 257 148325 104621
d 15282 2708
d 128377 87625
d 29516 69632
d 152030 70156
r 1600 173 78934 130573
d 61342 54806
d 144198 63664
d 112302 148665
d 52619 110960
r 1600 142 140976 104393
d 3867 9146
r 1400 288 19104 21828
d 142453 93962
d 64876 7311
d 11181 104832
d 60238 62073
r 1400 297 146180 100892
d 98837 10655
d 39640 102569
d 131578 27173
d 65954 93147
r 1800 101 81487 97772
d 106966 127787
r 1800 340 128388 68661
d 96437 70731
d 119443 38895
r 1800 478 81239 9995
d 99536 100242
d 107362 39171
d 26470 142583
d 67367 16364
r 1600 195 98574 15958
d 87856 40232
d 109484 31986
r 1400 295 14566 52871
d 136951 45527
d 115718 150940
d 17678 36939
r 1800 383 52863 133395
d 112236 23766
r 1600 178 107703 88662
d 106085 97310
d 71276 91928
r 1200 431 107885 25906
d 43725 1808
r 1800 450 70496 134716
d 53050 137040
d 46886 147651
d 120613 86668
r 1200 417 107445 4187
d 96621 52965
d 91575 27472
r 1600 294 144076 95067
d 95371 114967
r 1600 121 89739 121726
d 47716 60865
d 97654 45880
d 99781 33302
r 1800 320 54057 59760
d 104634 80777
d 13504 105091
d 21560 38231
r 1400 456 124818 18284
d 7467 129161
d 62495 9145
d 82470 111813
d 118396 121650
r 1000 288 134179 90916
d 45295 37583
d 30945 14329
d 158304 78991
r 1400 117 77048 63384
d 136259 32086
d 85227 149652
d 153692 75443
d 103084 118358
r 1800 207 47795 148835
d 154577 69217
r 1800 271 158448 6885
d 65249 83808
d 61659 67077
d 123448 85808
r 1000 265 100489 83077
d 149397 129318
d 5986 23724
d 23483 71009
r 1600 273 23996 126073
d 11141 1033
d 136925 96613
r 1400 383 36928 99865
d 49431 93862
r 1200 284 98383 141309
d 27054 127724
r 1600 262 71045 65123
d 99514 23530
d 122342 84521
d 87958 154664
d 80780 38185
r 1600 257 14078 32837
d 82400 62361
d 158728 50160
d 128249 63000
r 1200 374 128798 87526
d 68243 135546
r 1000 223 37145 38600
d 61945 59069
d 133340 90270
d 136729 143280
d 76953 99696
r 1000 405 107925 46570
d 24015 124503
d 1487 108131
d 126627 78943
r 1000 248 127165 70549
d 44513 130768
d 54255 117767
r 1400 441 49813 89140
d 110446 76978
d 8432 26712
d 124638 32831
d 142974 43891
r 1400 423 12485 111725
d 130593 3047
r 1600 299 121744 151084
d 97286 74408
d 146297 85861
d 51087 102209
d 90364 139623
r 1800 106 76803 30251
d 63516 116999
d 89924 12711
d 24477 95398
r 1200 432 134095 37461
d 126247 88273
d 148333 54731
d 22001 58910
d 152079 42312
r 1200 103 75535 5085
d 51359 37395
d 86299 132101
r 1400 303 99732 70549
d 125732 151099
d 155719 88873
r 1000 168 21223 36164
d 122411 50901
d 99715 94565
d 46892 23418
r 1800 144 3011 24507
d 157239 143676
r 1000 415 89014 115087
d 95129 56441
d 45338 120338
r 1600 295 65893 30939
d 10618 47464
r 1400 317 16747 36846
d 89097 75901
d 94675 82983
d 157523 30817
r 1600 409 101091 51859
d 38851 125884
d 34575 125440
d 67500 156447
d 149684 9025
r 1000 161 84189 144122
d 15218 62723
d 97808 133670
r 1600 139 137439 108291
d 126929 135802
d 144705 36504
d 120271 114373
r 1600 265 102441 17450
d 157849 47614
r 1200 322 147811 126226
d 97781 33338
d 156028 52385
d 8658 156343
r 1800 330 133413 118237
d 79540 67145
d 100048 154548
d 10712 124004
d 151678 136767
r 1000 499 113073 32818
d 145627 153154
d 41926 17998
d 6563 85374
r 1400 319 20666 111009
d 66880 157014
d 94919 11465
d 15249 113831
d 70485 24424
r 1000 234 110205 111371
d 95243 45609
d 141315 135243
r 1600 327 127473 62680
d 30428 158911
d 85868 72660
d 88259 25489
r 1600 260 145819 29066
d 122359 55931
r 1400 235 96047 32774
d 36357 158709
r 1600 465 55929 94662
d 102841 56128
d 7180 152280
r 1800 203 15136 25724
d 81226 18361
d 108651 158482
r 1800 137 115245 132892
d 58911 64281
d 153498 18414
d 43316 91869
r 1800 191 151007 28887
d 158361 110373
d 39058 99139
r 1600 480 115672 124182
d 69772 125245
d 63795 126624
d 151110 7658
r 1200 287 21230 107180
d 46885 22854
d 19899 44683
d 33797 70001
d 77135 19990
r 1400 481 45716 109533
d 82356 44051
d 153174 62669
d 37386 105654
d 42224 65944
r 1000 404 35991 129533
d 20576 86095
d 16864 56484
d 57690 62700
d 31638 150346
r 1400 371 40988 36638
d 53532 142298
d 48200 88465
r 1200 162 100020 66718
d 90677 48201
d 22412 109870
r 1400 319 148023 131444
d 15198 57064
d 67216 63240
d 4790 65112
d 115823 121746
r 1800 308 133536 88571
d 3373 61736
r 1400 397 142414 49365
d 96783 154297
d 134557 50027
d 61106 31943
d 104512 1745
r 1400 498 16565 47077
d 86796 85801
d 87211 81004
d 156436 15462
d 122468 1478
r 1000 309 144826 130504
d 52060 142250
d 86483 2622
r 1000 425 55455 14189
d 140673 129089
d 80976 63114
d 69065 67511
r 1400 107 108668 7154
d 145261 119916
r 1200 330 91858 10144
d 74580 64999
r 1400 264 3309 123279
d 126016 48746
d 60802 140841
d 120758 51338
r 1000 406 55861 33020
d 24180 154681
d 98756 66223
d 155029 158806
d 45327 154493
r 1800 312 145775 2504
d 83455 129286
d 57824 19362
r 1800 382 25559 110301
d 127502 108504
d 84650 91392
d 105123 119046
d 79021 12629
r 1200 426 61908 38564
d 8471 152779
r 1400 481 157529 148244
d 51119 75577
r 1400 417 91492 16460
d 57057 151107
d 10081 91320
d 85331 142144
r 1400 467 131488 33385
d 11400 85180
r 1400 153 119117 25119
d 28881 149029
d 104211 77202
d 116670 9259
r 1200 268 100335 48445
d 122827 52190
d 123175 7750
d 50746 113784
r 1000 434 19374 151382
d 100769 19150
d 42664 93190
r 1000 165 72771 78706
d 92023 61786
r 1600 172 47826 75560
d 79628 154044
d 85556 74944
r 1600 469 94589 62411
d 49957 71747
d 77072 87925
d 57933 37784
d 16017 59473
r 1200 293 52791 143209
d 31219 44105
d 75729 127029
r 1000 345 44090 159002
d 113313 32445
d 59300 121472
d 8800 104698
d 104478 106235
r 1800 453 40327 89761
d 4784 152639
r 1400 322 130603 147299
d 1829 123394
d 7255 156431
d 55910 51657
d 102395 136982
r 1000 387 8057 138221
d 146987 6189
r 1400 479 104775 50869
d 142394 116411
d 131383 142412
r 1400 247 9188 113430
d 144044 12368
d 14931 99175
d 72898 56108
r 1400 228 129457 127558
d 80595 74391
r 1000 475 80977 154306
d 2506 92699
d 144197 101338
d 149705 136565
d 38957 95365
r 1600 174 104815 45577
d 18575 98400
d 68558 11198
d 37028 158344
r 1800 494 92367 155024
d 120994 77465
d 56116 55857
d 67178 101585
r 1800 356 42742 60213
d 70632 54685
d 139356 79578
d 4402 25437
r 1000 327 149657 32655
d 84800 105812
d 90306 25314
r 1200 385 42471 155093
d 89266 143826
d 127277 89974
d 152203 89193
d 106239 19885
r 1200 277 64766 132693
d 28263 138054
d 46225 119748
d 12570 143392
d 149367 55914
r 1400 270 23504 96118
d 89497 69097
d 15429 32212
r 1800 424 148232 21450
d 89753 81283
d 120991 2735
r 1000 426 49430 50496
d 103641 8911
r 1400 307 45463 51752
d 47732 99203
r 1000 271 77437 53950
d 47842 151820
d 6700 37511
r 1200 396 56874 155515
d 108628 41576
d 33945 68560
r 1000 228 91413 107520
d 131784 71170
d 3018 135607
d 103082 81941
d 11211 96605
r 1200 442 115019 1981
d 139684 152814
d 35201 57617
r 1400 276 829 131995
d 117727 58051
d 70950 905
r 1600 150 2444 153415
d 159081 87986
d 103265 97386
d 32927 57505
d 60856 68970
r 1800 454 44122 136427
d 33606 133530
d 58974 103541
d 145799 129115
d 25445 141307
r 1600 292 74829 7856
d 136874 115587
r 1800 286 136632 141940
d 140580 102208
d 151792 83502
d 96446 138554
d 108319 16011
r 1800 110 15077 151139
d 41653 127254
d 150264 1817
d 67064 16742
r 1800 214 97815 91509
d 93362 51900
d 2149 139361
d 55007 13702
r 1800 316 91986 75691
d 95210 26263
d 137017 44602
d 70273 128157
r 1400 348 42348 156827
d 135370 141919
d 43445 53953
d 75338 101740
r 1000 408 94203 91302
d 94511 153429
d 63068 96648
d 154121 104663
r 1400 263 132811 17057
d 4622 39284
d 99610 6790
d 35895 7925
d 28377 120844
r 1000 339 107780 39012
d 108372 31342
d 96887 80825
r 1200 298 123356 131849
d 147000 79823
r 1800 243 121135 60078
d 77911 51361
d 145497 96373
r 1800 168 96102 85551
d 26629 32367
d 14157 117791
r 1200 246 137358 120626
d 83141 158405
d 106224 23393
d 82335 51306
r 1600 327 8286 40429
d 60372 14363
d 27051 67528
r 1600 491 102012 132357
d 123154 132038
d 69597 134305
d 128680 27656
r 1000 235 33031 52020
d 135418 29618
r 1000 110 112042 75258
d 20658 20735
d 123388 89247
r 1200 491 51260 117909
d 81672 80151
d 69135 140940
r 1200 392 23502 136711
d 127501 101645
r 1000 489 155675 115021
d 125227 143549
r 1600 279 121321 64498
d 80899 35654
d 44292 95990
d 51730 41865
r 1200 399 138947 41391
d 111392 98291
d 116691 105956
r 1200 229 148936 78486
d 40522 76805
d 105552 122439
d 54930 66771
d 43551 56495
r 1800 135 45475 99600
d 46689 47132
d 107156 22512
r 1400 478 11397 65728
d 51082 8907
r 1800 184 11526 137892
d 11973 150347
d 50058 102086
r 1600 362 62335 149386
d 112796 126599
d 148735 155334
d 140361 107614
d 130049 155113
r 1800 309 116552 62686
d 133093 89195
d 13815 147634
d 150601 74276
d 60938 128619
r 1600 420 81632 77948
d 62140 46543
d 124877 9347
d 97460 147217
r 1400 253 112616 47745
d 93382 26329
d 128547 146132
r 1200 358 56377 85886
d 106417 86108
r 1200 386 123144 79420
d 132801 98310
d 10699 30987
d 154983 130619
d 67583 19327
r 1200 200 30325 46004
d 107119 54114
r 1200 485 79708 144894
d 156053 31920
d 143455 106862
r 1000 382 56940 7399
d 65465 106215
d 48586 125914
r 1400 434 89096 131762
d 118050 12635
d 23688 120195
d 18850 144532
r 1800 391 120573 130049
d 107973 140371
d 127564 79162
d 137398 45935
d 94422 91166
r 1600 187 67988 156388
d 143075 92154
d 17910 58499
d 9431 54403
d 65402 53341
r 1000 138 64704 116252
d 135731 95764
d 47449 98976
d 148555 103030
d 110995 7494
r 1600 218 121417 38145
d 35205 30250
r 1200 455 18187 120570
d 118632 123288
d 130910 46711
d 118643 66075
r 1000 122 121924 158112
d 73984 104245
r 1200 412 129863 50020
d 131264 148217
d 40087 51600
d 48555 158086
d 63518 95825
r 1200 174 83012 107850
d 86663 71722
d 137162 29254
r 1600 177 23321 159157
d 94779 110981
r 1600 460 102976 33235
d 128747 28172
d 17720 7953
d 13175 94998
d 33042 32010
r 1800 282 41422 121071
d 49955 26395
r 1400 482 74888 110148
d 130883 53328
r 1200 470 46412 12652
d 130067 79344
r 1600 348 69779 143081
d 157310 86349
d 58423 19684
d 87997 100481
r 1000 500 76682 130275
d 107546 69029
d 79918 110485
d 111096 6626
d 152890 65781
r 1000 213 26903 19465
d 102182 132460
d 152501 97540
d 124899 45430
r 1800 410 40134 94028
d 16670 143824
d 75263 118488
d 38244 49560
r 1200 216 158790 27060
d 149257 148401
r 1200 119 91619 83194
d 51352 55979
r 1400 103 129146 43192
d 104417 135957
d 151561 69990
d 11257 158738
r 1800 174 3976 63111
d 40225 156036
d 98526 143830
d 110050 142007
r 1200 428 116179 89386
d 15802 64035
r 1800 128 25719 104848
d 23720 67336
d 122856 133283
d 113686 37929
d 54435 23180
r 1400 389 125075 70120
d 70888 85418
d 115143 55087
d 43866 101449
d 122986 29092
r 1800 104 73301 132472
d 73189 51808
d 86149 100962
d 157953 63993
r 1400 155 101861 26194
d 140013 25943
d 158679 12054
d 55019 106526
d 106881 72050
r 1200 256 41531 151371
d 55978 154876
d 34427 25861
r 1400 435 136097 14931
d 84244 16474
d 155913 142452
d 19131 140586
d 133419 30226
r 1400 117 26506 150552
d 143958 13207
d 3810 158768
d 124178 8662
d 115346 127592
r 1400 299 39010 152989
d 94807 58113
r 1600 358 103813 116648
d 15177 7458
d 154224 2423
d 88481 137783
d 8743 31572
r 1400 357 112939 151853
d 7311 25970
d 58479 16997
d 83751 112067
d 26891 50172
r 1800 465 58967 132449
d 13625 65907
r 1000 151 91122 61707
d 81497 37674
d 76307 105632
d 88263 105642
d 31333 62982
r 1600 217 123120 18421
d 22017 92986
d 100826 9326
d 155646 135199
d 106654 53788
r 1200 302 100296 154663
d 90294 62428
d 16427 38643
d 49671 132405
r 1200 442 83776 101935
d 122243 41179
d 141009 10593
r 1200 484 79909 36855
d 148759 80542
d 77232 114969
r 1400 449 20802 141661
d 112466 69222
d 49413 73896
r 1200 430 115086 84245
d 75684 26473
d 71232 125297
r 1400 393 27109 118578
d 68870 68091
d 89246 26722
r 1000 231 76871 97205
d 70020 137003
d 41538 85257
d 9629 24937
d 114299 28874
r 1200 281 19190 147679
d 69116 45663
r 1800 428 10739 146621
d 43263 80722
r 1200 485 8407 26968
d 98444 133852
d 87345 80860
d 73518 30211
d 47214 101887
r 1600 253 84013 66643
d 113921 56748
d 140458 38884
r 1200 224 96789 110745
d 80365 56170
d 155257 36852
d 9641 96372
r 1600 257 96846 2489
d 100934 55925
d 11078 10275
d 43287 77852
r 1200 252 26620 91733
d 91068 68736
r 1000 444 111288 5082
d 108190 8389
r 1600 384 49608 140578
d 20316 92248
d 50914 93011
d 144886 96618
d 102871 139202
r 1000 446 39236 2593
d 6776 108783
d 25272 101335
r 1800 242 151984 156468
d 146920 102510
d 10661 103349
r 1400 102 126593 13349
d 38790 88433
d 152105 48597
d 26271 142410
r 1800 365 122499 107729
d 154225 22371
d 62051 126223
d 48574 81618
d 109278 102355
r 1800 484 150177 149889
d 7819 154207
d 136505 81315
d 155901 34618
r 1400 290 77150 137959
d 101742 113527
d 1857 22633
d 68469 75135
d 21194 76717
r 1400 297 12990 117478
d 100323 105538
d 93551 93208
d 49380 50631
r 1000 484 22832 19095
d 151830 147220
d 81271 131834
d 139995 77463
r 1600 210 59792 82262
d 66055 82076
d 124455 155718
d 67576 93638
d 6861 14792
r 1200 322 110587 139848
d 144580 76408
r 1400 215 132192 113903
d 126422 63948
d 91262 59387
r 1000 160 51550 4274
d 102120 136242
r 1400 147 23574 6224
d 64428 118569
d 118956 134411
r 1800 284 36241 113731
d 9143 147726
r 1200 127 79067 18247
d 152532 49983
d 155357 56856
d 115633 136364
d 44607 124798
r 1400 230 146196 18213
d 142245 5176
d 86840 149906
r 1600 277 144427 15181
d 126785 88203
d 151080 54803
r 1800 227 137460 100233
d 132789 22159
d 4388 137378
r 1600 172 126234 136091
d 65549 78275
d 6747 113507
r 1800 426 43681 33844
d 121840 84400
d 32294 7237
d 64357 24840
r 1600 172 113649 25097
d 66241 42034
d 146952 123814
d 106627 89109
r 1800 169 9052 75509
d 8140 9641
d 50313 45345
r 1000 198 144920 56734
d 50218 3686
d 14984 90058
d 19527 13287
d 72291 111565
r 1000 390 22418 55194
d 62060 26344
d 41877 32274
r 1800 179 62606 21115
d 45402 103024
d 113583 1577
d 34436 59262
r 1400 500 94970 116296
d 125651 49895
d 146099 8274
d 26295 23799
r 1800 296 135311 151830
d 6750 110437
d 39372 90938
r 1600 391 138881 116310
d 148706 78920
d 130023 108979
d 130584 92465
d 42597 106313
r 1600 315 40874 23352
d 143882 66519
d 58708 5588
d 36013 95535
d 69474 157782
r 1000 481 90919 28576
d 145063 148066
d 87127 1465
r 1400 454 139294 25847
d 86389 14873
d 107253 115711
d 106773 59928
r 1400 498 95084 35973
d 11958 156131
d 5776 159160
d 142828 57625
d 108361 99155
r 1000 169 159269 99737
d 155907 126540
d 67614 16099
r 1200 477 135147 12460
d 85825 109997
d 73521 19334
r 1000 371 152481 104928
d 82636 155826
d 44026 103675
d 74134 15203
d 63690 31272
r 1600 317 154231 124224
d 157646 62544
d 63622 7848
d 56468 158796
d 146888 134818
r 1400 483 91877 36267
d 93346 80638
d 31347 58307
d 60698 129760
d 100652 142307
r 1000 436 147905 11269
d 24041 36944
d 151461 103639
d 52052 134092
r 1200 479 146461 13208
d 54717 42650
r 1000 186 22315 76684
d 138745 142775
d 136366 35665
d 123892 132997
d 159020 134822
r 1200 270 37428 137259
d 56935 137093
d 140417 86925
r 1600 312 4318 127437
d 61452 114628
d 73901 130548
d 38370 66221
r 1400 216 35834 2323
d 22712 105918
r 1200 167 96008 134785
d 26407 98119
d 57500 66064
d 55531 74431
r 1400 241 16539 30102
d 26011 58687
d 3909 56693
r 1600 108 1046 146758
d 4114 110657
d 15724 103812
d 36106 83888
d 14828 79162
r 1400 218 56143 122782
d 115643 91054
d 102521 76618
d 139285 118488
r 1000 500 43189 97940
d 21067 81819
d 58811 9362
r 1600 310 95930 144796
d 96923 7903
d 1926 95331
d 7185 27086
d 91404 23143
r 1400 424 9113 109034
d 21611 155516
d 141601 4709
d 62100 130219
d 141091 134922
r 1800 175 134625 74007
d 149233 55101
d 113391 22935
r 1000 448 67110 67761
d 152184 86258
d 142609 113799
d 77201 36502
d 31790 127127
r 1600 200 24993 47825
d 24450 123837
r 1400 131 8275 87106
d 70540 98241
d 30973 125773
r 1200 178 157109 10242
d 90097 95287
d 41571 92226
d 159060 85849
r 1000 373 101287 148565
d 21649 140393
d 150236 108085
d 152981 46106
d 81912 84100
r 1400 288 1689 48059
d 89133 10272
d 139140 140070
r 1600 445 126233 39589
d 42525 136868
d 136871 149792
r 1600 170 157060 31642
d 150405 151421
d 100553 13873
d 138536 119712
r 1400 180 59273 97798
d 121570 47268
d 91279 23854
d 131349 23913
d 84009 41339
r 1800 202 82864 45979
d 101692 48862
d 49628 7125
r 1400 481 87705 31416
d 58131 132860
d 157042 37009
d 132224 10926
r 1000 252 139473 77356
d 62518 109934
d 82377 15211
d 102064 60180
d 117417 50249
r 1800 345 121752 3844
d 154114 61446
d 25253 43018
r 1200 414 93890 49996
d 76398 56173
d 24546 133139
d 120217 21251
d 51749 102695
r 1000 267 64841 22770
d 89110 101162
d 63922 149650
d 119974 72974
d 127966 37454
r 1600 278 40808 33037
d 49881 87494
d 65463 104266
r 1200 336 79506 93605
d 98158 155571
d 55545 69167
d 60620 24693
r 1600 473 130413 12820
d 42666 46288
d 49657 11046
d 78370 75205
d 18485 80927
r 1600 304 53207 28298
d 45276 143935
d 112211 76000
r 1400 159 103421 139721
d 127399 3324
d 25732 103900
d 53601 103098
d 152798 79487
r 1200 230 47984 143145
d 81797 119640
d 15971 10627
r 1200 421 115345 67981
d 130540 4327
d 60695 35531
r 1400 124 39730 50446
d 75719 38760
d 154987 18194
d 54749 49583
r 1600 251 77732 7070
d 61486 107662
r 1200 371 105150 56351
d 38343 56000
d 103807 82486
d 107083 93018
d 80182 157213
r 1000 499 10225 54086
d 150059 59516
d 108955 95742
d 74702 69190
r 1200 276 55796 42497
d 127887 35257
r 1800 495 70686 56381
d 95303 79567
d 154725 104589
d 8257 80164
d 91567 33610
r 1000 499 121198 47053
d 42105 58008
d 19420 12329
d 108913 21491
r 1000 355 61547 141589
d 55794 71927
d 15427 148058
r 1400 156 12748 45905
d 159104 20366
d 15416 118625
d 117403 37377
d 150208 130012
r 1000 126 133772 106298
d 149876 14386
r 1200 388 114946 107163
d 44540 154153
r 1200 412 93213 111381
d 96804 29078
d 3895 91689
d 38163 87977
r 1600 462 137650 54654
d 84457 102339
d 52432 60662
d 40900 82792
r 1600 472 12339 17877
d 66803 77167
d 9451 26616
r 1800 283 119003 126735
d 71616 120600
d 119775 88879
d 77923 13797
r 1800 137 140719 44302
d 140936 24821
r 1400 410 36718 33094
d 123278 85153
d 84681 36683
r 1400 492 55346 100501
d 26309 143503
r 1800 109 41119 84318
d 143688 101969
d 76022 41596
d 25765 5939
r 1200 306 3165 135782
d 5180 149117
d 20175 78290
r 1000 320 67993 76885
d 81506 13749
r 1400 294 18451 64361
d 111551 59898
d 17998 64374
r 1800 302 16591 96367
d 23860 64023
d 48294 31182
d 74703 39855
r 1000 321 128222 11410
d 89737 158911
d 122631 89322
r 1200 322 791 138098
d 138955 136513
d 149780 33445
d 100268 103336
d 135121 22296
r 1000 103 155406 23894
d 63535 132641
d 77687 65587
r 1000 441 151171 63092
d 66863 115874
r 1800 160 24910 116456
d 79615 54929
d 42966 51413
d 35762 142896
d 40259 48540
r 1800 108 38998 149788
d 75659 137850
d 38544 7402
r 1600 174 115320 35180
d 5326 100121
d 4141 57340
r 1400 350 74541 102687
d 93642 65930
r 1400 105 21555 91770
d 20181 63681
d 122789 71856
d 15037 145079
d 84396 124323
r 1200 467 33302 46097
d 84813 68609
d 101411 52864
r 1800 205 5070 38009
d 140042 115834
r 1200 115 73240 140199
d 59351 114815
r 1600 494 117034 48335
d 152781 79205
d 20502 144747
r 1800 148 69809 16707
d 13113 8593
r 1800 133 88157 158061
d 24869 135428
r 1600 248 146006 157114
d 150251 6458
d 94113 116435
d 118596 11728
r 1400 214 104862 78699
d 28573 145090
d 78440 80573
d 17708 62059
d 21245 158022
r 1600 330 112191 52675
d 73359 100230
d 142169 42973
r 1400 247 150702 142538
d 80897 140239
r 1600 448 153593 110676
d 42103 104290
d 152657 109349
d 92173 103933
d 117678 100864
r 1200 396 53387 63068
d 29172 55970
d 29580 123355
d 90200 63756
d 10324 40984
r 1400 359 81280 148803
d 94880 57999
d 107654 117717
d 121084 117571
r 1600 489 56783 130598
d 147045 91403
d 92446 107140
d 147012 48285
d 89620 152116
r 1200 239 26288 100949
d 105944 30798
d 54769 87231
d 52333 26142
d 106341 148673
r 1600 167 20666 52394
d 50630 115722
d 107047 45126
d 74418 32016
r 1400 330 91961 93999
d 89380 35076
d 23226 134832
d 148666 88331
r 1000 479 28269 154131
d 91112 18852
d 60842 85751
d 58697 153227
d 87667 159367
r 1400 202 98605 133291
d 80056 737
d 97288 19561
d 149789 146901
d 51375 72221
r 1200 209 33167 129231
d 63890 98695
d 131097 20811
d 130221 127506
r 1000 166 158876 53388
d 101692 67180
r 1000 118 102934 71054
d 109034 61239
r 1000 287 19334 138655
d 31475 74072
d 125443 109546
d 90538 84323
d 36782 11001
r 1000 326 33017 58743
d 146939 55032
d 46503 56014
r 1200 342 126709 133393
d 103171 107409
r 1000 149 76315 56845
d 21945 127236
d 95048 38815
d 101675 143753
d 19648 149059
r 1200 346 150036 138541
d 98095 121182
r 1800 333 15994 138934
d 85736 124584
d 104892 9737
d 15284 129614
d 32668 108828
r 1000 390 103174 48856
d 128889 101068
d 28559 61035
r 1200 385 73154 8876
d 142605 91303
r 1400 388 89472 50818
d 125999 51722
d 84962 93989
r 1400 261 145073 109655
d 91650 24565
d 83649 94901
d 157991 151239
d 99331 66911
r 1800 473 32060 81589
d 58610 107654
d 152817 103362
r 1600 136 67684 85672
d 12015 133667
d 78773 139493
r 1000 187 137476 26327
d 82598 142731
d 19224 150132
d 75057 15454
r 1800 114 58213 146882
d 43949 92775
d 20314 45098
d 1051 109839
r 1800 451 49252 103883
d 77912 56229
r 1600 122 158594 66269
d 110820 35236
d 118015 25009
d 14815 139908
r 1200 452 146759 77854
d 5541 95686
d 135093 113411
d 23618 91149
r 1800 493 131035 30628
d 25994 54734
d 114819 17641
d 99273 102333
r 1400 347 14654 101338
d 95789 49520
d 50325 65383
r 1600 452 65242 37748
d 17916 116988
d 110105 71589
d 92979 76582
d 68280 67603
r 1600 151 14621 6910
d 140570 114564
d 127476 42591
d 45978 51141
d 147093 134263
r 1600 289 84457 21836
d 126425 1165
d 24083 18797
d 102022 14258
r 1600 117 28840 42724
d 136844 100967
r 1400 216 116105 136996
d 87669 1552
d 128718 26396
d 143401 57291
r 1200 129 45374 49321
d 23757 83762
d 20452 17205
d 104885 69668
d 69873 26739
r 1400 334 28625 33570
d 117495 37171
d 82449 972
d 56131 118689
r 1600 321 55012 121053
d 114982 66801
d 91307 71922
d 83102 55724
d 71605 12595
r 1800 491 1091 79980
d 87513 135189
d 89935 60187
d 9903 79994
r 1200 299 2133 96688
d 77595 128308
r 1200 500 119264 46749
d 127494 49343
d 23036 58882
d 73270 133792
d 95463 3429
r 1200 103 87385 139507
d 50081 96782
d 97452 116093
r 1600 383 58092 70642
d 7607 29347
r 1600 451 132424 77476
d 142135 41837
d 6725 119760
r 1000 166 116189 147257
d 11760 103009
r 1200 415 121840 137200
d 19897 140486
d 67815 75701
r 1800 246 113899 43906
d 100042 4483
d 36931 74820
r 1600 241 22060 9118
d 44138 37800
r 1000 329 80917 136974
d 98465 68904
d 5235 157608
d 32050 120889
r 1400 321 152717 22007
d 77314 130743
r 1400 122 150772 116631
d 149761 114145
d 119543 77490
d 154733 7267
d 7335 81738
r 1600 455 63551 72419
d 61969 124653
r 1000 251 158292 57904
d 137414 82717
d 66613 94901
r 1600 141 85637 126558
d 74675 130301
d 26218 51669
r 1600 259 56607 105487
d 129099 121074
d 71969 78970
d 83268 47864
r 1000 142 69529 7723
d 81834 119788
d 148208 96122
d 91098 63386
d 75269 127608
r 1000 260 127023 19417
d 63304 73363
d 10794 53069
d 147574 52905
d 127638 64385
r 1800 257 126884 88922
d 78591 142878
d 97346 66379
d 147491 122381
d 92465 15127
r 1000 226 157255 62409
d 19088 128425
d 58145 15948
r 1000 492 99376 39480
d 39395 150607
d 73306 70370
r 1200 139 134754 56586
d 150083 47666
d 157964 54141
r 1000 312 26384 145746
d 143463 102412
d 157333 32578
d 53563 57846
d 42208 149267
r 1800 219 36944 133293
d 131367 133365
d 88937 98186
d 107615 157620
r 1000 379 45935 84872
d 101415 58159
d 65681 47681
r 1800 197 44958 46114
d 112388 134950
d 71487 105999
d 66904 124417
d 106664 153354
r 1800 375 140766 72962
d 93717 25707
d 58070 125372
d 123883 103541
r 1000 306 42029 18824
d 158039 149181
r 1800 147 136053 22681
d 37112 86222
d 38703 112344
d 114864 140190
d 55668 87516
r 1800 199 142729 81515
d 98723 127885
d 36352 110704
d 23739 30539
d 10473 38225
r 1800 168 27902 134473
d 93069 69373
r 1200 417 21771 15175
d 77278 52907
r 1800 384 20300 25554
d 140427 135010
d 105134 70556
r 1000 433 109396 135367
d 126104 80450
d 141440 82974
d 155112 111867
d 100923 132314
r 1200 457 141191 60144
d 68619 95415
d 155005 14982
d 39255 30022
d 67907 100781
r 1600 373 52497 97981
d 2512 11457
d 103663 124719
r 1400 186 144852 63259
d 117428 85446
r 1000 285 98446 64176
d 77487 55690
r 1200 185 123207 26119
d 89078 155844
r 1200 128 61278 135422
d 114796 112696
d 36441 106782
r 1400 233 74351 75900
d 47314 126222
d 45636 135040
d 32000 103874
d 45636 68842
r 1000 145 22886 37292
d 97132 41680
d 118923 80483
r 1600 446 78964 89376
d 108428 94192
d 5254 154045
r 1200 266 18249 132121
d 13943 87865
d 35565 84438
d 42400 81242
r 1400 370 59663 94281
d 134660 143650
d 78630 153611
d 117444 76552
r 1400 337 87214 154529
d 68740 37938
d 70812 18606
d 91515 87773
r 1000 493 146790 32637
d 74470 80959
r 1800 173 107734 57432
d 61850 113179
d 103923 148352
d 68527 70824
r 1200 354 33869 6345
d 132753 104660
r 1000 454 17354 14492
d 153137 72604
d 148264 95561
d 123813 34569
d 124065 65033
r 1800 259 71111 98719
d 131319 44208
r 1200 288 100447 80108
d 105126 119067
d 39420 149049
d 57692 104348
d 52026 69296
r 1600 318 41834 118107
d 137735 54152
r 1800 432 145339 114604
d 151959 44355
d 153279 114239
r 1800 300 50743 17065
d 104463 39030
d 72688 42453
r 1400 336 8076 21716
d 30637 2498
d 70704 2832
d 50948 120756
r 1600 340 45497 138995
d 109343 101905
d 158183 77461
d 57860 67429
d 126858 151351
r 1600 444 112396 29419
d 120887 19819
d 152775 64981
d 79166 129444
r 1000 104 89670 141165
d 26591 57939
d 129422 33712
d 94811 58751
d 140040 59673
r 1600 331 35266 10524
d 52888 135726
r 1000 194 43736 142682
d 141354 42830
d 101054 101928
d 60227 21398
r 1400 179 121893 72883
d 124538 136454
r 1000 274 2310 29426
d 127130 100907
d 87169 55525
d 3364 89086
d 41341 129053
r 1800 286 19976 6226
d 142248 86551
d 78057 72338
d 28807 45763
d 115745 119486
r 1000 267 12354 2153
d 53237 102021
d 27181 51975
d 59287 12054
r 1600 472 134646 30340
d 24708 3648
d 44467 156880
d 26256 62279
d 14910 128782
r 1000 203 105357 103326
d 16089 75560
d 155102 86788
d 70280 10026
d 139179 62519
r 1600 365 8687 158164
d 112790 92366
d 118292 122083
d 22757 92164
d 120316 1825
r 1600 458 155207 47659
d 46465 32386
d 1820 55572
d 67774 83637
d 158133 47454
r 1600 146 77795 114485
d 31094 42927
r 1800 128 90463 103595
d 103630 132756
r 1600 252 27672 130837
d 32033 142894
r 1000 281 102222 607
d 118888 117712
r 1400 174 74021 71597
d 24105 55127
d 40862 64732
r 1800 472 23510 59440
d 6136 2366
r 1600 297 99120 139019
d 2182 53561
d 32715 3134
d 68692 29884
r 1400 199 34247 13728
d 19818 5328
d 104456 27942
d 130387 12914
r 1600 140 88843 71419
d 147170 106816
d 156192 21435
d 117878 142920
d 119466 28884
r 1800 484 137605 87583
d 138766 110977
r 1600 434 35648 78529
d 92071 112913
d 148278 133961
r 1600 372 34349 103658
d 62250 53667
d 52544 118951
d 58580 53325
r 1600 191 102515 60739
d 107324 62143
d 11493 45584
d 88894 63164
r 1200 132 7578 126069
d 68389 112486
d 27498 45062
d 83863 110228
d 81860 129967
r 1000 375 45018 26229
d 149160 140110
d 99344 60888
d 129504 124826
r 1400 388 108920 115246
d 95789 80166
d 21108 98533
r 1800 444 62505 118605
d 52726 140259
d 150249 103769
d 9357 30021
r 1800 336 29784 5991
d 70183 30042
d 116641 147480
d 84594 8359
r 1800 345 153073 141730
d 144367 151046
r 1000 131 83425 149377
d 3280 7978
r 1600 413 143994 76378
d 49087 113111
d 51862 141787
d 88527 28811
r 1400 418 117199 30910
d 23542 154605
r 1000 477 104058 53212
d 107449 83329
d 132600 117502
d 126592 109755
r 1600 412 94474 108757
d 108724 79448
d 124676 11158
r 1800 217 126449 111482
d 37327 10071
d 77500 8654
d 53167 32646
d 32827 54493
r 1400 200 78978 52279
d 73988 37065
d 149637 39579
d 153720 13758
d 18727 100614
r 1800 203 71315 93765
d 11780 153473
r 1400 243 155581 15043
d 110462 98804
d 27865 116373
r 1000 403 30222 67177
d 49987 80449
d 56225 25354
d 125115 79800
d 71407 64091
r 1000 113 127984 75963
d 100604 139172
r 1800 358 111040 3093
d 106956 16404
d 5921 69988
r 1600 128 105808 109623
d 121442 5061
d 22354 39419
r 1000 155 39971 132912
d 158172 131727
r 1400 310 125217 114905
d 8516 27309
r 1600 351 34316 75124
d 89663 31286
d 34499 84703
d 82411 18404
r 1600 336 126721 35423
d 117543 33667
d 43275 52241
d 18053 98750
r 1600 364 105679 71479
d 55368 134584
d 136424 35737
r 1600 269 76002 2844
d 126941 58665
r 1200 480 29429 147300
d 19190 38674
d 102513 69330
d 14670 111062
r 1600 361 87046 14590
d 95020 92441
r 1600 477 139265 1310
d 125808 35531
d 147918 10381
r 1000 496 102029 10513
d 58575 149443
d 107672 28223
d 92998 146813
r 1600 191 124387 140568
d 98152 55398
r 1000 228 62105 138598
d 24168 60514
d 104352 1998
r 1800 464 150185 82568
d 133483 70658
d 132654 82884
d 122965 84219
d 155220 21713
r 1200 139 6107 33560
d 154424 81169
d 130372 62111
d 154299 38739
r 1400 138 92088 23001
d 96664 67672
d 16746 135584
r 1800 366 93422 39188
d 19495 70612
r 1200 135 7596 29372
d 64999 45121
d 2752 25148
d 147766 42320
r 1200 266 116823 96372
d 71661 109318
d 155113 92242
d 95784 119074
d 61221 134084
r 1600 421 144356 87057
d 25909 21170
d 132286 27810
r 1400 152 134718 2907
d 51825 76441
r 1000 275 119002 8772
d 54074 30115
d 15791 98097
d 2460 125139
r 1600 396 159196 79090
d 57823 66955
d 36018 114069
r 1600 354 79454 68774
d 2640 155919
d 19271 140065
d 82008 112761
d 124492 80793
r 1600 453 119960 88286
d 51643 155797
r 1200 184 157208 27755
d 142432 88572
d 107249 106291
d 98521 9355
d 64861 156017
r 1200 272 28654 150933
d 90870 142852
r 1200 232 139468 148298
d 123488 135297
d 27855 34994
r 1000 220 26512 74347
d 80661 157864
r 1200 102 5170 147583
d 146970 57445
d 77927 36022
r 1800 299 2172 53038
d 56257 135074
d 155614 156489
r 1200 229 110440 130771
d 13480 123469
d 45244 48612
d 136477 142708
r 1200 197 28337 27442
d 112742 68558
r 1000 482 10564 115768
d 132139 60069
d 27293 132581
d 30828 99544
r 1800 441 129270 3179
d 152142 112884
d 80349 138704
d 121491 62639
d 67331 101847
r 1800 151 69061 43258
d 40788 82504
d 75044 157018
d 77861 95933
r 1600 304 70096 39413
d 39558 19122
d 110395 116703
d 124240 60259
r 1400 358 136137 41700
d 12524 21225
d 135691 46083
d 42505 137035
r 1200 430 15064 79158
d 41750 156071
d 56259 88866
r 1000 307 141723 53041
d 79067 116366
d 156710 75375
d 27137 136299
d 114981 136875
r 1400 490 17114 150153
d 33844 40663
d 12404 139374
d 35014 87193
d 134144 42215
r 1200 126 23193 121195
d 121910 54821
d 83768 73607
d 97573 108574
d 50494 20267
r 1400 112 6699 67383
d 124733 82038
r 1600 244 81016 125577
d 19448 148895
d 68149 25050
r 1400 423 75809 50974
d 156399 53892
d 94531 123283
d 104676 77257
d 155235 75569
r 1400 368 97390 58715
d 130130 115164
d 25407 127249
d 46341 26214
r 1000 293 119116 79481
d 10179 146344
d 133332 27243
d 16216 111918
r 1000 277 40760 2358
d 125700 132930
d 114818 8401
r 1200 302 9138 84512
d 139650 72511
d 155379 112755
r 1200 341 138641 20669
d 58250 55348
r 1800 228 5998 118300
d 22989 13970
d 1595 65907
d 40928 120229
d 33162 140764
r 1400 440 25020 24910
d 158063 144921
d 59865 45282
d 65076 133755
d 152299 40889
r 1000 472 19018 47427
d 7303 83590
d 142326 11012
d 90942 78028
r 1200 450 103233 96719
d 146671 111362
d 31124 89030
r 1800 279 134798 132227
d 124251 135483
d 141507 99271
r 1400 441 101336 106129
d 114374 150653
r 1600 158 157858 95394
d 53211 20120
d 24745 84839
r 1000 417 118883 62725
d 67502 142120
r 1200 146 151754 24929
d 98111 67526
d 146399 29320
r 1600 377 126965 95756
d 72222 44511
d 53622 14867
d 141906 45351
d 45349 96264
r 1800 297 40069 41448
d 63551 106217
r 1000 232 143702 21423
d 77270 35858
d 18031 104048
d 28699 43057
d 83928 115843
r 1400 447 44529 839
d 130857 32664
d 30176 51281
r 1400 129 62053 128190
d 126459 58882
d 142441 64579
r 1000 481 4407 85314
d 58730 21007
d 114100 95361
d 40878 90710
d 25238 63399
r 1200 464 7223 112319
d 38590 5376
d 83242 69483
d 155620 94323
d 33349 19156
r 1200 186 62626 30265
d 157866 10444
d 148445 70173
d 3354 38700
d 7173 6049
r 1000 118 138199 126482
d 4286 100946
r 1200 497 145161 26424
d 121040 82936
d 82582 31277
d 115377 29317
r 1200 200 118003 20930
d 83452 43145
d 153643 62985
d 143991 65311
r 1800 383 153567 56995
d 71030 68765
d 82076 106028
r 1600 459 110400 33204
d 115435 73958
r 1200 406 13005 153198
d 75566 11861
d 73834 48816
d 88885 128277
r 1000 434 106683 68259
d 40888 61146
r 1800 223 73165 44390
d 113261 95056
d 83341 85097
r 1400 449 30920 64675
d 32253 83827
d 157490 127096
r 1000 294 92963 72808
d 535 158620
d 116327 20064
r 1200 134 115318 140961
d 68265 8985
d 152287 97787
d 157394 115882
d 81905 11122
r 1200 339 89985 144446
d 103643 17492
d 138786 129305
d 104991 121895
d 149584 22198
r 1600 127 8702 19101
d 105074 23824
d 32460 9358
d 142026 115755
r 1600 500 58995 117223
d 147134 98778
d 133795 5249
r 1200 198 8617 150226
d 64550 45807
d 79977 86172
r 1400 100 16886 113156
d 14873 53355
r 1600 408 107174 144794
d 130877 102992
d 43348 118567
r 1000 153 143197 59469
d 146995 98141
d 57812 40890
d 112371 157204
d 142564 121675
r 1800 398 103976 144135
d 22474 102742
d 124884 106214
d 32635 124003
d 155009 113379
r 1600 465 104838 84271
d 83755 156283
r 1800 248 100493 121341
d 78077 149073
d 93207 45656
r 1400 131 22011 134101
d 127640 51139
r 1400 362 90019 113020
d 31415 100906
d 17985 151928
d 126578 144253
d 25534 141181
r 1000 436 101274 55401
d 54453 124168
d 116435 135146
r 1800 275 120414 27630
d 82238 136999
r 1600 103 19080 60245
d 68094 75095
r 1200 113 78773 58223
d 23977 121126
d 147983 13246
r 1800 426 132560 96598
d 118292 146940
r 1200 262 18292 2871
d 4559 32547
d 123300 93464
d 37442 90084
r 1200 433 155598 91437
d 103924 109723
d 63037 120432
d 135272 29431
r 1600 214 35116 59126
d 17916 131383
d 111553 57442
r 1200 193 86559 94784
d 89344 103647
d 128885 140475
r 1400 404 51337 80041
d 103839 90051
d 76015 21049
d 99682 150709
r 1000 170 43193 76862
d 29186 151685
d 45232 22579
d 140463 19175
d 53500 44331
r 1800 370 87192 22669
d 4966 78713
d 78705 129209
d 1610 77299
d 43183 76416
r 1400 213 8348 15188
d 44478 91517
d 78947 1550
d 7451 88724
r 1800 125 153166 148649
d 82139 92927
d 140166 71490
d 71258 7258
d 85629 51491
r 1200 436 53880 74787
d 133057 79933
d 79541 38747
d 53103 25393
d 1365 88469
r 1400 278 63622 158221
d 72172 84222
d 53700 69015
r 1200 272 22132 16665
d 151082 89746
d 127906 98640
d 2436 138258
r 1000 398 108579 124900
d 120274 12780
r 1200 467 111334 56869
d 17596 42044
d 93393 51408
d 68246 10734
r 1200 297 56370 37192
d 155101 122880
d 103970 6766
d 54368 105625
r 1600 491 50040 128413
d 32936 60743
d 17767 111685
d 153796 67699
d 119524 112623
r 1400 109 31442 118756
d 126939 52408
r 1400 174 4128 81815
d 20272 33392
r 1000 390 8404 101133
d 108902 4607
d 99291 51799
d 157275 40531
r 1800 328 109744 82997
d 36789 21467
d 9379 18362
r 1800 186 24888 88887
d 63085 84777
d 35454 71325
d 121841 57951
d 108640 11816
r 1200 428 34852 36408
d 135278 21054
r 1000 414 151203 39236
d 159044 124586
r 1400 218 65344 92652
d 33350 102442
d 68597 132826
d 80885 31711
d 154901 33629
r 1600 117 41857 26827
d 136180 33025
d 29766 46039
r 1600 131 46204 17194
d 101396 154205
d 153101 139714
r 1200 324 101841 101898
d 95299 101675
d 135415 129045
d 17101 38553
d 59290 2629
r 1400 204 70944 108503
d 33016 41961
d 36879 125809
r 1400 294 28499 56154
d 18915 139013
d 13862 25606
d 123088 42944
r 1000 439 101095 8659
d 48028 144877
d 68774 149952
d 64839 109063
d 60951 56342
r 1000 279 83152 57963
d 9230 128408
d 145392 89195
r 1000 393 153318 129124
d 143679 146327
d 25502 139974
r 1000 347 152563 152557
d 104126 22797
d 155282 110756
r 1200 373 130347 131004
d 8020 34271
d 101065 127126
d 4635 140549
r 1600 497 67696 63304
d 3432 129408
d 44556 40248
r 1200 313 69110 13164
d 123201 25546
d 89064 58833
r 1000 198 123660 90523
d 115562 71752
d 96906 3164
d 14650 17643
d 113304 15085
r 1800 411 90817 3419
d 31753 138220
d 87903 40346
r 1600 253 64255 145051
d 157143 113165
d 31591 35029
d 130165 105771
d 99673 104049
r 1600 229 31328 20282
d 150350 51566
d 108493 132139
d 129451 107659
r 1400 266 91847 118513
d 104921 135009
d 85238 36889
d 14744 86819
d 124728 141041
r 1200 325 72679 23932
d 100340 58610
d 146480 50396
d 7329 102766
r 1800 304 97601 54089
d 15732 33647
d 83477 44119
d 32191 73607
d 18874 83620
r 1600 421 102882 95129
d 146624 138025
r 1000 372 3869 113041
d 47291 75758
r 1000 455 129577 7979
d 125445 15139
d 75453 155659
d 47681 124405
r 1200 492 84605 62367
d 134744 5597
d 108268 156790
d 86889 96639
d 1939 60287
r 1400 385 57470 109742
d 153004 109727
d 40364 37600
d 79463 120507
d 2599 155156
r 1400 360 54376 55786
d 152769 143477
d 134620 120986
d 116777 16009
r 1000 152 66053 89454
d 39530 88572
r 1200 332 140902 131277
d 67609 129240
d 51147 72748
d 92132 95585
d 123241 63015
r 1600 104 141754 34327
d 151684 56391
r 1200 102 108947 72327
d 17526 51421
r 1400 191 32629 69655
d 26671 81579
d 123955 91223
r 1200 360 138185 48461
d 120316 146399
d 10037 101924
r 1000 310 96939 147473
d 110263 115557
d 49758 28352
d 153872 129156
d 9243 154567
r 1000 374 82892 33189
d 131809 126478
r 1200 382 15388 57996
d 105222 120622
d 52184 133889
d 66516 2306
d 151349 73763
r 1600 165 30827 35293
d 96011 33517
d 45693 74146
d 16711 75987
d 26543 26123
r 1200 486 76664 15921
d 131172 84101
r 1800 228 41300 123627
d 100358 134844
d 97053 129092
d 15369 67076
r 1200 324 90780 66575
d 43244 156698
r 1400 346 67476 139302
d 35472 140364
d 61810 86654
d 124770 85906
r 1400 135 134990 33012
d 132788 95465
r 1400 287 71414 47009
d 42651 85826
d 155318 71554
