g 60 60 2000
r 1200 306 99505 76872
d 93892 56997
r 1600 460 118375 12652
d 8791 81156
r 1000 144 49933 78008
d 101704 7405
d 26029 22238
d 13430 73929
d 42107 109413
r 1000 340 41933 4581
d 43063 60144
r 1600 219 34721 107945
d 57817 68346
r 1400 299 68043 31370
d 88219 102441
d 37245 114404
d 49710 98976
d 46315 52945
r 1000 289 75880 60791
d 106729 53956
d 72234 116397
r 1200 486 81425 8984
d 58317 20604
d 52502 115986
d 98785 87900
r 1000 128 111990 56188
d 24532 63292
r 1000 215 118526 9076
d 57740 81206
d 40816 81759
d 92358 100946
d 90185 63134
r 1800 298 77490 28516
d 109320 76054
d 97555 95621
d 19250 37168
d 109928 53467
r 1000 473 25341 84386
d 11333 53245
d 29281 100174
r 1600 322 30699 24795
d 9738 62489
d 42793 53745
d 61449 66798
d 31725 93913
r 1000 454 84836 51200
d 116437 110511
d 49961 114082
r 1200 238 28698 40247
d 12942 19233
d 52676 15945
d 110380 3255
d 22127 25902
r 1600 419 102234 91904
d 113339 95188
r 1200 323 90669 5572
d 6876 77952
d 89676 2040
r 1600 262 9980 64328
d 42825 82366
d 57073 49878
d 32447 14157
r 1800 168 97800 49394
d 53654 88652
d 100686 32087
d 25143 118389
d 116985 84358
r 1000 389 79507 89771
d 34664 83886
r 1000 298 4622 26348
d 32593 62577
r 1400 162 25597 72204
d 4577 14680
d 16799 39089
r 1000 453 51562 53546
d 68726 103635
r 1000 257 56444 73026
d 36563 40694
d 26954 110240
d 60145 96073
d 21727 105802
r 1600 173 55188 11656
d 64476 15441
d 34107 19401
d 63999 54222
d 116952 71092
r 1600 142 2909 93490
d 29798 110094
r 1400 288 101909 118222
d 42340 57999
d 115811 115416
d 3264 111007
d 60534 3401
r 1400 297 65100 91037
d 107252 22814
d 44839 74258
d 57214 68657
d 18114 46981
r 1800 101 56520 87871
d 38295 19749
d 73056 97353
d 31984 50610
r 1800 340 1233 63663
d 64444 48192
d 56147 87302
d 49076 116593
d 79320 48703
r 1800 478 115197 97429
d 116352 50776
r 1600 195 45497 65492
d 3040 42732
d 76008 54465
r 1400 295 34967 51755
d 11063 58268
r 1800 383 35216 8698
d 96644 12734
d 2013 31473
d 103826 116291
d 39584 45916
r 1600 178 58068 116469
d 116747 51513
d 21714 32575
d 92493 30068
d 103727 69103
r 1200 431 28819 79888
d 98797 32363
d 54629 46426
d 98113 5980
r 1800 450 104657 65135
d 82195 13605
d 93886 111569
d 3866 8132
r 1200 417 34978 80119
d 40485 62754
d 43321 48016
d 46625 114343
d 55390 36321
r 1600 294 98732 95778
d 84177 86792
r 1600 121 59642 94390
d 102483 18330
d 18975 52438
d 39629 72800
r 1800 320 100575 114829
d 73865 36360
d 13188 115167
r 1400 456 31082 107517
d 115496 83483
d 14104 26871
r 1000 288 87427 51181
d 85049 77360
r 1400 117 105296 15131
d 91579 95803
d 24449 17183
r 1800 207 95921 117228
d 12025 50556
d 36564 99375
d 4434 22366
r 1800 271 112378 89774
d 1327 4632
d 38361 53302
d 76257 53728
d 5678 62740
r 1000 265 62514 19682
d 45758 94248
d 112178 74606
d 29913 23173
r 1600 273 110401 117909
d 8322 98847
d 50285 107044
r 1400 383 103167 100288
d 25989 89382
d 90403 96423
r 1200 284 88276 54720
d 71963 42761
d 63427 84026
d 109602 31405
d 83888 69339
r 1600 262 18921 94874
d 3168 102589
d 104161 114059
d 35491 61700
d 30808 43579
r 1600 257 115330 78901
d 106927 79185
d 24717 73486
d 46165 69392
d 30531 113788
r 1200 374 56351 36771
d 106790 112270
d 108955 92362
d 91456 20171
r 1000 223 11657 51609
d 69018 40599
d 58693 102748
d 17653 95658
r 1000 405 59294 73553
d 116155 11569
r 1000 248 38038 112253
d 84749 105908
r 1400 441 104852 91860
d 89190 32027
d 24488 106767
r 1400 423 100923 54759
d 109491 46909
d 20855 5293
r 1600 299 66263 115319
d 43846 42579
d 90672 75885
d 69047 46489
d 24099 44704
r 1800 106 95424 62346
d 104917 72629
r 1200 432 21923 104090
d 116352 16713
d 52042 28923
d 107516 58431
r 1200 103 18399 34647
d 69342 94803
d 108257 24023
r 1400 303 91269 40086
d 68533 24978
d 25363 101369
d 28094 109467
d 115941 40008
r 1000 168 109991 99664
d 16028 19890
d 37708 6409
d 62167 112854
r 1800 144 92085 49943
d 108092 9211
d 10947 98280
d 101386 71911
d 11328 20149
r 1000 415 1076 50216
d 41515 20574
r 1600 295 15804 5712
d 8566 5132
d 47453 34722
d 32738 98332
r 1400 317 43873 51940
d 101118 99548
d 48673 80954
r 1600 409 6870 99722
d 92767 9387
r 1000 161 13798 63958
d 57150 19442
d 17782 78108
d 75984 56892
d 9991 110386
r 1600 139 112963 99283
d 65678 27376
r 1600 265 78001 118018
d 78000 93524
d 10518 12580
d 85160 16538
d 24488 79042
r 1200 322 106658 76537
d 58277 77706
d 96497 24616
d 23482 30652
d 77421 10422
r 1800 330 74961 118809
d 38981 43324
r 1000 499 30860 13475
d 66565 97425
r 1400 319 74829 6956
d 64393 39564
d 90851 28440
r 1000 234 46727 97546
d 17166 60990
d 21765 52224
r 1600 327 35134 60656
d 23616 53574
r 1600 260 13785 38222
d 12593 67644
d 38793 23322
d 32104 8669
r 1400 235 96485 75221
d 90306 67568
d 25406 61195
r 1600 465 83352 6655
d 48413 19248
d 25102 2231
r 1800 203 19110 17910
d 97569 53296
d 19951 30905
d 85756 92516
r 1800 137 1600 60327
d 21180 115130
r 1800 191 75070 34811
d 18498 85116
d 102849 100760
r 1600 480 69624 44653
d 64641 51008
r 1200 287 108787 2014
d 1917 78067
d 17618 77747
d 69460 2040
d 52417 82946
r 1400 481 38099 36033
d 11086 46899
d 21267 64378
d 46345 86511
d 19488 2286
r 1000 404 20673 117968
d 25818 63228
d 111911 109542
d 56170 72814
r 1400 371 59721 60890
d 25894 91931
d 65888 53913
d 36118 61866
d 37644 89696
r 1200 162 117931 48745
d 9611 22689
d 17046 108904
r 1400 319 63365 35760
d 73360 74644
d 39532 3734
r 1800 308 36562 70305
d 54246 6930
d 19121 53143
d 22377 118943
r 1400 397 61031 31842
d 30021 66043
d 84439 79177
d 66713 115172
d 116909 93406
r 1400 498 59720 56545
d 86399 119200
r 1000 309 49124 21200
d 41757 106333
d 90434 3605
d 109146 97425
d 19035 64809
r 1000 425 78367 32085
d 91139 113110
r 1400 107 111871 40280
d 21390 6342
r 1200 330 39973 91858
d 14281 79961
d 118643 99868
d 52128 10615
d 47055 67215
r 1400 264 109613 74741
d 108821 110271
r 1000 406 114993 3886
d 7254 48913
r 1800 312 115171 93999
d 116325 19661
d 51518 53573
d 101072 15206
d 49275 23848
r 1800 382 98921 27505
d 95138 52963
d 109694 85960
d 24600 106317
d 44471 23410
r 1200 426 13953 105377
d 101321 45338
d 1246 3006
d 92442 116904
d 26614 81101
r 1400 481 118796 80090
d 72805 7771
d 55566 78599
d 113467 2422
r 1400 417 103570 6388
d 34724 12755
r 1400 467 64782 23772
d 92402 52992
d 89408 14943
d 116133 91367
r 1400 153 104638 55180
d 33077 98373
r 1200 268 35618 104891
d 91022 65191
d 13397 26503
r 1000 434 53994 64097
d 16905 67150
d 18666 79282
d 17937 65822
r 1000 165 50389 7074
d 8450 119311
d 106058 6397
r 1600 172 8751 14347
d 49064 62060
d 83902 35611
d 82547 54246
r 1600 469 88234 31412
d 70495 30902
r 1200 293 13936 102975
d 114259 48022
d 73361 48148
d 17823 97593
d 7916 57892
r 1000 345 90452 97516
d 78941 45170
d 9634 17735
d 3684 6899
r 1800 453 83521 82736
d 79736 88540
d 98979 56209
d 25202 88813
r 1400 322 5006 63643
d 26699 36944
r 1000 387 62004 3952
d 43832 95130
d 66926 3342
d 108919 12640
r 1400 479 92405 115863
d 114642 74924
d 35029 31287
d 103821 62872
d 63242 97918
r 1400 247 35046 47516
d 20244 2903
d 39559 108821
d 118108 100840
d 22061 32905
r 1400 228 23137 10014
d 29267 54139
d 113858 26887
r 1000 475 24248 35238
d 118147 56996
r 1600 174 114237 19027
d 70113 79049
r 1800 494 74691 52883
d 97144 29147
d 64553 22345
d 68049 65539
r 1800 356 1285 78879
d 96888 71222
r 1000 327 20862 113469
d 12959 114337
d 71377 36974
d 16347 31658
d 93012 111367
r 1200 385 106807 83486
d 8679 98557
d 27948 28426
r 1200 277 14238 18289
d 48565 78202
r 1400 270 70651 110232
d 27986 89609
r 1800 424 58836 99949
d 95802 85957
d 101331 44057
d 101517 58267
d 76539 98802
r 1000 426 61458 23066
d 59608 30579
d 1568 73702
d 2614 2853
r 1400 307 44050 1490
d 6188 51216
r 1000 271 40261 60812
d 72453 93942
d 112114 16866
d 64401 95389
r 1200 396 97399 109107
d 110433 76957
d 82736 32403
d 29627 80568
d 72233 67172
r 1000 228 82881 68551
d 5862 89293
d 61557 31787
d 52946 107880
r 1200 442 94804 101903
d 43775 37472
d 61843 2970
d 107827 13441
r 1400 276 77333 76490
d 83982 83230
d 100002 86180
r 1600 150 117285 60535
d 47524 8415
r 1800 454 31556 31198
d 55432 85718
d 40903 11164
d 32533 79009
r 1600 292 44829 76446
d 38598 65735
d 20885 17650
r 1800 286 81680 106955
d 15059 38179
r 1800 110 1756 38135
d 42591 114421
d 93491 6265
d 21187 19458
r 1800 214 10074 94493
d 65272 52199
d 78254 79118
r 1800 316 78572 104646
d 67649 19252
d 26774 95253
d 107396 2344
r 1400 348 107788 94544
d 7222 114257
r 1000 408 34467 116529
d 31180 3292
d 10964 54086
d 73503 74449
d 14306 81929
r 1400 263 44101 38636
d 95401 67443
r 1000 339 11175 69900
d 21618 94995
d 7373 87590
d 23195 82568
d 112387 41890
r 1200 298 81805 30012
d 2143 51302
r 1800 243 5985 94672
d 34551 73542
r 1800 168 8489 53597
d 38848 24082
d 74186 13227
d 39997 111607
d 111151 85804
r 1200 246 98414 85115
d 21576 66006
d 40972 15030
d 92207 108112
r 1600 327 100619 40985
d 21838 76202
r 1600 491 92886 40637
d 112105 36543
d 1016 22950
d 91785 29670
r 1000 235 89615 91918
d 95859 47592
d 115322 93758
d 65353 92191
r 1000 110 8779 23478
d 54264 95375
r 1200 491 20872 86590
d 96298 100521
d 97244 3463
d 14142 93584
r 1200 392 99604 71817
d 51825 6973
d 106838 74683
d 32522 2157
r 1000 489 45030 82028
d 56200 72067
d 64089 73506
d 63177 95068
r 1600 279 64596 77107
d 98148 98276
d 108682 112583
r 1200 399 76314 37045
d 73853 34201
d 102726 1736
r 1200 229 73973 104634
d 65691 25979
d 109079 80777
d 85261 70458
r 1800 135 9330 73280
d 51418 2448
d 24541 57772
d 80109 101359
r 1400 478 48486 32023
d 20918 59136
d 102011 107534
d 102696 33589
d 61784 4131
r 1800 184 23221 78979
d 54679 103086
d 111163 39670
d 90095 13131
r 1600 362 102964 60366
d 102796 115701
d 109808 66186
r 1800 309 109832 13724
d 15643 32441
r 1600 420 86612 115812
d 105013 60789
d 22308 61810
d 19677 84195
r 1400 253 87913 13981
d 49214 92781
d 101668 41032
d 94672 2338
d 112505 99832
r 1200 358 3038 25246
d 96785 95150
r 1200 386 92918 28929
d 104312 115782
d 33551 63786
d 40555 21660
r 1200 200 44478 62290
d 61582 13287
d 108483 63960
r 1200 485 49936 46473
d 82072 46643
r 1000 382 36519 5383
d 111897 81569
d 75242 52766
d 51143 20195
r 1400 434 77364 84703
d 92286 104903
d 67518 115057
r 1800 391 88048 66676
d 46647 41941
d 71543 56655
d 114215 47705
d 36003 8693
r 1600 187 27574 9290
d 40634 83256
d 12911 106048
r 1000 138 25225 37480
d 109797 60743
d 58978 53239
d 87525 105136
d 99591 75903
r 1600 218 117230 39604
d 39293 90524
d 61743 14324
d 46700 112500
r 1200 455 29022 117672
d 14874 83099
r 1000 122 43053 18965
d 49857 70714
d 66909 12151
d 110951 49592
