g 40 40 2000
r 1200 306 62386 3394
d 74118 32152
d 3642 65641
r 1600 460 1248 23817
d 44093 2606
r 1000 144 1070 53459
d 16639 31211
d 41088 68002
d 46607 6424
d 19295 20539
r 1000 340 39839 58531
d 30270 58971
d 2247 36782
d 68981 69868
r 1600 219 47490 44018
d 50096 50285
r 1400 299 76322 48852
d 3466 21200
d 11494 22591
d 63939 48015
d 2423 38256
r 1000 289 74771 51276
d 19890 44679
d 50766 7547
d 31995 39880
d 21643 30791
r 1200 486 65840 57522
d 7024 74035
d 31158 19038
r 1000 128 51123 49260
d 59929 4704
d 7268 56369
d 24274 26079
d 36286 27243
r 1000 215 51488 66635
d 18293 57428
d 23314 47901
d 62720 64490
d 77044 21596
r 1800 298 11182 50693
d 13975 29271
d 36985 37647
d 65596 67659
r 1000 473 25805 25996
d 76914 76330
d 16423 23510
d 66112 1613
d 75813 49317
r 1600 322 24046 39693
d 66197 77337
d 10319 20336
d 40018 31667
d 67326 53532
r 1000 454 76736 62947
d 21948 68399
d 73243 48389
d 55780 51187
r 1200 238 17995 53476
d 67485 55209
r 1600 419 5712 7014
d 66094 24254
d 74111 35093
d 11555 28600
d 60238 5917
r 1200 323 51241 63565
d 61101 66306
d 20568 17566
r 1600 262 11153 11331
d 66078 63912
d 41908 59663
d 34833 17112
d 41817 55647
r 1800 168 24588 22398
d 55096 18112
d 49561 3160
r 1000 389 79187 72441
d 5805 60964
d 30302 25960
r 1000 298 60098 17889
d 47114 44193
r 1400 162 20003 72419
d 61320 966
r 1000 453 25299 50325
d 19768 19674
r 1000 257 5073 56648
d 38890 71883
d 73506 3182
d 37447 67324
d 37638 61341
r 1600 173 69719 67707
d 66089 1130
d 7082 16224
d 24218 9697
d 57318 53724
r 1600 142 44899 16827
d 13938 22215
d 33333 51738
d 15420 66641
d 57525 34761
r 1400 288 17977 59721
d 72515 45152
d 41658 13645
r 1400 297 65927 49249
d 10153 13823
d 32005 14715
r 1800 101 57345 58572
d 70892 20036
d 25760 11185
d 56863 27474
r 1800 340 16034 34439
d 12141 11431
d 53661 62561
d 22843 13884
r 1800 478 7588 60881
d 54123 6957
r 1600 195 61257 39089
d 4192 25247
d 10756 77123
d 73341 40117
r 1400 295 43132 21528
d 22548 18037
d 52648 43292
d 23460 72775
r 1800 383 55250 34360
d 65056 5074
r 1600 178 26471 33088
d 4943 15083
d 38119 5206
d 58697 49845
d 30964 39223
r 1200 431 52813 67459
d 75273 37869
r 1800 450 45709 75378
d 32170 21156
d 73590 47375
d 51752 13110
d 52434 54884
r 1200 417 36715 28954
d 14851 40120
d 46040 57242
d 50562 27486
r 1600 294 78481 23713
d 14412 60812
d 45593 75606
d 26649 38018
d 11633 9931
r 1600 121 55229 71772
d 51404 8480
d 10389 12471
d 60303 30126
d 23601 41802
r 1800 320 44810 65033
d 19793 19604
d 2860 74053
d 14200 76736
r 1400 456 14399 40641
d 19940 43301
d 69153 36074
r 1000 288 61322 41650
d 51584 7837
d 70810 65535
r 1400 117 12851 56212
d 32367 28631
d 78484 65009
d 40511 64080
d 17279 53637
r 1800 207 46617 10635
d 18697 78922
d 7825 33505
d 51345 70878
r 1800 271 29420 45960
d 24025 1714
d 47199 55524
r 1000 265 36614 48153
d 38998 64064
d 41309 31236
d 43668 27026
d 32302 18376
r 1600 273 45384 6333
d 71875 7230
d 65136 44845
d 38455 32506
d 16593 46575
r 1400 383 34233 74432
d 27875 45714
d 54993 58490
r 1200 284 23235 76531
d 14560 4376
r 1600 262 14888 25026
d 7177 47099
r 1600 257 16335 69771
d 77062 41309
r 1200 374 39576 61521
d 71320 72854
r 1000 223 17145 19913
d 75524 68281
d 33520 47954
r 1000 405 62196 74192
d 40343 15944
r 1000 248 19650 50480
d 52074 56219
r 1400 441 76785 70768
d 57932 54972
d 71524 71412
r 1400 423 9806 2458
d 26435 74344
d 11018 64435
d 77308 61511
r 1600 299 14176 5511
d 30153 23507
d 76860 14656
d 66659 63586
d 17148 70679
r 1800 106 34680 39513
d 10947 2484
d 73798 56799
d 25486 31380
d 59407 26779
r 1200 432 7536 78254
d 79332 16155
r 1200 103 68919 23000
d 62275 48870
d 38322 3920
d 39866 58612
r 1400 303 1415 17796
d 69812 12070
d 71448 14901
d 27913 35053
r 1000 168 56137 30227
d 58389 63048
d 74456 24987
r 1800 144 28179 77722
d 51176 28345
d 77859 18706
d 68005 23300
r 1000 415 41822 11524
d 48157 32956
r 1600 295 24407 6901
d 73011 17813
r 1400 317 11501 35585
d 18019 18059
d 43790 24357
d 5280 27641
r 1600 409 48494 23018
d 49573 48957
r 1000 161 20374 1897
d 3835 18738
r 1600 139 23016 11067
d 34062 1605
d 2093 76361
d 69979 23353
d 51219 58018
r 1600 265 69545 5337
d 19494 1949
d 9646 62583
d 40413 31388
d 41144 77032
r 1200 322 30475 42817
d 15687 74125
d 75029 57914
d 56351 53730
r 1800 330 73450 30015
d 28719 72082
d 73922 58861
d 60538 68373
r 1000 499 8852 66672
d 4017 57787
d 79188 73698
d 64041 56244
d 55581 70301
r 1400 319 36448 10823
d 65139 20361
r 1000 234 66490 43449
d 51907 7063
d 40936 47122
r 1600 327 69402 62174
d 12397 27442
d 10999 72273
r 1600 260 40298 18112
d 16850 62174
r 1400 235 51555 44385
d 74948 5058
d 68409 54836
d 20679 8659
d 36264 39069
r 1600 465 15530 29348
d 15821 11366
d 39604 68458
d 34129 38675
d 36180 23049
r 1800 203 7461 27226
d 53079 32874
r 1800 137 35964 77097
d 15182 51033
d 75800 23699
r 1800 191 63406 76901
d 14089 69304
r 1600 480 54228 3909
d 78745 75950
d 19440 58742
r 1200 287 36570 16229
d 31675 75998
d 33930 17654
r 1400 481 11529 14814
d 38214 17124
d 64008 36785
d 27211 65647
d 17155 11335
r 1000 404 72050 23058
d 35877 78010
d 4046 31392
d 39390 44314
r 1400 371 33290 69591
d 25597 31968
d 23848 7376
d 48512 70475
r 1200 162 53683 48305
d 6507 78537
d 43299 12335
d 3122 19670
r 1400 319 29273 60019
d 1333 19407
d 24772 26234
d 52611 59326
d 68899 53390
r 1800 308 69041 27146
d 6294 63469
r 1400 397 54695 56873
d 47729 10334
d 55123 36666
d 27851 39167
r 1400 498 32959 52356
d 12824 23693
d 25248 11379
d 73129 34491
d 15132 70177
r 1000 309 66841 16128
d 15609 57481
d 11026 32988
d 64526 4298
r 1000 425 30021 10722
d 1813 49270
d 41498 52924
r 1400 107 24294 54053
d 25082 34969
d 42390 45425
d 53402 31733
r 1200 330 74871 54024
d 38649 52965
d 71864 19513
d 15875 51655
r 1400 264 41450 7008
d 50092 53303
d 12669 33403
d 32082 16938
d 52288 63602
r 1000 406 26527 10946
d 15216 75081
d 75601 44567
d 78669 61490
d 75177 63293
r 1800 312 46046 71789
d 39983 57083
r 1800 382 11767 63784
d 1230 24708
d 60185 34834
d 48253 27702
r 1200 426 53366 20487
d 51718 17470
d 58772 8645
r 1400 481 69490 73270
d 32894 24371
d 63547 64436
d 6010 21606
r 1400 417 32600 6023
d 41958 67636
d 77725 16097
r 1400 467 16750 840
d 32483 68282
d 28131 47821
r 1400 153 5626 727
d 32344 71724
r 1200 268 31033 36753
d 67186 72821
d 34961 67318
d 21230 53853
r 1000 434 15010 78170
d 17748 78584
d 67796 66949
d 79469 18657
d 19946 19946
r 1000 165 4467 43608
d 54320 22725
r 1600 172 55541 42283
d 77513 11947
r 1600 469 26239 46901
d 2984 10833
d 31103 54987
d 75295 17363
r 1200 293 2668 51670
d 75791 77159
d 17974 12435
d 71092 40783
r 1000 345 66997 29711
d 34219 52833
r 1800 453 49862 27852
d 31464 73357
d 78263 38692
d 58717 31527
d 25604 70680
r 1400 322 36725 33681
d 8208 77392
d 13221 48980
r 1000 387 36847 7011
d 19809 6261
d 63000 13302
d 60635 8733
r 1400 479 10817 67331
d 70406 5241
d 59601 36341
d 18890 14328
d 13876 24341
r 1400 247 78746 61966
d 67746 68385
r 1400 228 74086 41862
d 47034 47950
d 30443 9424
r 1000 475 34201 26415
d 6114 26860
d 60324 765
r 1600 174 12149 9079
d 72226 50963
d 49609 57151
d 15491 4589
d 19774 38601
r 1800 494 73520 11729
d 46740 42990
d 64319 63194
r 1800 356 21396 13895
d 30499 54310
d 57838 76591
d 26184 51684
r 1000 327 53249 54565
d 48638 13961
r 1200 385 19931 44172
d 4251 41471
r 1200 277 13256 10684
d 34148 45784
d 19893 11273
d 50557 25568
r 1400 270 37143 61716
d 60303 58574
d 18813 68009
r 1800 424 9233 24116
d 2846 55981
d 23981 20946
r 1000 426 33657 46448
d 10324 66866
d 16331 24140
r 1400 307 30002 32278
d 72923 2381
d 13379 17780
d 1545 20868
r 1000 271 71094 57827
d 48589 66000
d 77432 54006
r 1200 396 74556 2443
d 48892 26461
d 51836 54915
d 28208 11188
r 1000 228 21323 29217
d 14896 55394
d 7270 75251
d 75782 24899
r 1200 442 78693 3237
d 10659 70836
d 9937 26041
r 1400 276 34515 20771
d 59593 78360
d 43448 36434
d 70170 53011
d 11197 52861
r 1600 150 76623 57749
d 78307 32993
d 1386 12492
d 75928 41899
r 1800 454 67411 54073
d 55839 22818
d 1724 36750
r 1600 292 64900 45291
d 70066 76412
d 3026 3019
d 59473 9859
d 54464 48713
r 1800 286 24835 17272
d 36659 7123
r 1800 110 50680 54165
d 41351 69722
d 22501 67488
d 52314 46508
d 16333 19682
r 1800 214 6409 47849
d 6879 41909
r 1800 316 52738 14166
d 69677 43228
d 27749 54738
d 19660 4342
r 1400 348 76289 67167
d 3170 60916
d 10068 71766
d 77936 27121
d 43588 55473
r 1000 408 78005 18915
d 14243 64221
r 1400 263 1099 31912
d 41779 17425
r 1000 339 76976 47308
d 10649 48428
d 75078 20768
r 1200 298 59976 63207
d 34547 33893
d 63149 24268
d 28283 76882
d 14007 72714
r 1800 243 56941 47621
d 61091 69431
d 13844 36696
r 1800 168 59149 1041
d 18123 76046
d 51295 29259
r 1200 246 40572 36478
d 30102 33090
d 51487 14926
d 31735 45400
r 1600 327 49717 69370
d 11826 79105
d 37851 50897
d 73065 10740
d 77739 25915
r 1600 491 15859 9355
d 10741 74451
d 22647 26661
d 2923 4187
d 70247 67488
r 1000 235 38229 38790
d 13048 26301
r 1000 110 42787 51655
d 69051 64286
r 1200 491 46122 49250
d 53536 59272
d 17514 67118
d 69282 18543
d 58388 77052
r 1200 392 31157 64294
d 33326 43729
d 35029 26208
d 10899 36381
r 1000 489 4925 77714
d 8675 11098
d 67663 20787
r 1600 279 62581 51417
d 65231 26427
d 22995 66951
r 1200 399 25449 35229
d 71073 70370
d 44123 76184
