g 100 100 2000
r 1200 491 198692 190446
d 128523 118657
d 173609 142695
d 62106 187087
r 1400 355 105271 24600
d 129117 109712
d 167842 38380
d 39268 84948
r 1600 287 121650 195210
d 51242 7984
r 1200 236 163605 17774
d 106154 148868
d 26030 72587
r 1800 353 160058 131148
d 4013 13175
d 146645 75967
d 57186 145080
d 183403 68964
r 1200 127 9642 18540
d 190463 108643
d 153512 149187
d 47627 195404
d 195681 118239
r 1800 347 10847 182569
d 187034 173905
r 1000 172 139431 38183
d 50931 23557
d 177257 184078
r 1800 310 148124 110502
d 80772 91067
d 1602 25132
d 140144 105181
r 1800 267 155086 89524
d 42647 35568
d 152342 103128
d 71064 28404
r 1600 177 129557 139619
d 80782 184002
d 167212 113840
r 1200 478 1894 145192
d 89599 149457
r 1400 444 94707 74916
d 1967 3685
d 186316 8364
r 1200 426 147292 162870
d 101390 143867
d 196339 95607
d 10055 65280
d 146328 163418
r 1800 172 38618 99817
d 87707 61146
d 73758 18641
d 94205 40056
r 1600 470 124468 127189
d 172046 73735
d 118399 38209
d 22837 74682
d 145094 170337
r 1200 479 83489 133637
d 29970 189850
r 1000 134 78240 3547
d 155636 100015
r 1200 256 33140 87635
d 63094 169745
r 1200 384 190142 188542
d 9165 74398
r 1800 363 139218 113463
d 58143 14900
d 1531 134243
d 82787 173816
d 169904 184951
r 1800 447 105229 56798
d 52108 159960
d 34230 114083
d 35188 84856
d 60819 93554
r 1400 337 94989 94686
d 165060 38314
d 88549 121900
d 142434 54418
r 1200 276 51854 99100
d 189510 188429
d 96040 165249
d 19899 32823
r 1800 357 129726 19168
d 87662 1670
r 1600 220 68788 73706
d 14236 182729
r 1200 113 117775 156196
d 17624 166486
r 1000 107 123696 122615
d 198057 115829
d 141231 15013
d 96701 196603
d 84845 49403
r 1600 463 128294 44311
d 125675 47881
d 131563 18544
d 8391 69440
r 1600 342 107968 38814
d 55901 51173
d 142259 30666
r 1000 153 46291 49014
d 178111 73391
r 1000 217 55759 161405
d 128117 168498
r 1400 162 150576 73736
d 10051 125282
r 1400 311 39077 129828
d 149553 94553
d 43923 198547
r 1800 117 49106 95841
d 138380 94251
d 146420 68107
d 172828 139933
d 24963 75553
r 1800 323 194610 127196
d 133191 21220
d 164426 60875
r 1800 364 62297 67281
d 41321 175249
r 1400 412 101219 130770
d 124246 84209
d 132788 75117
r 1000 187 20854 143348
d 52189 161272
d 140979 55738
d 73632 156674
r 1200 278 168960 189060
d 20605 6644
r 1800 152 92120 135332
d 136695 40345
d 85582 69008
r 1000 283 44636 150908
d 183684 90997
r 1200 190 139419 187989
d 41459 107855
r 1400 351 61781 11428
d 129671 65879
d 124532 112446
r 1200 498 100867 77541
d 7790 186263
r 1600 330 153876 147217
d 54967 5652
d 55993 168591
d 19473 7719
r 1600 174 14116 172775
d 70287 145283
d 73611 103624
d 23047 37948
d 139340 43807
r 1600 365 134236 142907
d 27134 198796
d 189617 33502
d 176908 56809
d 18771 179541
r 1400 259 103446 4489
d 112344 97449
d 195288 119832
d 149506 73530
d 133213 83759
r 1800 431 161266 177765
d 197518 187676
d 53376 146122
r 1400 271 178453 30871
d 88622 127484
d 146285 17949
d 75645 131219
r 1400 291 69794 71064
d 87711 137683
d 23057 137903
d 183411 163773
r 1000 303 51183 77952
d 102292 89315
d 105163 127470
d 179553 27330
r 1200 151 6243 187929
d 195071 16398
r 1600 288 83758 139363
d 108132 130578
d 72108 53496
d 49350 32103
d 78929 187361
r 1400 261 118476 96899
d 851 149365
d 87141 191973
d 188162 174800
d 165186 42453
r 1400 384 15240 43746
d 69812 134175
d 68138 50169
r 1800 376 78303 152352
d 135947 11615
r 1800 186 186231 138769
d 38153 188041
r 1400 275 106357 17009
d 2256 158775
r 1400 440 123620 114421
d 2383 2219
r 1000 417 34330 188126
d 15457 48507
d 61951 115739
d 28946 31651
d 20375 169698
r 1000 421 184447 90855
d 87636 23931
r 1600 425 180985 122831
d 102388 139406
d 146064 59228
d 55689 5567
r 1000 139 119580 69071
d 109815 34273
r 1800 409 104690 149920
d 30147 12965
d 140877 84221
d 76321 135390
d 13385 169699
r 1200 472 75429 127545
d 149300 168662
r 1800 235 120599 39476
d 23662 110299
d 171781 138599
d 185819 113879
r 1400 118 97806 167682
d 52899 117594
d 18802 76175
r 1000 484 76987 102303
d 185338 38980
d 183344 111654
r 1600 189 5271 1773
d 112999 183237
r 1600 489 187465 184742
d 179364 33246
r 1600 359 84862 65209
d 108212 177521
d 38976 143756
d 101197 145754
r 1000 421 14595 166495
d 99376 124130
d 14494 197247
d 105948 38512
r 1000 353 157421 125589
d 197594 16557
r 1000 350 51047 61457
d 143782 75471
r 1200 484 100069 155399
d 1574 59149
d 155240 60640
d 23129 62196
r 1000 345 57410 77829
d 135162 114374
d 154226 12705
d 45608 69091
d 154510 189181
r 1000 417 45173 181809
d 14591 61673
d 97739 186007
r 1000 262 60060 44340
d 95272 175144
d 147510 124183
d 58445 42600
r 1400 208 79956 83435
d 54627 115976
d 42217 89587
d 31379 185100
d 62058 1759
r 1600 188 174375 62078
d 156584 159462
d 174707 84768
d 128719 157313
r 1200 165 83357 117933
d 4186 41165
r 1800 488 177289 69408
d 35620 189208
d 137243 189813
r 1600 242 142576 129781
d 112621 110211
d 198627 127208
r 1600 400 131695 101243
d 105426 90535
r 1000 428 102754 21365
d 8314 194598
r 1000 456 10598 25665
d 137658 67231
d 148403 139503
d 31479 110197
r 1600 238 101458 41502
d 131834 160318
r 1600 470 174202 112291
d 87522 168231
d 18220 171627
d 68568 104316
d 195017 139643
r 1600 147 169687 89555
d 97526 145105
d 185237 109865
d 71382 40677
r 1400 454 37733 89094
d 123649 23691
d 128742 149267
r 1600 371 47921 147861
d 6995 19672
d 149017 142714
d 107051 45943
d 123234 100958
r 1400 274 174660 160976
d 48477 9503
d 52907 161793
d 99211 1262
r 1200 454 26374 64570
d 152472 22500
r 1800 245 42229 22385
d 119748 156708
d 8534 19940
r 1600 129 160085 144679
d 170243 162896
r 1000 343 142535 26546
d 135345 20716
d 142099 70366
d 30365 93184
r 1400 496 87287 162239
d 185198 86850
d 54835 187773
d 6248 182565
d 152763 83612
r 1800 376 7791 133275
d 150227 186299
d 56794 160803
d 133731 179891
d 102947 84728
r 1400 372 143295 101493
d 10630 69481
d 185910 85951
r 1800 456 26484 48436
d 45621 157129
d 111103 24654
d 65855 120258
r 1600 231 173335 170123
d 174001 196184
r 1800 378 50509 49510
d 169631 183342
d 66884 146173
d 114120 35065
d 105597 87387
r 1400 201 165600 125162
d 88008 140836
d 59008 118639
r 1400 392 22179 129284
d 192250 86413
r 1200 294 34055 31189
d 165771 123633
d 9260 102604
d 141622 133973
d 8712 36461
r 1800 341 30869 172926
d 184349 135447
d 152962 108522
d 179087 72139
d 37421 10613
r 1000 410 45165 8735
d 40898 3769
r 1800 381 7049 114383
d 76669 1957
d 168271 192995
r 1600 428 23401 100236
d 64889 114793
d 9836 149901
d 83822 92587
d 138036 28672
r 1200 220 197980 122066
d 78299 29198
d 189037 188109
d 176741 180080
d 25364 73039
r 1000 344 142775 150475
d 104405 93088
r 1200 499 160665 159074
d 47470 135333
d 105677 155067
d 110130 71892
r 1000 334 184453 164830
d 91075 171095
d 142637 12311
d 88409 27434
r 1000 352 55486 38207
d 130237 72721
r 1800 264 155282 175483
d 183164 70055
d 1049 100547
r 1200 344 107427 161337
d 108699 160339
d 160921 149002
d 113087 144465
r 1800 492 73641 194513
d 61155 158343
d 7588 129701
d 191775 156882
r 1000 226 192748 85201
d 53405 166807
r 1200 309 144538 76931
d 117903 185312
d 21709 103755
r 1200 434 179662 82736
d 150446 58791
d 169081 6907
d 44313 29264
d 56042 133443
r 1600 383 69375 129723
d 187846 51819
d 78074 81330
d 20945 97162
d 96650 71617
r 1800 245 155822 189619
d 61616 194591
d 184332 164236
d 196416 161605
d 54968 63202
r 1800 378 127298 2632
d 181210 94966
d 139292 145619
d 154979 186457
d 32090 10807
r 1200 291 14073 197877
d 136397 50869
d 121247 87945
d 176124 157956
r 1000 435 194470 113833
d 103636 36138
r 1200 335 13528 86185
d 117202 169501
d 113284 196828
r 1000 240 151910 171102
d 114169 157563
d 127293 66254
r 1200 177 40466 70706
d 147447 43996
d 74296 161360
d 51267 145193
d 182891 122872
r 1000 300 39994 178230
d 1206 122098
d 198033 66496
d 117963 116617
d 144047 9155
r 1000 135 69062 2776
d 185492 27143
d 36266 123319
d 185824 109371
d 56119 150734
r 1600 373 37944 121465
d 188495 50372
d 145634 131933
r 1200 349 121053 172382
d 191263 13563
r 1200 281 134132 174744
d 8599 144176
d 77655 93680
r 1800 178 84326 185511
d 116432 46958
d 182094 143885
r 1400 130 84614 14397
d 140131 82203
r 1000 175 3731 134042
d 84459 140141
d 153788 127800
d 120910 25997
r 1200 371 44665 129063
d 154110 95287
d 15767 119895
d 40647 61998
r 1000 241 110143 197837
d 67721 75399
d 192266 146593
d 14555 167714
d 194699 161887
r 1400 489 181809 135439
d 107640 113243
r 1600 302 170932 25862
d 42805 117131
r 1200 317 80876 23817
d 109988 52425
d 157402 72116
d 166431 8085
r 1800 346 172826 138029
d 158115 53768
d 9202 189007
r 1600 117 118320 192891
d 194249 55003
d 15049 62933
r 1000 137 189152 154005
d 15465 175097
r 1200 161 84688 94351
d 145839 187094
d 73512 116641
r 1800 277 175595 34763
d 153349 101189
d 82302 36059
d 70531 52706
d 184466 102422
r 1200 314 86247 47085
d 46081 188943
d 107020 162041
d 29192 129290
r 1000 490 920 36661
d 149872 169643
r 1200 375 154888 54267
d 69874 40521
r 1400 318 63257 148406
d 101780 126707
d 105248 181441
d 42775 183702
r 1800 482 86221 43447
d 67370 63484
d 185517 40187
r 1400 390 133893 94304
d 100729 109229
d 137328 91045
r 1800 133 197673 160092
d 114723 79955
d 89382 193727
r 1800 323 177753 38016
d 156317 141558
d 146168 80776
r 1000 123 52733 139005
d 65587 142306
r 1200 299 85253 106004
d 170650 70963
d 102574 147131
r 1800 213 142748 168572
d 116575 6921
d 142955 93772
d 82332 113874
r 1600 424 191562 147150
d 94105 80743
d 190312 36345
d 40272 171630
d 46757 31282
r 1600 371 101367 62897
d 114766 181589
r 1400 151 5754 159535
d 73926 28183
d 33646 49134
d 94836 126825
r 1000 401 94950 64117
d 193558 41421
r 1200 500 190367 142095
d 138347 69310
d 57409 152395
r 1200 179 95175 19248
d 9133 68878
d 27211 46990
r 1800 236 76853 97722
d 185170 39865
d 15297 154301
d 121926 112825
r 1600 359 62892 188679
d 83165 44007
d 90415 16395
r 1000 475 163763 117464
d 123105 6790
d 157910 116154
r 1200 323 141952 45725
d 54109 25181
r 1600 284 113208 11116
d 4606 174793
d 126071 95421
d 152485 139713
r 1200 117 87545 20305
d 19365 114184
d 165651 118781
d 85734 23540
d 28151 10666
r 1600 444 73948 109945
d 8955 109262
d 165242 182202
d 169573 181715
d 68475 182311
r 1800 389 16241 110266
d 192381 137842
d 21157 118125
r 1800 221 53017 112950
d 110793 188908
d 116259 183442
d 62864 181426
d 96028 81054
r 1400 149 70505 37337
d 806 20562
r 1200 212 32979 105910
d 35988 47283
d 159168 66809
r 1400 143 94888 35599
d 118901 76210
r 1200 260 21565 75261
d 116082 25577
d 132530 89619
d 186223 42896
r 1800 349 105841 67386
d 169279 35930
d 104761 16935
d 86141 80508
r 1000 242 36512 8307
d 135067 68960
d 123395 74758
r 1200 497 118541 55402
d 43780 151484
r 1800 482 60797 135665
d 100405 185969
r 1200 119 53276 187780
d 117313 148279
d 28103 162069
d 69138 20902
r 1600 246 184099 175710
d 38631 124643
r 1400 137 25548 137657
d 86740 41377
d 128509 160689
r 1600 306 35440 138263
d 96832 148277
d 109595 99038
r 1400 272 118717 142898
d 189768 154529
d 66207 174529
d 89084 57759
d 27474 109829
r 1400 212 30089 40785
d 135682 70955
r 1600 415 123171 181039
d 167064 127062
d 139441 30231
d 101426 52977
d 159327 135446
r 1200 151 180506 48708
d 47580 3128
r 1600 228 112805 68467
d 184001 111463
r 1000 125 85499 49687
d 54950 24869
d 131396 1201
d 97513 184602
r 1400 368 162327 122041
d 144006 180917
d 149427 53906
d 106380 115655
d 194514 63896
r 1200 387 192560 191895
d 10931 3908
d 60281 144076
d 78548 142651
r 1200 223 108495 140460
d 1361 7403
r 1400 437 127799 8006
d 73801 163770
d 57314 20839
d 45327 192264
d 73533 146757
r 1000 408 11705 151692
d 156772 161286
d 158085 84899
r 1200 473 67874 168420
d 146975 152772
d 83571 143439
r 1000 272 63320 95643
d 190336 28645
d 41571 181186
r 1200 429 10730 85081
d 165297 16740
d 98865 15810
d 49797 197787
r 1200 236 196997 66027
d 152502 194676
r 1400 175 10969 57248
d 165451 89277
r 1800 139 94619 13535
d 140950 142783
d 110311 106697
d 37389 178384
d 169342 100328
r 1200 199 101004 9201
d 127911 19380
d 98540 49420
d 110781 55991
r 1800 170 185527 19594
d 131625 175658
d 180876 166332
r 1400 437 178323 84773
d 167932 194297
r 1800 401 45460 21230
d 136678 88357
d 58701 82460
d 5311 53962
d 23259 64059
r 1600 488 197313 132826
d 56089 77505
d 193800 22639
d 69800 120737
r 1600 198 60659 79935
d 46968 66295
d 71506 107120
d 36125 28029
r 1000 411 142753 185087
d 18052 31283
d 45225 40389
d 135896 104000
d 120973 23119
r 1200 251 4489 139923
d 181148 82880
d 141728 99926
d 190778 112532
d 176203 55637
r 1600 400 79356 56976
d 191760 174413
d 177194 85413
r 1000 102 180898 131868
d 194530 156369
r 1000 350 99495 182844
d 106606 168397
r 1200 226 139453 126736
d 82870 108072
d 166543 132679
d 1030 32718
r 1200 360 42621 161118
d 156888 103210
r 1200 443 58173 15711
d 48026 129129
r 1200 294 119617 34917
d 166215 180846
d 51969 89285
r 1000 342 103034 60693
d 77833 136469
d 103852 50446
r 1000 147 22642 112569
d 166332 152894
d 74888 164618
d 166532 36738
r 1000 241 75272 118095
d 45424 50864
d 61647 24079
d 32968 35289
d 64434 57978
r 1200 481 119301 195581
d 56126 81699
d 95848 192835
d 79696 61824
r 1200 428 4179 24777
d 45517 198251
r 1000 458 2492 111178
d 165591 74511
d 114725 67152
r 1800 393 109999 59358
d 113913 139868
r 1400 396 33226 131517
d 119740 86060
r 1200 155 10010 136811
d 151155 73978
d 113042 98184
d 89958 157322
r 1400 441 32432 67770
d 12300 156785
d 103872 127152
r 1000 131 16609 8041
d 139213 142820
d 51625 76360
d 101407 13464
d 164055 48182
r 1000 269 97246 29029
d 85302 67052
d 141342 96249
d 4260 69821
d 127767 73789
r 1400 234 192504 63914
d 21310 168397
d 123987 126120
r 1600 338 151110 194393
d 123483 71939
d 86035 86918
d 196640 37106
d 165449 48149
r 1200 239 132303 71416
d 55907 88603
d 190373 193044
d 46855 151775
d 82785 108868
r 1800 494 41009 61908
d 137546 119974
d 30803 108253
d 179676 56891
r 1600 354 102916 71841
d 59650 55964
d 38492 27626
r 1200 458 178987 89201
d 99915 187376
d 53374 185969
d 92843 125747
r 1800 428 43760 67128
d 11239 89467
d 80164 117398
d 134555 52994
d 73551 81502
r 1800 286 59692 146355
d 26227 112624
d 177529 97184
r 1400 223 189195 122624
d 26076 2371
d 84364 89726
d 25851 161266
r 1400 345 177921 67105
d 144514 111470
d 174329 143117
r 1400 293 20832 110337
d 113553 120263
r 1600 187 120921 87092
d 120097 191979
d 125567 128571
d 19443 147562
r 1200 413 9744 187157
d 84882 115220
r 1400 412 170211 76797
d 156587 74271
d 136941 170883
d 93381 143416
d 37415 169085
r 1000 224 153415 153153
d 108062 13379
d 67192 174031
r 1200 395 7964 172265
d 81615 66383
d 194170 63830
d 19592 69154
d 53769 5929
r 1400 453 189136 62191
d 47482 45957
d 143310 86939
d 121489 63777
r 1600 414 73529 196821
d 118805 58816
d 146674 174802
d 49597 199110
r 1200 164 181974 34836
d 9826 60705
d 165428 127355
d 173057 17650
d 31961 126748
r 1200 499 129848 50094
d 124656 74002
d 76471 159681
r 1600 319 3109 174204
d 72953 145984
d 60508 80305
d 138529 29913
d 164788 28648
r 1800 318 132369 68473
d 5821 35798
r 1000 137 150064 64236
d 1117 60881
d 44209 24839
r 1400 165 167050 163518
d 10284 76640
d 168076 80023
d 114872 85202
r 1200 437 11867 112023
d 26005 143897
d 24779 148403
d 197071 98371
r 1400 348 123856 176993
d 170030 86850
r 1000 120 82788 32578
d 59340 69192
r 1000 455 113750 27187
d 11503 88550
d 50356 134360
d 41311 2842
r 1800 491 34236 177341
d 168722 100524
d 189496 101853
d 177572 102975
d 128822 146790
r 1800 128 73132 101680
d 23318 139520
d 84534 162958
d 93946 176922
d 82289 6163
r 1600 159 136820 90384
d 9807 72676
d 3619 106577
r 1200 434 51547 191417
d 166012 154177
r 1400 420 110680 131558
d 76139 102495
d 137711 28028
r 1600 474 33352 45547
d 5088 75060
d 159600 169047
d 124707 106927
r 1200 370 181535 58908
d 81292 2314
d 16678 170661
d 190801 122998
d 164549 162569
r 1600 191 130675 129925
d 126830 77273
d 158128 62280
d 75429 12097
r 1000 180 105626 79524
d 175911 64996
d 196356 11995
d 82595 51169
r 1400 194 191302 7354
d 155043 101341
d 134693 190639
d 135892 54046
r 1600 329 107511 147566
d 117201 80141
d 180238 60625
d 83315 61861
r 1200 365 59887 94164
d 98578 75422
d 68878 195737
d 139858 120017
r 1800 302 180096 87016
d 121912 109959
r 1400 239 52659 130369
d 59079 9342
d 64706 179089
r 1400 411 88295 192560
d 156884 86647
d 60898 111957
d 158894 49884
d 1408 9221
r 1800 175 63974 85059
d 154147 141839
d 35717 43992
d 32240 65310
r 1000 236 54913 47526
d 146683 66880
d 145179 49154
d 39585 24674
r 1800 373 140419 17139
d 71730 171084
r 1200 411 37548 24595
d 115667 115492
d 165120 29031
d 94789 121770
r 1800 380 90583 171155
d 122076 78888
d 30643 171520
d 78365 54092
d 142399 153812
r 1600 203 34148 161345
d 68657 148461
r 1000 247 90464 25348
d 93174 1957
r 1400 439 31760 115892
d 74816 69799
d 53403 175470
r 1600 221 21708 47541
d 45810 35499
d 115773 44416
d 44807 198546
d 143970 48084
r 1000 238 45901 154948
d 184693 136671
d 124621 3692
r 1800 499 178977 53413
d 37302 84482
r 1400 355 49111 22629
d 195865 157584
d 50438 108427
d 156872 86002
d 171385 64028
r 1600 448 137087 153229
d 92728 3875
d 116129 169978
d 138538 39315
r 1200 293 195268 196726
d 5336 10470
d 97035 55139
d 144322 132481
r 1200 469 175922 99934
d 17196 70964
d 126235 48875
d 96237 24289
r 1000 337 74255 33287
d 8472 103991
d 71622 8151
d 129125 131239
r 1400 366 71270 8482
d 192867 74395
d 27514 185035
r 1200 476 172847 48339
d 149623 111528
d 94625 170626
r 1600 151 48458 184619
d 79571 25377
d 83565 153255
r 1400 131 115705 20064
d 21334 53846
d 50683 137743
d 98890 190908
d 93010 10590
r 1000 373 136637 116346
d 49859 103941
d 57959 122141
d 81890 57298
r 1800 318 50160 175973
d 132109 193829
d 88466 198560
d 48315 70220
d 19283 17936
r 1400 165 172920 123284
d 156595 38432
d 86783 72838
r 1800 499 88183 124307
d 60858 170035
d 78642 63355
d 198823 156107
r 1400 498 32722 167460
d 76032 101039
d 155683 70852
d 4500 178097
r 1200 251 132273 160010
d 60468 109544
d 174414 55906
d 152255 85748
r 1000 119 186907 131596
d 174838 147657
d 180183 47123
r 1000 455 57332 109029
d 27208 46403
d 138679 111878
d 12302 160791
r 1400 234 172430 18712
d 81712 3051
d 155354 62846
d 166597 176215
r 1600 282 76475 7381
d 156821 158482
r 1000 190 100012 88698
d 5665 52841
d 110275 124340
d 32106 71658
r 1200 490 99942 34118
d 26013 81722
d 151261 78798
r 1800 298 32347 196285
d 21203 160652
d 46481 86044
r 1400 135 185152 151306
d 7552 94013
d 40350 130008
d 121403 96012
d 52692 76575
r 1000 498 24997 165367
d 187100 171800
r 1600 262 161753 184379
d 160347 20539
d 136207 144943
d 41918 119526
d 164055 45575
r 1400 119 29384 140319
d 80545 134648
d 162266 150717
d 22833 151233
r 1600 339 151107 178051
d 151563 100095
d 31327 90577
d 5973 35364
r 1400 192 171644 128615
d 5437 78889
d 33413 165724
r 1800 487 49916 58237
d 56945 15571
d 178100 192593
d 20966 6115
d 198095 16144
r 1400 411 40043 1077
d 59498 197479
d 80291 24588
r 1000 391 152469 94948
d 182877 12827
r 1200 492 6064 74793
d 133808 172922
d 149009 63100
d 11852 26543
r 1400 401 139084 142921
d 138805 160646
r 1200 213 115127 74722
d 176631 183544
d 156464 144567
d 41029 198212
d 107771 63743
r 1600 134 6464 103201
d 169091 29600
d 168606 149006
r 1000 243 153614 6828
d 117790 32520
d 185662 186375
d 46353 47480
d 60427 90902
r 1200 354 97878 8340
d 41569 113504
r 1800 250 31651 18469
d 162618 130571
d 49348 181415
d 99048 177655
r 1200 129 134625 129755
d 17825 35594
d 164084 146107
d 117733 75180
d 29909 83224
r 1800 334 11233 148663
d 10957 90757
d 44502 57023
d 2366 35860
d 57945 103405
r 1600 459 68563 103388
d 92848 33454
d 141244 167180
d 196108 91342
d 138011 197374
r 1800 148 172512 195525
d 136332 56980
d 177909 126325
r 1400 182 180142 46781
d 179913 40362
d 20213 124473
r 1400 335 186875 43570
d 147087 155209
d 41068 61265
d 69830 59644
r 1400 261 41262 194013
d 121425 164888
r 1000 454 176417 45354
d 15753 12588
d 92256 83032
d 192508 88272
d 78632 116362
r 1600 274 25635 185701
d 112597 89481
d 161253 81878
r 1800 498 154901 173075
d 96460 92098
d 58815 119603
d 61764 98769
d 50721 90478
r 1400 127 114915 153820
d 7362 114379
d 129668 151086
r 1600 269 162967 50472
d 156543 171295
r 1800 481 106182 7835
d 110107 117991
d 32830 66344
d 142212 84582
d 76832 9273
r 1800 116 65566 96828
d 160700 29089
d 126695 197714
d 169169 133469
r 1000 162 60456 64995
d 91312 191332
d 99399 141563
d 103631 1345
d 198257 72943
r 1600 217 68928 124121
d 193918 95572
d 156788 139797
r 1000 165 69893 177555
d 12405 117399
d 122451 93463
d 85413 37239
r 1600 375 150470 116902
d 88413 197164
r 1000 311 159329 13698
d 11228 72002
r 1400 199 113484 8670
d 149476 39268
d 149052 171383
d 125524 84153
d 97203 85956
r 1200 427 79015 30733
d 181051 17853
r 1000 333 185090 155723
d 157939 112460
d 40013 106470
d 59224 175980
r 1200 494 17457 125828
d 177741 78797
d 50493 166465
d 24870 11273
d 173774 97964
r 1400 394 90852 153381
d 197106 142251
d 186463 91691
d 156543 105723
r 1800 121 75095 59249
d 159595 31173
d 19741 26607
r 1000 225 100662 185862
d 56664 168912
d 46923 76667
d 107459 47181
r 1800 495 59993 63094
d 99078 97522
r 1600 478 143187 123178
d 77520 148048
d 4051 58540
r 1000 387 10931 14917
d 196564 62895
d 55758 124160
r 1600 422 74725 28548
d 74033 181948
d 185369 32797
r 1000 479 183730 41436
d 127438 59363
d 164217 37591
d 39440 80177
d 119283 18299
r 1800 341 108360 84385
d 23048 43695
d 78575 119188
r 1800 489 183775 98882
d 14677 118988
d 146704 176935
d 134745 28196
r 1800 264 178516 1318
d 17865 93357
d 159738 125110
d 133757 67551
d 2079 116880
r 1600 150 197867 167669
d 8952 38959
d 180266 162419
r 1000 408 128196 74466
d 3856 15168
d 148475 81262
d 39385 136790
d 54477 27104
r 1200 253 145070 73306
d 19345 50426
d 61304 66313
r 1200 157 109890 3371
d 21622 90556
d 2860 142950
d 87005 88264
d 167635 47335
r 1200 217 122759 95651
d 176743 59543
d 5336 61198
r 1800 472 92233 167153
d 4029 50932
d 9825 179484
d 143124 74722
r 1800 258 15097 137887
d 73419 61920
d 2494 184251
r 1600 131 120663 63421
d 91735 15035
d 11138 109380
r 1400 465 7739 87621
d 46077 140448
d 142449 113045
r 1400 293 21971 83553
d 99274 155124
d 34411 43251
r 1800 388 79101 20381
d 99025 191688
r 1200 205 43860 33978
d 96854 91810
d 191659 77799
r 1800 425 179556 101445
d 64054 83311
d 133349 167470
d 50636 38310
d 31260 123716
r 1400 487 33688 13151
d 121040 184422
d 141609 103036
d 143497 137745
r 1000 324 175679 18455
d 123862 59750
r 1800 250 185639 65773
d 110207 56551
d 181235 48346
r 1400 273 51520 34638
d 170677 91214
r 1600 215 117741 16072
d 45532 118644
d 78608 146990
d 41005 162161
r 1800 241 149238 29674
d 76793 117852
d 23202 105361
r 1800 223 193478 158436
d 108423 124728
d 50418 197656
d 18934 44714
r 1000 319 72609 50831
d 58951 157002
d 188208 18902
d 105904 103306
r 1600 338 42021 141781
d 160067 59800
d 57999 96081
r 1800 393 29155 107176
d 195740 148140
r 1000 440 89886 176123
d 75958 45811
d 166905 103801
r 1400 424 30442 119747
d 182942 2721
d 181252 38742
r 1000 207 91778 131433
d 158898 112271
d 101209 125192
d 61068 89568
r 1000 365 159049 28583
d 31579 70766
d 83003 13019
d 21405 186227
r 1800 321 45499 59740
d 161343 14805
d 185394 164009
r 1800 391 176240 157079
d 93806 87917
d 134219 36564
d 132388 93077
d 55941 60886
r 1400 223 112450 146539
d 78409 9986
d 65470 136141
r 1400 228 37655 91007
d 154943 5512
d 109643 50071
d 151163 9750
d 29869 121681
r 1600 207 127391 30688
d 9327 47868
d 109490 168570
d 51459 154088
r 1800 294 48667 81155
d 171516 7451
d 39987 26863
r 1400 178 163708 71001
d 173021 7923
d 102243 59037
r 1000 449 159672 49239
d 161786 177532
d 117799 66273
r 1800 201 50810 13413
d 169441 13840
d 189429 9104
d 148013 177241
d 60145 112576
r 1200 116 145194 97246
d 98465 180283
d 68386 16744
d 185806 4852
r 1600 461 118809 172656
d 128317 73223
d 154200 83958
d 39121 134083
r 1000 144 105121 85800
d 70166 82394
d 63414 84836
d 20646 149774
r 1800 330 74011 177476
d 58698 116601
d 123755 6676
r 1400 378 110969 105129
d 89778 71763
d 186393 1861
d 137907 185860
d 175928 142915
r 1200 186 150613 22942
d 154043 91225
d 145079 80587
r 1600 121 5491 130003
d 44075 137659
d 5117 120173
d 63120 159745
r 1000 471 31540 32672
d 98709 179353
d 64477 7256
d 85132 124284
r 1400 168 14982 78366
d 53077 8546
d 111183 148107
r 1800 198 148494 134784
d 179812 110918
d 178961 133138
r 1800 282 118902 44751
d 160177 20610
d 143893 7975
r 1000 416 116227 122423
d 187253 47417
r 1200 197 81805 125472
d 15309 170135
d 46714 70140
d 92667 99972
r 1000 475 190621 107475
d 17213 161766
d 74361 73496
d 85533 79112
d 9356 124716
r 1000 329 104171 122849
d 71007 75014
d 39058 47691
d 181058 115367
d 108004 170614
r 1200 125 134828 88169
d 135393 103953
d 194044 84151
d 193532 156219
r 1600 397 35196 35651
d 98339 6484
d 62141 163820
d 11202 11033
d 150840 5430
r 1600 404 178837 143833
d 145845 114638
r 1600 324 131968 85033
d 11657 42989
d 182365 181178
d 70084 164100
d 89713 88664
r 1200 273 198511 101293
d 183692 183681
d 12716 144174
d 195247 155290
r 1000 322 65209 133105
d 195991 108706
d 52243 189839
d 149013 181224
d 186961 139194
r 1000 106 173256 37342
d 160790 46291
d 66831 48090
d 137897 96939
r 1400 466 180211 197538
d 4829 66780
d 166892 132774
d 177799 67426
r 1400 309 23133 167653
d 168058 57365
r 1600 375 134023 17926
d 135494 35953
d 67947 180965
r 1600 150 172246 71932
d 98829 59817
d 127435 111604
d 65442 195961
d 161199 89822
r 1000 116 127317 163868
d 174155 41596
d 149468 116635
d 44702 195472
d 96214 64788
r 1800 479 96296 135868
d 154904 175213
r 1200 270 175203 103996
d 39759 64877
d 51366 57443
d 52867 50174
r 1600 339 191019 179997
d 71986 172694
d 125647 29364
d 122494 70289
r 1400 390 93083 90755
d 26947 13871
d 194597 96525
d 179745 99249
r 1600 387 80030 53290
d 154230 196645
r 1400 457 102106 179059
d 184658 30461
r 1600 248 11582 115364
d 75545 7835
r 1200 149 55607 125623
d 87156 93536
d 176879 100250
d 102162 88343
r 1000 149 191893 93212
d 189747 119261
d 147024 69954
d 67574 81142
r 1600 109 82680 151004
d 149187 135042
d 168447 44887
r 1000 215 183358 101273
d 148746 62183
d 123777 115164
d 3062 141723
r 1400 399 122536 8328
d 79994 157848
r 1200 237 117061 8122
d 137834 196892
d 159030 36979
d 90620 187810
d 69824 120729
r 1200 401 59615 30870
d 68066 10735
d 82664 107545
d 61864 183052
r 1400 308 158317 61217
d 6959 174604
d 116730 23118
r 1000 469 86560 61142
d 148028 142238
r 1000 473 123503 101230
d 124515 28739
r 1200 114 119568 122821
d 156380 12335
d 163307 66426
d 108776 113880
r 1400 101 157884 101744
d 114904 75175
d 145506 81269
d 6964 27865
r 1200 208 35485 132477
d 169606 2910
d 167998 138154
d 193614 71788
r 1600 416 68666 156192
d 168445 7297
d 66528 145338
d 60000 103300
r 1200 203 175521 132733
d 137556 14531
d 88552 1693
d 136007 37029
d 61777 69760
r 1800 440 52575 154924
d 153350 75011
d 87416 20713
d 20224 104231
d 129193 66294
r 1400 296 47022 111748
d 94467 43359
d 198666 49101
r 1200 161 166866 81707
d 62434 70956
d 90107 152418
d 134795 163373
r 1400 210 86377 4606
d 198099 152183
d 182818 68378
d 59369 123543
d 64191 94220
r 1000 427 97638 83761
d 150167 50129
d 143923 32611
d 112009 54108
d 166591 195289
r 1200 344 23138 122995
d 118835 82502
d 10270 55236
r 1200 188 42973 124568
d 48681 168309
d 53281 121721
d 22381 164355
r 1400 142 44055 11472
d 77591 184834
d 12898 141116
d 167238 40056
d 6102 19900
r 1200 436 45790 189792
d 68065 166777
d 129000 2839
d 141853 56483
r 1400 229 124029 37244
d 172303 176882
d 181433 112763
r 1200 365 11530 38914
d 163557 43122
d 19352 94275
d 12105 80615
d 159463 159524
r 1600 216 99583 175817
d 134309 114554
d 52884 190567
r 1200 129 23346 21917
d 119086 120162
d 141543 183271
d 155007 55798
r 1600 310 9100 68328
d 55040 106851
r 1400 275 120687 133035
d 83467 158323
d 181626 168087
d 104144 125211
r 1600 122 178901 117671
d 63875 143239
d 41479 86477
r 1200 151 142025 145731
d 158760 38274
d 6911 191804
d 162781 60249
r 1400 101 194990 166311
d 122479 89768
d 130562 40873
d 155811 122173
r 1600 142 25960 54661
d 137927 41962
d 60312 69107
d 81976 176871
d 187397 166490
r 1600 105 40278 33777
d 116714 185928
d 26005 133797
r 1600 290 65829 3751
d 34578 167146
d 160850 38411
d 3343 143660
d 164736 51192
r 1800 120 64456 118204
d 112296 75480
r 1000 340 47512 103413
d 93926 146128
r 1800 179 39690 115707
d 25073 112960
d 148126 126957
d 196122 122817
d 10402 51303
r 1200 417 29663 21598
d 48093 190910
d 66748 7576
r 1200 486 146768 71640
d 108989 3104
d 158180 117151
r 1200 410 146817 59500
d 82639 28556
d 119101 128399
d 132744 26223
d 111334 25414
r 1000 462 28785 179415
d 27658 147115
r 1400 483 159917 16729
d 136709 73665
d 8602 146899
d 12536 189528
d 7483 67616
r 1800 221 172354 152501
d 50972 134977
d 40193 107014
d 94481 34627
d 192020 190464
r 1600 294 73493 151636
d 141953 1114
d 152977 64821
d 50397 38271
r 1000 465 175572 196903
d 154915 14897
d 150713 32665
r 1600 303 170113 81403
d 43838 10916
d 97443 41219
r 1200 135 15981 12922
d 99032 157167
r 1200 393 10322 158882
d 52354 153500
d 15897 33343
d 75813 137474
r 1200 494 112378 49251
d 47698 96004
d 140392 137986
d 70663 179085
r 1800 318 85952 166881
d 22214 135086
d 123749 106636
d 170819 149572
r 1600 107 107760 93182
d 45863 167930
r 1600 417 927 2132
d 28629 18748
d 171533 190195
d 165141 110752
r 1200 173 4076 198594
d 39488 140653
r 1800 422 182957 107260
d 198640 59388
d 46559 71523
d 100275 183612
r 1000 442 115173 69210
d 171558 151886
d 128528 12733
r 1000 419 41104 181889
d 31542 165421
d 130892 24003
d 57744 97829
r 1000 341 160920 86141
d 185434 125176
d 139142 70332
d 116914 63963
r 1800 378 161544 136059
d 20895 54383
r 1200 295 140877 74144
d 70274 96089
d 40949 1073
d 102728 33841
r 1600 353 38439 165750
d 102162 49336
d 91548 15200
d 183328 118069
r 1400 282 47310 39290
d 123053 36075
r 1400 486 61427 37753
d 183699 42680
d 184656 63928
d 132254 194888
r 1000 189 53362 115865
d 84073 123206
d 160478 175310
r 1200 114 82468 143045
d 43627 125933
r 1400 334 127653 168816
d 154325 82914
r 1400 252 41991 97728
d 45321 122269
d 153457 185743
d 69807 174544
r 1400 218 115403 4438
d 39020 66569
d 130802 116696
d 50207 167061
d 129771 175958
r 1200 188 60091 181196
d 130120 125016
d 8537 71059
r 1400 441 81423 103751
d 137377 187731
d 56519 165892
d 110578 165793
d 77970 87727
r 1000 241 144829 187933
d 72518 146564
d 162077 23891
d 80697 80698
r 1000 490 87392 89775
d 121809 167202
d 38416 33306
d 130585 127975
d 83962 170991
r 1200 347 42117 57563
d 55152 161340
d 16700 143913
d 99216 127427
