g 60 60 2000
r 1200 454 8740 33211
d 99969 16219
d 30463 79201
r 1800 404 8044 68849
d 45319 11020
d 61600 24342
r 1800 243 32221 20966
d 98891 2660
d 70604 111285
r 1200 130 29510 37093
d 43147 99306
d 99842 94402
d 19640 26739
r 1600 331 84595 55791
d 70364 85810
d 63333 43090
d 106029 73235
d 46804 47786
r 1000 118 113923 69658
d 111750 65849
d 113150 85520
r 1200 284 115028 76813
d 110451 34622
d 58798 28915
d 82771 44870
r 1400 179 74874 38637
d 46828 80285
d 71993 74591
d 31050 28708
r 1000 430 69557 69045
d 114068 56544
d 117556 101225
r 1800 478 12100 18531
d 38679 7815
d 86551 69508
d 93246 32657
d 94925 40265
r 1800 465 23155 53428
d 16205 101568
d 84406 10888
r 1600 350 11230 96962
d 71478 61668
d 62376 112572
r 1400 425 113949 83409
d 117980 51749
d 86917 81210
d 68557 34058
d 47150 1662
r 1800 200 17856 37163
d 60264 87206
d 14230 111764
d 50556 68158
r 1200 118 8682 102174
d 97002 40116
d 109420 40454
r 1400 458 109373 46554
d 116364 31205
d 83973 7395
d 77846 85706
r 1400 451 30509 102921
d 4525 5742
r 1200 128 110933 32517
d 62527 7567
d 95388 13819
d 64924 18532
r 1200 425 64064 118256
d 102202 80198
d 92038 52670
r 1200 343 4829 53974
d 85151 40110
d 78230 12836
r 1200 321 46818 35350
d 109377 102458
r 1600 443 9626 28801
d 39275 79435
d 53502 32659
r 1400 390 99485 12625
d 95718 31092
r 1000 319 72308 38874
d 65375 106608
d 96150 83414
d 42000 46119
d 100603 70627
r 1800 371 105487 68970
d 57028 38182
d 27231 23625
r 1000 386 108521 50296
d 72127 52894
d 69862 41787
d 76795 116885
r 1000 133 59818 3500
d 83450 85604
d 11530 15962
r 1000 242 107146 72481
d 46712 82175
d 26814 34426
r 1200 392 78430 36233
d 4542 32292
d 55377 105139
r 1200 366 75267 105398
d 87220 14993
d 101520 42152
d 116389 102591
r 1600 453 49098 96078
d 88961 11314
r 1000 203 7221 95619
d 77753 46543
d 17018 28312
d 96004 37810
d 110920 23427
r 1000 425 18497 75648
d 33721 29078
d 56863 15883
d 45223 33339
d 94412 34494
r 1200 322 94128 24238
d 57199 49872
d 103556 93690
d 45307 70313
d 17919 101806
r 1400 312 39716 83477
d 81373 33362
r 1800 179 91593 59240
d 53248 91196
d 58618 19808
r 1800 404 42397 24926
d 60935 69434
d 22632 1676
d 47825 24406
r 1400 359 82753 108897
d 21872 78804
r 1200 343 16514 17866
d 37619 19004
d 73920 32128
r 1800 331 13338 64503
d 28975 112062
d 11195 43665
d 66799 69271
d 106815 32284
r 1000 205 13703 105644
d 102062 34451
d 8191 78555
r 1400 274 19009 1494
d 32540 90002
d 60447 80289
r 1600 229 12946 57157
d 106509 91419
d 65065 60853
d 6450 66554
d 31553 117973
r 1400 225 47978 58517
d 69896 53034
d 29027 59254
r 1800 457 118005 62542
d 93188 62881
d 53673 56766
d 99784 112471
d 72527 117454
r 1400 494 102610 30661
d 4917 94435
d 20787 31720
r 1600 231 99842 36216
d 104272 26765
d 66675 74788
d 116698 80950
r 1200 425 31528 7923
d 89163 75580
d 78286 55973
r 1800 301 75136 22203
d 18299 60367
d 17900 41080
d 61077 58321
r 1600 279 58855 91813
d 56023 25447
d 9454 38201
d 48531 92277
r 1800 223 107377 109135
d 53076 74957
d 8477 96179
d 8985 59564
d 76561 91940
r 1000 445 10136 92082
d 55037 52574
r 1600 188 54854 57644
d 21420 20025
d 114280 99910
d 8496 37527
d 39632 91280
r 1800 207 13079 74542
d 55618 64199
d 51422 22959
d 114931 111989
d 80347 53295
r 1200 276 12374 31197
d 100051 57117
d 62970 87717
d 107679 56730
d 15900 100791
r 1400 144 6862 78547
d 86034 65403
d 35549 58978
d 99870 101679
r 1000 448 36410 18941
d 83572 17379
d 60974 106806
d 99417 29901
d 113565 46195
r 1200 427 57153 74830
d 36484 90098
d 46316 39087
r 1200 284 6430 109540
d 38125 91440
d 86007 77305
r 1600 113 49812 39797
d 57449 53445
d 46516 115363
d 8543 88537
r 1800 162 107988 55304
d 82095 55350
d 53593 30008
d 108180 36290
r 1600 352 102462 81290
d 65639 73748
d 17207 29849
d 55471 78411
r 1600 337 58342 60348
d 76483 72710
d 101409 63077
d 112938 12851
d 11249 27618
r 1200 156 102858 55306
d 23856 14474
d 96875 74657
r 1800 262 109619 94304
d 20613 25229
d 41144 76429
d 38156 115391
d 81438 115901
r 1400 181 79679 23344
d 58248 110155
d 94637 93200
d 78111 103281
r 1200 211 14130 92415
d 114939 75686
d 107851 99195
r 1600 318 103613 36248
d 7944 73250
d 68263 90990
d 92854 56918
r 1000 493 89174 39209
d 28543 64803
d 20361 107308
d 19948 19670
d 96596 90050
r 1000 214 99401 43418
d 93668 109415
d 44850 46498
d 104059 47044
d 54609 52844
r 1200 399 32670 32410
d 95547 73169
d 79457 101957
d 104934 45094
d 90326 6322
r 1600 201 70436 100793
d 103049 24930
d 29415 111669
r 1800 378 75247 58620
d 75263 7317
d 84491 2716
r 1000 420 84708 64110
d 34358 111762
d 92231 80464
d 79548 39376
r 1000 183 17191 113418
d 100359 105665
r 1000 115 18649 55548
d 28487 8955
d 28290 58171
d 98363 18511
d 101415 35858
r 1400 196 61393 47327
d 110231 55034
d 62807 57978
d 102076 67977
d 51404 109946
r 1200 294 102700 52763
d 1954 74708
d 89058 118405
d 35327 8234
r 1600 448 41856 30936
d 117960 20322
r 1000 301 68721 48356
d 115828 57325
d 74371 75117
d 52539 83498
r 1600 182 46546 3591
d 51303 4114
r 1800 269 10948 36419
d 71718 99384
r 1800 356 93694 34515
d 116010 65747
r 1000 492 7605 21961
d 42855 106220
d 74546 7318
d 62646 12854
d 27295 78609
r 1600 298 84498 3274
d 68227 45490
r 1400 441 15734 72425
d 85018 35561
d 82721 2116
r 1800 285 54304 48744
d 100417 32094
d 114868 37857
d 6208 28180
d 65765 77062
r 1200 218 103148 90972
d 100248 75728
d 48768 83426
r 1800 235 30540 93488
d 57044 113545
d 28486 112790
d 3340 37848
d 88961 48092
r 1800 262 93811 71361
d 58535 109878
d 89364 10383
r 1400 437 63861 114358
d 48120 35643
d 37288 57151
d 27307 99092
d 25845 46715
r 1000 385 2019 40167
d 110137 84309
d 104563 109786
d 75683 17999
r 1200 233 13130 60615
d 46578 116458
d 109082 103178
r 1600 347 21557 20976
d 12852 24200
d 26514 69175
r 1200 235 116407 3418
d 20364 73282
d 86400 22929
d 44029 62040
r 1000 307 71460 36231
d 54295 30392
d 39181 98947
d 119195 14143
r 1400 352 93601 77169
d 11095 56452
d 13954 112969
r 1600 408 71193 81566
d 113735 55125
d 21781 74692
d 33526 32456
d 1671 106923
r 1200 225 12495 52815
d 1231 30944
d 18480 71069
d 22345 101706
r 1200 254 67648 6487
d 71495 100317
d 67462 84044
d 85976 38675
d 105136 118010
r 1000 250 109130 26100
d 63372 52331
d 68267 7416
d 68426 63551
r 1200 174 105011 78815
d 4499 41377
d 79484 105741
d 45781 22734
r 1000 352 54418 14631
d 46706 57901
r 1000 244 40326 44651
d 45835 39662
d 7208 9995
d 100970 34420
d 107209 34453
r 1600 423 19453 83751
d 104456 46853
d 72174 65981
d 118179 4325
d 107311 48372
r 1600 483 81600 86341
d 59947 80523
d 18021 102293
r 1600 282 1202 12539
d 57402 53372
d 23364 19806
d 47462 17512
d 96254 113004
r 1400 411 59453 64869
d 108082 58360
d 20551 80289
r 1400 485 31090 76836
d 68357 50626
d 113839 19735
d 101443 108478
d 107567 14279
r 1600 306 111358 98625
d 70675 26889
d 106190 45273
r 1600 117 96474 110632
d 39072 38831
d 56281 47309
r 1600 397 25384 118863
d 68866 25295
d 41127 10600
d 60533 56819
d 43165 68091
r 1800 456 74355 84708
d 1834 87085
r 1000 155 16403 57076
d 52442 93186
d 106606 34771
d 60509 99640
r 1800 268 98581 76438
d 91440 30556
d 69198 90096
r 1400 374 41422 78685
d 88948 8472
d 85122 94808
r 1400 197 109638 117046
d 88222 107350
d 8359 62438
d 103633 59111
r 1000 473 45436 25921
d 34214 89434
d 35918 62898
d 91008 116539
r 1200 348 98080 73320
d 104806 29216
d 14818 79435
r 1600 193 43366 113558
d 41922 83466
r 1800 188 87738 48162
d 1683 35375
d 93007 9226
d 108381 44662
d 106211 70088
r 1200 494 107554 29753
d 98948 18114
d 10709 118504
d 110530 96947
d 71170 7050
r 1400 254 40932 32816
d 26482 17480
d 70579 18376
d 87338 101921
d 81389 112192
r 1400 347 1369 15833
d 15004 40194
d 84864 66395
d 72504 16571
d 30857 111427
r 1600 375 89699 66295
d 90006 14225
d 91643 45169
d 76502 14757
r 1600 231 8293 116337
d 57100 56755
d 83338 77582
d 30062 15455
r 1400 339 17444 34720
d 48980 77946
d 114181 11119
d 72640 34215
r 1400 256 26193 99150
d 5004 106012
d 53464 17890
d 2443 92574
d 12697 115807
r 1000 491 50909 105759
d 97116 78983
d 94886 34548
r 1200 100 51738 65544
d 717 89322
r 1200 308 1875 97013
d 98362 76470
d 80625 66083
d 68676 6426
d 96106 46076
r 1000 368 73985 12879
d 20972 57322
d 11985 35389
d 3780 73276
r 1800 451 99024 70350
d 28271 94619
d 27549 89486
d 93319 61808
r 1600 333 19253 102935
d 7039 55269
d 116805 103308
r 1200 480 102012 110409
d 90756 87586
d 67297 113646
d 19655 112159
d 29929 89228
r 1600 213 116440 58283
d 62692 24861
d 24708 5802
d 40057 45981
r 1800 497 116905 91851
d 6929 48260
r 1000 376 82930 71287
d 71142 53217
r 1200 323 8277 107085
d 112293 114765
d 105179 14645
d 119261 4147
d 72497 83882
r 1400 352 47101 62378
d 5970 79984
d 62148 83551
d 73534 56486
d 57411 71035
r 1200 482 64570 89819
d 114801 96086
d 72909 74427
d 91731 84762
r 1400 127 100488 114800
d 29083 60020
d 90115 111469
d 96479 16031
d 27547 21478
r 1000 468 76112 91953
d 19020 70523
r 1600 116 48266 49933
d 70930 72877
d 40707 30088
d 61355 21588
d 106248 111607
r 1000 465 93034 67756
d 66213 7587
d 73484 104420
d 72969 89867
d 66412 1156
r 1400 432 40097 80877
d 60393 23581
d 71649 43702
d 49650 3172
d 94698 24120
r 1600 211 20434 52767
d 62604 54675
d 62491 28098
d 66487 84235
r 1000 496 5015 5680
d 53994 25694
d 8717 31279
d 46907 76709
d 39279 26139
r 1000 180 40375 2945
d 57404 82263
r 1800 307 10891 4101
d 51065 48702
d 98340 52360
d 65823 87648
d 33702 8604
r 1800 286 106999 61998
d 53696 62540
d 31605 39193
r 1800 167 89751 52043
d 51653 80480
d 51466 110774
d 7752 66582
r 1200 492 43131 34892
d 35963 26172
r 1200 167 85799 92331
d 26286 4719
d 73083 68904
d 11737 69700
r 1200 213 58115 36720
d 14770 53145
d 106277 2079
r 1200 491 109963 3011
d 37711 112824
r 1600 143 60398 67394
d 59767 68316
r 1800 286 42082 96939
d 98918 33777
d 7227 50113
d 27101 70850
d 59543 4931
r 1600 471 61708 25151
d 37519 11022
d 30736 107076
r 1400 478 82000 83095
d 7554 70046
d 74423 37819
d 14305 113413
d 32695 106164
r 1600 346 75429 48253
d 11452 28639
d 1697 75329
r 1400 278 56145 53472
d 83757 89591
d 39147 71125
d 21220 104445
r 1200 391 81873 118604
d 87717 50369
d 6964 34696
d 102335 114206
d 15333 89714
r 1800 465 59457 73313
d 52562 54958
r 1600 245 67829 112666
d 30043 92870
d 53942 83895
d 99349 111886
d 42843 107193
r 1800 365 104082 13496
d 19250 71541
d 92975 97296
d 45509 67740
d 59589 67078
r 1600 291 98592 30050
d 107895 108907
d 72668 68242
d 25998 75235
r 1400 143 100534 47050
d 70441 88133
d 51250 71653
d 74668 87675
d 21289 22473
r 1400 365 93594 87345
d 16782 10360
d 31187 108797
d 33459 20689
r 1400 343 102615 78471
d 46115 71470
r 1200 183 111289 73670
d 83209 39851
d 105911 88793
d 30987 71255
d 75289 9064
r 1000 394 5222 40325
d 44641 33412
d 88804 105643
r 1600 131 85372 117160
d 119050 102502
d 117787 51825
d 88033 118717
r 1200 480 16110 6589
d 90368 111766
d 27998 66935
d 66903 87506
d 48875 89976
r 1200 143 22267 69276
d 83890 88080
d 45065 101745
d 26446 17392
d 46430 80981
r 1400 420 8392 58851
d 116662 41171
d 85147 76157
d 77938 30523
r 1400 453 116099 73524
d 99044 94851
d 50927 20743
d 75511 67326
d 3631 17150
r 1200 452 66930 90591
d 42186 12012
d 23550 45390
d 96967 47797
d 103193 70152
r 1400 257 51637 11050
d 64186 45383
d 46037 67545
d 45469 100807
d 100703 88122
r 1600 280 51208 111076
d 86342 1641
d 95101 20642
d 53387 72313
r 1600 122 51202 57248
d 30239 51536
r 1800 363 82951 35366
d 87548 70256
d 6690 59007
r 1200 186 100335 119105
d 72079 116286
d 10074 65803
d 53989 85747
d 76623 43386
r 1400 406 45594 102378
d 65707 26205
d 65759 88109
d 95248 34319
r 1600 495 69236 9461
d 93439 68339
d 51117 106234
r 1800 374 64082 84033
d 7755 42025
d 51933 27041
d 80780 55193
r 1400 350 3764 89914
d 50882 115952
d 60417 62070
r 1200 376 106774 52909
d 76033 40773
d 109942 44928
r 1000 439 7848 98596
d 75999 29580
d 114026 55394
d 70885 31255
d 112073 98976
r 1600 277 5719 36692
d 118546 37975
d 20769 69987
d 45934 82395
d 77014 72009
r 1400 484 105820 116330
d 59809 69242
d 13654 40006
r 1800 380 87477 12661
d 50530 53811
d 108547 84413
d 12986 107161
r 1200 457 48013 26958
d 66820 107958
d 20063 24323
d 57656 3197
d 37275 102850
r 1000 252 31622 111994
d 98338 23396
d 70730 99438
r 1000 118 96155 55466
d 109102 12958
d 113617 54960
d 58115 84278
d 33404 52427
r 1000 145 66780 76489
d 37506 102673
r 1000 272 39023 22999
d 16303 16647
d 58605 14548
d 45289 108730
d 5843 5834
r 1200 127 29918 11743
d 105404 108857
r 1600 161 18095 106259
d 84216 102886
d 95858 14201
r 1400 500 10717 14569
d 82385 78564
r 1000 439 35109 87543
d 28176 23129
d 4833 40477
d 32422 53826
d 61518 27161
r 1400 178 28019 39886
d 101276 4818
d 62375 75185
d 78425 23031
d 70899 76294
r 1800 453 85292 97779
d 110513 64027
d 55021 99527
d 14836 87495
d 13722 5249
r 1200 167 86729 64027
d 78402 102973
d 21264 4729
r 1800 163 61107 38310
d 93302 84309
d 118354 78502
d 115371 20470
d 12008 57291
r 1800 225 116588 16188
d 58582 2647
d 68931 88584
d 11915 48588
r 1600 223 8459 74512
d 116157 54527
d 67652 25771
d 75697 108537
d 46738 66561
r 1000 415 40696 40057
d 17049 104305
r 1000 295 68161 52458
d 21512 24520
r 1200 408 24093 87771
d 113346 22876
d 45776 40344
d 68621 61274
d 19055 81059
r 1200 473 64688 53946
d 18343 113995
r 1400 184 114929 43734
d 7450 67319
d 93463 77732
r 1200 469 69025 96107
d 115560 88504
d 113376 33471
d 95766 70661
r 1400 291 37341 65840
d 29578 8883
d 63289 86748
d 9545 13775
r 1200 101 68536 65416
d 16949 91669
d 45162 85263
d 85479 2024
d 16578 105756
r 1200 246 34858 9634
d 33422 4667
d 103400 110799
r 1200 255 19307 6366
d 86020 55498
d 16447 78946
r 1000 318 32544 82940
d 64885 62113
d 94291 88429
d 89913 22900
r 1000 219 8623 70515
d 69156 8481
r 1000 158 112369 12568
d 49390 47585
d 16552 43551
d 74478 22076
d 97701 62809
r 1600 271 67863 57171
d 117223 5142
d 53203 76808
d 54221 34941
r 1200 278 18563 115697
d 76651 83457
d 107380 112370
r 1800 283 35429 61874
d 110942 100036
d 36264 66600
d 97413 66483
d 59336 61032
r 1200 443 76989 65128
d 51942 10695
d 93495 12665
d 45295 44013
d 26019 69927
r 1400 482 71399 55629
d 76443 61807
d 93747 86016
d 21039 111970
r 1200 137 23464 85323
d 93563 97795
d 48337 29492
r 1800 285 44055 90524
d 14376 41037
d 26424 99563
d 51919 50427
r 1000 498 94505 94902
d 24266 88147
d 9524 116642
r 1600 166 10737 85059
d 49258 24481
d 53242 94408
r 1200 496 78242 42142
d 45354 28231
d 118608 95692
r 1800 101 31608 1179
d 57645 57532
d 53747 3358
d 105646 9331
r 1800 263 67661 33349
d 72683 115427
r 1400 417 78097 83086
d 108193 35295
d 90750 16226
r 1000 469 48753 90112
d 87645 64321
d 70632 78931
d 86034 67718
d 40802 32305
r 1200 384 75687 45363
d 21767 104130
d 104025 98985
d 29594 18691
d 98092 96250
r 1000 299 42534 54034
d 46235 98026
d 66944 40294
r 1000 465 84207 13429
d 82756 28794
d 48607 37666
d 13043 69526
d 95394 41719
r 1000 267 116760 25676
d 16524 63127
d 17434 7530
d 109747 15595
r 1400 191 2106 63630
d 110993 7586
d 62038 67855
d 30371 83954
r 1000 193 71641 6939
d 90068 14467
d 56480 2215
r 1400 210 8111 40806
d 12305 114909
d 18599 19340
r 1800 426 32764 25741
d 15687 41018
d 54764 49715
r 1400 170 92858 103885
d 113408 73063
d 30770 109547
r 1200 123 108038 96679
d 82318 119040
d 98033 12833
r 1000 405 114836 27914
d 107849 2147
d 71926 109099
d 59144 44189
r 1200 412 79868 56550
d 43477 73099
d 11619 51887
d 5881 78686
d 28831 12349
r 1000 152 27846 19613
d 75714 519
d 113374 31487
r 1800 113 50127 18682
d 24453 94179
d 7817 80784
r 1000 155 24885 24675
d 38146 17384
r 1000 356 105168 22848
d 115978 733
r 1400 168 40470 49995
d 24214 66757
r 1000 138 81160 5957
d 110253 71208
