g 30 30 2000
r 1800 260 33017 13736
d 46324 55640
d 4302 1974
r 1600 466 26948 58652
d 15746 53014
d 28201 53646
d 9337 25661
r 1800 374 16067 23967
d 36093 5911
d 16593 12187
r 1600 334 36366 53321
d 10660 42837
r 1000 168 13873 29723
d 8153 13160
d 7993 51672
d 47257 39184
r 1200 238 17968 44039
d 8334 41206
r 1600 198 53828 862
d 19250 52426
d 27694 20341
d 6904 23341
r 1600 329 48138 21295
d 15779 14602
r 1800 488 52865 21894
d 26280 22489
d 46575 50841
r 1200 409 16574 5824
d 7479 31189
r 1600 417 20797 53064
d 48559 25732
d 25185 28546
d 33071 36804
d 19982 6307
r 1800 491 50872 14905
d 26214 41126
d 3733 45534
d 52389 3140
d 17624 37652
r 1200 377 32456 8294
d 8252 46566
d 4645 1880
d 44597 41195
d 10170 7703
r 1800 158 30655 55610
d 56272 32474
d 35811 21218
d 58478 29104
d 52894 41158
r 1600 108 3755 19022
d 27597 47900
d 32203 5524
d 51151 1194
r 1400 136 46516 26520
d 2366 3351
d 25741 50631
d 43100 45191
r 1600 420 52573 51989
d 45927 16424
d 36122 6086
d 36312 25111
d 51887 58068
r 1600 310 40416 15571
d 27572 45833
d 55123 26045
d 20941 41082
r 1400 178 1529 54953
d 37254 47132
r 1000 218 36572 44488
d 13439 695
d 59197 47292
d 45838 28332
r 1600 223 23223 7121
d 36299 9625
r 1000 255 10173 55286
d 39385 15056
d 20612 42129
d 29825 4264
d 4491 819
r 1000 374 22147 3002
d 11685 48741
d 7906 9606
d 16777 17103
r 1200 194 21490 54685
d 10352 6255
r 1000 384 19926 5459
d 37695 58547
d 11867 46147
d 29159 43279
d 18039 27453
r 1400 296 43390 53438
d 22930 46720
d 14633 36090
r 1600 424 20250 16444
d 56980 23646
d 49584 5751
r 1800 199 43483 32585
d 17111 39178
d 16011 20219
d 17897 22931
r 1400 107 12279 44078
d 14967 50011
d 4675 57572
d 53022 58547
d 34155 56605
r 1000 291 8889 32785
d 15723 11397
r 1200 426 44947 49153
d 20121 44624
d 4364 4461
d 28134 35877
d 18328 39113
r 1400 475 54021 35741
d 44204 40903
d 15226 56506
r 1400 381 31147 44063
d 25265 48042
r 1400 143 45158 13990
d 8720 3622
r 1800 390 57058 13489
d 24706 13352
d 6960 43672
d 57897 18281
d 58040 54031
r 1200 403 39478 57073
d 20618 24046
d 2574 23792
r 1200 495 24023 30475
d 37544 48828
r 1200 221 33620 19214
d 47810 45121
d 34481 7090
d 28535 40675
d 39647 46385
r 1600 344 23185 21607
d 2079 37704
d 35752 18717
r 1200 296 40017 31408
d 36508 46306
d 43586 7043
r 1400 409 17338 36391
d 31407 46967
d 9382 53494
r 1800 436 14007 39712
d 29283 29223
d 32401 52698
d 46631 21789
d 31532 47330
r 1200 426 9499 50907
d 41490 45246
d 1147 44666
d 48318 49611
r 1200 417 41923 26810
d 30946 56115
d 47619 49162
d 1683 7905
d 44819 41176
r 1000 360 58304 55006
d 53154 617
d 34377 21221
d 6084 3950
r 1400 280 45308 36983
d 52218 16602
r 1800 493 25562 50030
d 12330 1926
d 30548 37441
d 2164 42093
d 29800 56638
r 1000 472 56695 46820
d 21595 52370
r 1200 485 25110 22355
d 54803 5697
d 52408 5115
d 39798 39296
d 39563 13792
r 1800 317 55409 7223
d 31088 13980
d 46308 58883
r 1000 353 54519 55303
d 54795 4083
r 1400 130 58144 28070
d 1169 43901
d 19522 44527
d 50244 5455
r 1000 132 38668 22097
d 45476 56078
d 58726 54388
d 27129 6690
d 41224 3834
r 1800 309 27754 2780
d 41154 34813
d 33625 49926
d 9940 40648
d 58947 41209
r 1000 315 15470 56612
d 47938 47759
r 1000 126 4004 59377
d 5617 54260
r 1800 381 3259 46908
d 31698 35716
d 26974 19344
d 7248 58707
r 1600 337 49530 6151
d 55966 21303
d 19428 7402
d 5467 37766
r 1600 249 1023 28526
d 42113 20404
d 10128 11511
d 10310 11171
d 17439 32265
r 1400 107 47759 1557
d 46634 15580
d 5057 1701
d 56391 54607
d 13230 28752
r 1200 497 27760 45260
d 37619 49543
r 1600 412 51807 28684
d 10542 26863
r 1200 226 12348 47954
d 25330 42764
d 24789 38631
r 1600 155 34675 33644
d 23538 45734
r 1400 276 17425 55538
d 21255 37318
d 50892 11176
d 37848 25974
r 1800 497 2198 14630
d 3437 37569
d 34953 39048
d 26495 28229
r 1400 364 42152 19184
d 31954 49546
d 37199 46897
d 57350 15174
r 1800 454 45157 5325
d 41287 28925
d 14446 32112
d 18822 55696
r 1400 165 19269 27368
d 18159 38131
d 45658 9143
d 45711 14253
r 1000 456 4745 51447
d 8356 33496
d 21995 24974
d 24889 14985
r 1400 418 12095 26161
d 47989 53443
d 2527 51666
d 8424 40898
r 1400 241 10046 39997
d 28835 5594
d 58405 37725
d 27657 21978
d 48864 44701
r 1600 130 10564 29648
d 2908 21787
d 56673 57071
d 30523 42785
d 37441 17992
r 1000 198 27824 19679
d 21690 19937
r 1400 471 21469 51127
d 3218 20107
d 12064 29372
d 12805 13387
d 46852 6400
r 1200 285 16998 868
d 11075 3991
r 1800 497 19402 19378
d 39635 31738
r 1800 406 45948 41042
d 4542 24461
d 55487 40345
r 1000 310 22388 48220
d 55587 22180
d 53377 43338
d 14823 16334
r 1000 409 2285 9227
d 37126 40908
d 58194 54189
d 25515 33227
d 44059 50020
r 1600 325 29348 32968
d 57304 41199
d 56917 37230
d 57527 22560
r 1600 398 1569 5369
d 30477 36226
d 35943 41620
r 1000 393 11283 58963
d 47727 6794
d 53601 6856
d 35527 37601
r 1400 424 31715 48174
d 24837 9910
d 34405 33412
d 43068 7108
d 4455 9904
r 1000 106 18508 12337
d 32104 50539
d 22564 14764
d 37481 56091
d 31824 29850
r 1600 331 8656 36888
d 41666 45840
d 44998 4028
r 1400 184 28753 50139
d 2576 38596
d 54676 59270
d 40097 30976
d 3538 33967
r 1400 488 36313 25282
d 50415 37273
d 12785 32564
d 1980 54579
d 18047 43243
r 1600 337 8994 15159
d 27592 40479
r 1400 191 39567 37130
d 8261 42164
d 50930 34332
d 38029 53845
d 51207 58218
