g 90 90 2000
r 1200 306 41620 70465
d 150256 96640
d 76915 92159
d 50742 132639
d 140632 44369
r 1600 460 150892 26725
d 178728 120894
d 52973 24758
r 1000 144 25523 41386
d 153453 174219
d 122546 41573
d 21678 132431
r 1000 340 173873 150454
d 5146 52698
d 159325 51978
d 1296 75907
d 178005 103654
r 1600 219 86642 19252
d 120785 34012
d 162119 94019
r 1400 299 28239 87076
d 112513 60930
d 160996 156679
r 1000 289 43288 23939
d 143934 143750
r 1200 486 161144 83967
d 143436 133347
d 54670 106482
d 124019 83640
d 119913 112786
r 1000 128 136671 167349
d 99949 75577
d 84528 136436
d 41348 170752
d 100208 137627
r 1000 215 62463 57884
d 126633 14016
r 1800 298 26696 18286
d 62136 76084
r 1000 473 35882 100095
d 98047 123196
d 43502 174128
d 160713 84089
d 166104 106602
r 1600 322 135144 111534
d 168684 131073
d 62886 104937
r 1000 454 100314 105485
d 72470 36545
d 139872 92599
d 63698 54184
d 70855 42265
r 1200 238 160622 24906
d 73005 33925
r 1600 419 173007 40450
d 130357 12867
d 7759 59252
d 74493 1949
r 1200 323 68476 39490
d 38105 108525
d 143148 21374
d 46143 176359
r 1600 262 130176 117145
d 111418 173760
d 127442 54363
d 97056 53339
d 80099 40524
r 1800 168 19305 90012
d 86515 20930
d 168840 88629
d 157832 44117
d 86843 106067
r 1000 389 19856 59540
d 1690 50455
d 151832 50455
r 1000 298 171455 76950
d 122291 103678
d 47745 110120
d 84521 23672
r 1400 162 83329 55730
d 35506 167516
d 2959 167881
d 26132 116037
r 1000 453 170030 75239
d 71363 131656
r 1000 257 136578 4335
d 31366 153558
r 1600 173 126070 105576
d 173358 134840
d 134017 37066
r 1600 142 64328 54081
d 162689 112846
r 1400 288 70834 72173
d 27363 169483
d 124814 174583
r 1400 297 19452 13943
d 121629 79305
r 1800 101 178981 39140
d 158531 60743
d 5231 147191
d 145616 152247
d 95562 49618
r 1800 340 177204 169332
d 8002 165160
r 1800 478 120319 168039
d 158256 112339
d 134925 45904
d 122212 5378
r 1600 195 130677 123961
d 49979 158213
d 175355 35542
d 81574 45237
r 1400 295 129990 154173
d 6143 167455
r 1800 383 133530 91639
d 30660 65607
d 94987 83591
d 158295 107945
d 60077 32516
r 1600 178 171008 119145
d 8036 128220
d 21797 37446
d 94349 31165
d 117742 138834
r 1200 431 168539 126614
d 122605 65811
d 179174 93467
d 30738 163988
d 158385 95618
r 1800 450 135428 120574
d 75878 20993
d 67635 126943
r 1200 417 71435 92705
d 174631 35291
r 1600 294 42956 37288
d 112125 131300
d 73123 135206
d 49242 163083
d 150680 154358
r 1600 121 169323 45003
d 14096 150692
d 73440 94558
d 49789 131226
d 152920 53346
r 1800 320 170361 18793
d 105572 158851
r 1400 456 69506 20315
d 60392 147550
d 52276 8320
d 129784 140740
d 88932 134522
r 1000 288 175661 76349
d 93962 83991
d 42095 56943
r 1400 117 36805 105510
d 47077 174495
d 12026 160517
d 4174 148525
d 73933 25688
r 1800 207 77188 147699
d 100224 42452
d 19733 101443
d 120692 21561
r 1800 271 133423 169313
d 113479 97402
d 49730 78299
r 1000 265 15814 89708
d 79779 125403
d 44030 145135
d 179144 104419
d 21330 166984
r 1600 273 112316 139633
d 45895 124198
r 1400 383 112473 98671
d 63165 167428
d 51596 90527
d 101792 45566
d 72385 89157
r 1200 284 167410 80064
d 68279 35110
d 75832 58501
d 144665 63058
r 1600 262 175308 8810
d 157948 32739
d 125142 159114
r 1600 257 111216 66191
d 3438 95849
d 69584 106564
d 141670 177921
d 177744 63635
r 1200 374 89839 131202
d 112312 46599
d 145413 94687
d 158488 64962
r 1000 223 1657 91997
d 71769 34133
d 11325 151684
d 53212 66179
r 1000 405 29220 30387
d 125241 62693
d 165886 105543
d 85563 42640
r 1000 248 135055 163090
d 102402 112468
d 75905 171706
r 1400 441 152216 31745
d 62529 49767
d 50250 91943
d 28183 60560
d 175151 85982
r 1400 423 112887 19589
d 99827 97498
d 136181 108256
d 147081 125322
r 1600 299 103279 12882
d 149067 109674
d 102623 46477
r 1800 106 171962 100688
d 23254 76424
d 34623 89694
d 65575 51416
r 1200 432 150018 15469
d 111065 178756
d 5225 143944
d 30592 140687
d 62131 12258
r 1200 103 43827 178025
d 173233 22902
d 95026 28434
d 83604 2449
r 1400 303 161611 43049
d 93131 158859
d 138671 34599
r 1000 168 130610 88811
d 141317 2819
d 167862 94833
d 169321 45478
d 54038 150141
r 1800 144 28307 166604
d 40673 118469
d 48605 84960
d 64790 69222
r 1000 415 96688 147566
d 51401 172187
d 177546 125092
d 9068 18688
r 1600 295 159003 112072
d 130028 18492
r 1400 317 135307 12653
d 92672 46354
d 167272 4257
r 1600 409 90758 154346
d 79329 95036
d 85285 7773
r 1000 161 112798 163265
d 115180 30462
d 54056 135668
d 21782 172963
d 62491 11744
r 1600 139 168688 172522
d 45444 152971
r 1600 265 1766 139411
d 151744 173584
d 169710 16642
d 85773 70620
d 173783 20461
r 1200 322 150084 37948
d 58114 115302
d 78208 33036
r 1800 330 11157 159611
d 42056 72506
r 1000 499 48018 9068
d 26944 24907
d 37407 80854
d 130012 26839
d 159026 94055
r 1400 319 76528 15701
d 49280 141730
d 80094 51047
d 138468 153737
d 123479 16201
r 1000 234 5662 29406
d 77255 176325
d 131910 128007
d 154370 113272
d 12618 62419
r 1600 327 3916 62115
d 60456 175553
r 1600 260 178061 150618
d 97249 126037
r 1400 235 74435 87049
d 50545 9794
d 136765 17570
d 132966 113137
r 1600 465 174649 114691
d 76951 52727
d 38008 163630
r 1800 203 144083 135259
d 150416 86302
d 115842 155452
r 1800 137 84735 142259
d 113166 33047
r 1800 191 122622 60855
d 143731 137543
r 1600 480 158346 58631
d 169401 53639
r 1200 287 54731 108339
d 18596 22248
d 33649 19157
d 81791 101158
r 1400 481 81273 69749
d 29947 14557
d 17318 174300
d 15747 77203
d 138997 138307
r 1000 404 42100 88096
d 54010 169794
r 1400 371 157412 51475
d 58575 37220
d 5487 104876
r 1200 162 126250 92462
d 138231 43204
r 1400 319 172371 130271
d 151159 46570
d 65022 53457
d 126058 85946
r 1800 308 117480 112560
d 129694 159756
d 112268 99909
d 82863 127042
r 1400 397 56564 150501
d 44006 158239
d 128259 25747
r 1400 498 167800 102739
d 51954 30771
r 1000 309 164183 166038
d 111810 62146
d 131307 107438
r 1000 425 38317 92346
d 88558 118091
d 101431 10850
d 11964 22722
r 1400 107 86742 102243
d 140182 97367
d 22752 60932
r 1200 330 66306 155716
d 85472 150138
d 37686 15885
d 166120 21258
r 1400 264 147240 43057
d 17117 94774
d 47815 25180
r 1000 406 63895 132123
d 162940 178037
d 104476 64845
d 178959 96303
r 1800 312 30677 13295
d 27780 939
r 1800 382 104300 57587
d 58476 106685
r 1200 426 66542 144654
d 65018 122174
d 114738 152677
d 84082 67890
d 80587 138354
r 1400 481 115098 80311
d 109466 20758
d 76912 94186
d 159680 61399
r 1400 417 2817 148119
d 86249 30450
d 41146 151022
r 1400 467 163330 91789
d 23399 134971
d 56114 49651
d 131135 167775
r 1400 153 63759 90979
d 33627 155242
d 57145 165038
d 176850 108294
d 25859 112023
r 1200 268 5701 103264
d 116882 162556
d 167259 104813
d 122597 162626
d 123832 126109
r 1000 434 149819 80476
d 49383 111936
d 27947 103016
d 13511 17031
r 1000 165 91353 179044
d 30043 122965
d 161460 161511
d 46364 31796
d 130134 145580
r 1600 172 45841 69148
d 55114 98297
r 1600 469 84416 38572
d 52612 84799
d 132788 85227
d 43612 90093
d 156014 147044
r 1200 293 144018 147052
d 18962 69509
d 151800 13786
d 16147 91274
r 1000 345 7841 49176
d 18875 148761
d 36736 5720
d 162321 164981
r 1800 453 65473 172934
d 19555 161257
r 1400 322 102069 71660
d 149099 16133
d 169582 116732
r 1000 387 50719 31001
d 4066 18484
d 38173 160002
d 104705 19457
r 1400 479 143111 61232
d 127486 114931
d 51770 174536
d 7553 3091
d 173978 97794
r 1400 247 99044 102049
d 67822 22835
d 92573 53839
d 22611 21828
d 112646 71530
r 1400 228 125894 36510
d 14240 23150
r 1000 475 126109 176312
d 122824 8759
r 1600 174 74196 138833
d 166851 70594
d 153554 11097
d 112624 158334
r 1800 494 36829 48089
d 124205 126352
d 62518 53566
d 22138 175823
d 171023 14127
r 1800 356 91906 145387
d 48069 99094
r 1000 327 48627 96448
d 14933 58361
d 94989 75363
r 1200 385 77343 56243
d 122157 177915
d 81595 52484
d 101196 16350
d 30471 173080
r 1200 277 97200 32567
d 95246 62353
d 91230 17058
r 1400 270 103413 88332
d 79734 162407
d 129263 39760
r 1800 424 2701 165714
d 64060 40812
d 20640 177858
d 24246 37037
r 1000 426 171052 58506
d 38727 135657
d 163816 70033
d 17708 36939
r 1400 307 152568 87589
d 104718 141711
d 176566 149354
d 31352 12280
d 46172 81282
r 1000 271 160862 154612
d 106309 104786
r 1200 396 23897 88223
d 49050 17432
d 107103 38710
d 142796 12679
d 172512 36200
r 1000 228 56392 80161
d 11481 33675
d 9269 90769
r 1200 442 11316 86961
d 170046 81559
d 93538 80656
d 51255 110411
d 120632 84925
r 1400 276 53620 175400
d 52989 163747
d 143580 85677
r 1600 150 54827 126250
d 122933 121024
d 152098 1986
d 38749 5919
r 1800 454 84150 80088
d 153106 101264
r 1600 292 143618 175674
d 123027 63268
d 38517 16062
d 121885 53598
r 1800 286 7837 82105
d 99514 164461
d 39297 107615
d 25340 159120
r 1800 110 158125 25401
d 108456 144713
d 139966 136189
r 1800 214 145046 9455
d 166603 162419
d 83119 47708
d 53074 6561
r 1800 316 2664 58083
d 152181 47031
d 101407 12937
d 84749 66274
d 55600 141475
r 1400 348 160072 164854
d 132736 71948
d 160604 168027
r 1000 408 162066 121953
d 107460 72732
d 144934 42789
d 156577 89324
r 1400 263 99980 131923
d 177927 96132
d 167465 136529
d 144369 108900
d 156517 115009
r 1000 339 163819 115701
d 56679 16102
d 178490 61906
d 10698 141893
d 107295 170931
r 1200 298 66186 13884
d 132735 8894
d 177445 45998
d 115312 5456
r 1800 243 89276 118221
d 44128 158397
d 102272 96991
d 36861 119505
d 120891 25669
r 1800 168 114835 171208
d 96756 32664
d 23504 62368
d 124822 105574
d 125034 149286
r 1200 246 152425 163297
d 177742 4313
d 54725 43179
d 167968 111625
r 1600 327 12838 86261
d 29422 58367
d 172937 22997
d 101855 35489
r 1600 491 13390 93237
d 139481 105513
d 63549 44471
r 1000 235 96915 45367
d 124549 3931
d 18899 6996
d 169353 142495
r 1000 110 163025 5873
d 11473 172456
d 55003 37581
r 1200 491 159834 61095
d 114736 119030
d 17224 107234
d 153221 53899
r 1200 392 30156 143173
d 111414 75289
d 172926 81384
d 126792 166538
d 8257 46930
r 1000 489 164436 159578
d 172582 112956
r 1600 279 95789 90806
d 9167 147037
r 1200 399 61487 124466
d 95328 120416
r 1200 229 95376 94108
d 87158 69541
d 118761 107177
d 167231 18368
d 83158 65785
r 1800 135 121526 84096
d 24365 14241
d 123908 74756
r 1400 478 145826 92009
d 107212 30242
r 1800 184 72268 149078
d 86647 43535
r 1600 362 46581 102434
d 166814 51520
d 143060 145274
r 1800 309 178432 69273
d 152102 151269
d 30710 36964
d 86244 107444
r 1600 420 22678 67382
d 67314 100015
d 41862 59513
d 100496 134080
d 140186 14786
r 1400 253 4673 86615
d 95570 37991
d 12663 68738
r 1200 358 20006 30323
d 174632 138692
d 177185 32338
d 15681 132305
r 1200 386 114679 125874
d 96006 57780
d 63793 60479
r 1200 200 38765 168445
d 133881 51340
d 160458 162118
d 10462 25904
d 8436 51698
r 1200 485 95476 82877
d 23907 13017
r 1000 382 59473 117617
d 177447 53720
d 27695 167001
d 18471 170415
d 120699 117708
r 1400 434 141101 125912
d 90955 87039
r 1800 391 35400 5602
d 38961 24571
d 111963 32805
d 6395 154108
r 1600 187 115403 108446
d 74630 177414
d 8097 57337
d 66100 32852
r 1000 138 139909 79299
d 162861 37666
d 156242 111330
d 49454 75556
r 1600 218 98293 155256
d 81284 91235
d 2145 124838
d 1236 95316
r 1200 455 15211 20575
d 159328 150537
r 1000 122 64372 28839
d 90639 11381
d 115412 14109
r 1200 412 134356 154351
d 113842 89583
d 12375 90309
r 1200 174 73896 170871
d 138597 32223
r 1600 177 12857 169207
d 150033 2393
d 90359 156377
d 179121 171943
d 9905 116113
r 1600 460 73038 166970
d 37192 34560
d 143928 147454
d 4879 163531
d 131152 36976
r 1800 282 44533 1592
d 120721 105070
d 173585 137140
r 1400 482 15274 112358
d 22980 8620
d 90856 83838
d 108520 120539
r 1200 470 169368 72948
d 126837 48679
d 98715 23890
d 10550 45023
d 9278 148652
r 1600 348 57827 61955
d 149472 17332
d 163735 53233
r 1000 500 15800 51268
d 105777 165095
d 103939 166797
r 1000 213 117504 12514
d 10429 57768
d 24589 90759
r 1800 410 81835 59063
d 44833 148287
d 69661 16090
d 106042 82031
d 25967 24799
r 1200 216 88756 94626
d 27525 23645
d 91098 118531
r 1200 119 160728 171483
d 40938 54495
d 49028 41778
r 1400 103 134069 1230
d 16950 27232
d 73888 25424
r 1800 174 174318 48153
d 10366 96086
d 142702 2888
d 170918 124402
d 157606 160907
r 1200 428 137510 170958
d 87326 86882
d 147619 98328
d 115557 124859
r 1800 128 82623 34727
d 51158 57945
d 18060 81973
d 172454 47697
r 1400 389 172160 153568
d 68341 29283
d 118304 75556
d 166412 14933
r 1800 104 35003 136479
d 153221 156968
r 1400 155 163468 40116
d 149297 121981
d 42738 137574
d 63415 121858
r 1200 256 128604 141276
d 88478 15476
d 1900 160000
r 1400 435 167510 3548
d 6018 107085
d 69245 94044
r 1400 117 26838 80536
d 85928 15347
d 90636 80780
d 13017 51259
r 1400 299 82512 63594
d 145528 99521
r 1600 358 81032 2784
d 178706 117221
d 24423 48220
r 1400 357 177936 112946
d 136294 39290
r 1800 465 148844 57495
d 81702 164889
d 124912 161311
d 147950 166220
d 63027 145992
r 1000 151 19186 3300
d 45207 83271
d 131197 87922
d 104039 5103
r 1600 217 43098 147760
d 153841 95068
d 52283 158368
r 1200 302 147007 27534
d 67518 125600
d 128343 171371
r 1200 442 77200 121186
d 61997 65167
d 7569 66850
d 90513 94916
r 1200 484 73219 50808
d 95759 146243
d 30458 16241
d 139096 24390
r 1400 449 23258 71971
d 128769 162384
r 1200 430 67414 142524
d 136847 153742
r 1400 393 156079 85328
d 37829 149386
d 167532 163353
r 1000 231 94809 57946
d 41223 1849
r 1200 281 44857 157197
d 30399 149815
d 59726 157972
d 15489 37410
r 1800 428 31903 94894
d 121543 143591
r 1200 485 6438 143806
d 161827 84834
d 155780 123518
d 38824 41573
r 1600 253 113249 87790
d 143545 149271
d 59432 150238
r 1200 224 35444 24105
d 107437 87815
r 1600 257 165434 176418
d 32014 30163
d 170014 46220
d 157692 6811
r 1200 252 121038 57172
d 149116 117636
r 1000 444 38668 107144
d 165241 54406
d 142377 129606
d 97109 13706
r 1600 384 158102 124011
d 29532 80615
r 1000 446 20321 95745
d 167728 178424
r 1800 242 48361 91741
d 67223 92771
d 21106 27469
r 1400 102 132986 103162
d 131386 18942
r 1800 365 123921 111593
d 101161 57598
d 144347 112809
d 149919 22648
r 1800 484 85890 83804
d 116744 96124
d 140597 122443
d 72389 152072
r 1400 290 100660 4903
d 88777 77446
d 71445 82325
d 44746 10476
d 22183 25149
r 1400 297 23028 159963
d 31402 113068
d 64674 162973
r 1000 484 164250 108080
d 41208 140922
d 69335 144575
d 111386 124983
d 23370 131669
r 1600 210 160116 16145
d 93894 144061
r 1200 322 91912 59176
d 10645 76465
d 88081 116801
d 16177 102444
d 109926 149551
r 1400 215 80440 99521
d 3353 124696
d 44247 179217
d 7520 166332
d 70814 122995
r 1000 160 168906 664
d 46492 166862
d 36861 8592
d 24883 67772
d 63481 5294
r 1400 147 141532 122923
d 3050 53051
d 122084 103443
r 1800 284 167852 35043
d 174643 126418
d 102969 27811
r 1200 127 31147 123998
d 108648 121253
r 1400 230 176909 157421
d 106427 135434
r 1600 277 56714 118856
d 118680 8065
d 123346 155027
r 1800 227 57828 170360
d 41385 122244
d 162784 133721
d 19142 74762
r 1600 172 148101 125632
d 97922 24625
d 53364 62280
d 47059 63915
d 48654 27839
r 1800 426 116496 159008
d 130316 95636
d 23680 127254
r 1600 172 106637 49964
d 118913 129174
d 50244 165786
d 157824 17581
r 1800 169 123560 116730
d 134876 105192
d 1294 5528
d 100371 71159
r 1000 198 159838 95889
d 178180 15245
d 4561 38920
r 1000 390 123281 89301
d 100612 145408
d 51225 33947
r 1800 179 11054 91793
d 67754 31652
d 41149 176197
d 166470 12307
d 66695 163556
r 1400 500 22908 155856
d 53907 164030
d 56830 72620
r 1800 296 93423 87860
d 141766 44085
r 1600 391 118805 120343
d 78600 122780
d 102146 112662
r 1600 315 34793 79798
d 102449 64593
d 123520 45120
d 74000 113311
r 1000 481 105337 75426
d 54613 51639
d 131414 92945
d 174811 86293
r 1400 454 71893 32125
d 129312 157052
d 130244 50731
d 151960 43455
r 1400 498 134285 40944
d 99625 67134
d 168772 87953
d 126117 108272
r 1000 169 25018 103703
d 88943 38671
d 165732 105058
d 76876 66423
d 124496 2179
r 1200 477 176517 14196
d 34295 18273
d 40936 176213
r 1000 371 107455 41885
d 116859 12633
r 1600 317 159467 161344
d 42649 177761
d 84188 73476
d 7814 74232
d 6073 87782
r 1400 483 86478 177916
d 134630 3009
r 1000 436 39878 133552
d 178743 87094
r 1200 479 44016 108328
d 163119 104545
d 169048 134786
d 24124 71380
d 32732 111774
r 1000 186 89452 139176
d 12039 126764
d 147276 134872
d 110171 107423
r 1200 270 88842 125363
d 97049 107087
d 85607 177716
r 1600 312 32332 43008
d 82441 133044
d 22486 172575
d 34012 94899
r 1400 216 2381 83122
d 166923 106154
r 1200 167 18167 157672
d 28080 42165
d 72566 163446
d 136462 72952
d 152921 102338
r 1400 241 177378 43445
d 17742 82906
r 1600 108 48145 164461
d 69053 37491
d 155324 61872
d 155444 11861
r 1400 218 123042 71455
d 57855 57115
d 69661 34217
r 1000 500 146103 131623
d 36683 90353
d 96269 149111
r 1600 310 57980 9762
d 156784 118967
r 1400 424 26758 20998
d 120332 51467
r 1800 175 165379 122196
d 84103 169041
d 139752 132958
d 163071 139912
d 2455 120344
r 1000 448 14058 96870
d 46544 2401
d 162680 121083
r 1600 200 110240 164913
d 124649 80618
d 133217 172663
d 12948 45315
r 1400 131 162160 76633
d 125410 57891
d 24194 45268
d 174854 96359
r 1200 178 158120 146565
d 59083 21827
d 100412 145948
d 57570 62079
d 108576 147545
r 1000 373 29191 108040
d 71653 36745
d 150559 163846
r 1400 288 149447 106853
d 179228 2618
d 115890 28166
d 174835 133213
r 1600 445 79358 74934
d 112231 149119
d 85701 134340
r 1600 170 82464 162382
d 81303 101500
r 1400 180 89952 40675
d 84421 107208
d 120453 82130
d 25639 31443
d 59019 161224
r 1800 202 88028 60615
d 102391 89813
d 38526 158930
d 95566 91179
d 149065 98054
r 1400 481 53834 4174
d 12445 44561
d 80743 107838
d 85140 79853
r 1000 252 26620 75446
d 19690 28800
d 49027 115229
d 173020 164707
r 1800 345 1590 72287
d 89900 115687
r 1200 414 68837 25904
d 111213 7296
d 65212 160150
d 73785 27154
r 1000 267 49178 35565
d 107930 60489
r 1600 278 155056 20916
d 103818 148327
r 1200 336 67208 101806
d 146544 52537
d 103623 10736
d 7621 172619
d 151547 114383
r 1600 473 141172 102863
d 69906 83717
d 73771 89945
d 92604 30628
r 1600 304 173359 123220
d 71041 23420
d 72671 114639
r 1400 159 45441 175129
d 3382 142832
d 53193 158355
d 44974 95457
d 66298 107322
r 1200 230 60879 47866
d 12625 98142
d 12450 105442
d 16746 86213
d 170934 139897
r 1200 421 137063 33922
d 162916 3700
r 1400 124 124531 132030
d 142089 120001
d 28200 141217
r 1600 251 125990 66213
d 105404 116720
d 110566 6675
d 34145 25522
d 103309 59667
r 1200 371 178585 25798
d 115380 58783
d 126289 135809
d 112078 166617
r 1000 499 13785 83069
d 60461 148708
d 10306 29117
d 74559 27323
d 4576 45987
r 1200 276 46296 71293
d 153221 26335
d 28146 138397
d 146996 74492
r 1800 495 66528 109054
d 165031 98373
d 27433 117170
r 1000 499 139224 151084
d 48715 164313
d 81812 160963
d 93684 58003
d 109112 165685
r 1000 355 46977 106376
d 157336 76635
r 1400 156 140550 23927
d 50323 57267
d 178490 169535
r 1000 126 154192 25643
d 112058 151987
d 70394 150116
d 26382 58991
r 1200 388 127046 18738
d 73591 121636
d 157486 74592
d 161989 85826
d 176826 175906
r 1200 412 125741 85532
d 113504 156906
d 138682 64748
d 104848 96775
r 1600 462 90226 149143
d 173911 114457
d 99060 97325
d 130710 120558
r 1600 472 12094 120015
d 127658 12032
d 146169 166681
r 1800 283 12068 5063
d 46487 138531
d 54903 77565
d 172200 92324
r 1800 137 51429 113664
d 138260 96295
d 145788 114385
d 44991 67572
r 1400 410 131887 166858
d 154606 54055
d 67648 33079
d 20649 148014
r 1400 492 168069 107344
d 1458 133994
d 120756 108591
d 42044 73915
r 1800 109 100565 108179
d 6732 77114
d 82284 18425
r 1200 306 86606 131231
d 49791 82976
d 15893 112301
r 1000 320 85188 101207
d 56056 14331
d 65817 38038
d 89937 39090
d 70311 165159
r 1400 294 22784 22512
d 66961 147281
r 1800 302 56265 142021
d 101583 25714
d 56155 153552
r 1000 321 144681 98908
d 111095 69181
d 89678 173012
d 123920 121812
r 1200 322 109059 59811
d 10637 163282
d 149278 164109
d 111304 135147
r 1000 103 88347 81219
d 143643 122674
r 1000 441 85493 28842
d 124130 28637
d 68393 172241
r 1800 160 112174 35292
d 35505 170334
d 98070 26829
d 45584 51374
r 1800 108 33130 27484
d 11267 143717
d 46344 169800
d 26586 135884
d 46781 23864
r 1600 174 968 176628
d 127802 133351
d 16862 76437
r 1400 350 84652 169410
d 40479 113256
r 1400 105 7671 159748
d 72051 73064
d 170460 168481
d 111062 156364
r 1200 467 4401 68213
d 139975 176815
d 173335 170996
r 1800 205 48688 132759
d 108703 90695
d 13120 134972
d 73256 118367
r 1200 115 128532 96656
d 44151 166567
r 1600 494 26081 150067
d 114324 40786
d 35728 52150
d 25241 178909
r 1800 148 148763 109548
d 96304 20872
d 75743 150353
d 148518 42123
d 170641 175779
r 1800 133 72533 41999
d 105762 99658
d 111322 115798
d 74522 151122
r 1600 248 106691 66320
d 99784 145729
d 97822 35563
d 37684 117081
d 104917 11605
r 1400 214 80248 53154
d 107683 173442
d 141740 142829
d 55572 170725
r 1600 330 30399 175293
d 167931 92548
r 1400 247 34981 109452
d 172534 171672
d 85540 140455
r 1600 448 97119 80429
d 117916 105548
r 1200 396 114503 135100
d 150202 66574
r 1400 359 76012 164445
d 176058 160237
d 49502 131331
r 1600 489 64324 99819
d 38074 169591
d 148666 36354
d 108435 11839
r 1200 239 50507 148731
d 154449 28281
d 127073 167655
r 1600 167 1637 74834
d 76959 95922
d 3209 114974
d 47225 53207
d 38089 113070
r 1400 330 120962 175434
d 146949 34910
d 133118 155078
d 27210 144271
r 1000 479 43872 12187
d 59575 100945
d 138948 152680
d 10545 40053
d 126340 138898
r 1400 202 121481 139862
d 1699 107247
r 1200 209 90493 32819
d 176956 19061
d 60215 107184
d 47906 12292
d 169291 151282
r 1000 166 8105 75699
d 103230 35056
d 103889 106333
r 1000 118 75128 168968
d 163790 21978
d 89850 20829
d 121303 167863
r 1000 287 179393 165396
d 3845 142195
r 1000 326 87441 33879
d 6529 124042
d 154717 70819
r 1200 342 17684 129721
d 146489 76464
d 2156 103836
r 1000 149 2840 125314
d 89935 125821
d 26542 162495
d 148485 163065
r 1200 346 114078 145028
d 24871 11363
d 139786 154171
r 1800 333 31523 74020
d 78474 58344
d 48776 81965
d 13468 176463
d 90655 23951
r 1000 390 56200 71181
d 176213 11461
d 67039 121800
d 170553 12993
d 60970 138149
r 1200 385 61996 112789
d 84018 141007
d 9673 14501
d 20427 73411
d 140572 34139
r 1400 388 28791 42936
d 177029 78096
d 68638 125418
d 88193 151640
r 1400 261 61128 22479
d 86912 14662
d 24507 43182
d 126908 56918
d 105487 6045
r 1800 473 91718 101479
d 175983 46804
d 100754 97379
d 101753 112923
d 51388 29151
r 1600 136 128242 50195
d 99250 75548
d 144147 169467
r 1000 187 133428 55582
d 98414 120522
d 126607 157809
r 1800 114 115750 121964
d 171763 126130
d 122580 107792
r 1800 451 152466 6936
d 72113 24381
r 1600 122 103073 49422
d 70858 6876
d 74612 93319
d 20375 66051
r 1200 452 115982 154704
d 61131 138628
d 108464 81434
r 1800 493 152469 64290
d 9763 26004
d 9684 34935
d 32360 103664
r 1400 347 73664 111930
d 142952 72058
d 120560 118656
d 41173 6755
d 101509 107212
r 1600 452 43307 122611
d 110421 93221
r 1600 151 73793 130128
d 113964 72602
d 82519 35716
r 1600 289 167448 146076
d 56361 135202
d 100953 18816
d 19078 45271
d 100868 75969
r 1600 117 70767 131621
d 114932 146734
d 152778 112538
r 1400 216 156175 113599
d 131853 157054
d 164422 32339
r 1200 129 46823 177838
d 115150 25088
d 117076 54756
d 132677 118111
r 1400 334 83400 173774
d 869 31194
d 156583 110509
d 164048 91161
r 1600 321 70945 89250
d 60365 137294
r 1800 491 121881 149413
d 173869 35511
d 100562 69295
d 137629 153954
d 113842 96419
r 1200 299 134378 164601
d 93117 12136
r 1200 500 28438 49554
d 57863 26080
r 1200 103 39174 67553
d 162571 117201
r 1600 383 2698 130885
d 14803 80173
d 162146 25422
d 3745 40853
d 175890 164954
r 1600 451 48676 27225
d 99067 150858
d 178477 70811
d 87907 60300
r 1000 166 38764 141701
d 176225 15568
d 111222 119945
d 58211 146886
r 1200 415 150541 71036
d 88877 46207
d 80220 63260
r 1800 246 71046 153224
d 39208 1393
d 166291 166335
r 1600 241 78978 16641
d 106339 32568
d 10044 107093
d 54284 32375
d 37639 173686
r 1000 329 119347 2700
d 49526 73775
d 172118 171766
d 7574 121420
r 1400 321 174836 1624
d 127149 69828
d 125551 148758
d 133295 125994
r 1400 122 64804 92806
d 153349 78584
d 1127 29204
d 5052 5003
d 174266 178217
r 1600 455 10483 70941
d 178107 130753
d 51521 64719
d 55049 87032
d 119261 108514
r 1000 251 10987 132688
d 83866 19079
r 1600 141 44664 111655
d 152963 8105
d 28693 167578
d 5584 2052
r 1600 259 78658 65567
d 118118 129477
d 99554 45124
d 98401 32060
d 106997 37394
r 1000 142 11133 46077
d 119074 145820
d 150620 101858
d 107318 117134
r 1000 260 81494 108765
d 177971 89982
d 155832 89724
d 161774 61895
d 137540 1944
r 1800 257 112375 48258
d 40730 100908
d 68015 171030
r 1000 226 159127 79483
d 89677 100489
r 1000 492 166847 83906
d 168576 138336
r 1200 139 26453 169954
d 89017 150968
d 15626 119543
d 122884 80771
d 96867 46655
r 1000 312 141555 96748
d 73934 43545
d 47147 15487
d 118087 25776
d 103732 69876
r 1800 219 60341 26907
d 137099 162593
d 100863 155225
d 106183 124759
d 82084 105469
r 1000 379 79722 144769
d 92158 162583
d 152486 55023
d 148896 64675
r 1800 197 19054 162937
d 119537 35860
d 91596 147129
d 159735 105867
r 1800 375 16509 166149
d 36647 54510
d 49668 91409
d 126283 23524
r 1000 306 158129 8864
d 60138 81291
d 164889 43917
r 1800 147 62412 120840
d 118711 27604
d 153545 91170
r 1800 199 110902 149085
d 164479 117377
r 1800 168 44059 162895
d 129274 63708
d 74341 25632
r 1200 417 77405 160957
d 131548 38417
d 168336 138959
d 22273 79114
d 59738 172212
r 1800 384 34637 147813
d 160125 16285
d 46863 171805
d 118925 3139
r 1000 433 134180 135308
d 11486 11473
d 13709 11209
d 36510 160746
r 1200 457 72941 8187
d 146958 87678
d 25024 49835
r 1600 373 20782 51934
d 173124 96505
d 127185 133421
d 156940 82418
d 78587 4261
r 1400 186 86970 66916
d 61040 34349
d 9167 144796
d 106646 128697
r 1000 285 128630 145764
d 111514 1820
d 26750 48390
r 1200 185 66803 175460
d 114350 78705
d 122682 170812
r 1200 128 113377 23072
d 9096 112818
d 133254 126621
d 147706 18046
d 64825 136399
r 1400 233 148535 48760
d 1911 68106
d 95816 115821
d 90462 1096
r 1000 145 40480 83822
d 44409 132202
r 1600 446 161605 125579
d 26630 59326
d 5969 164574
r 1200 266 171996 175572
d 44030 131924
r 1400 370 123193 27723
d 47436 117381
d 14313 75387
d 137520 32077
r 1400 337 118633 47394
d 74416 104884
d 17101 114500
r 1000 493 91917 28799
d 161744 36593
d 114537 134884
d 45195 134018
r 1800 173 116150 69886
d 101714 162275
d 125280 40449
d 49620 63262
d 38124 107078
r 1200 354 70875 22859
d 119271 93420
r 1000 454 71019 81594
d 150173 43549
r 1800 259 43761 49091
d 105300 109610
d 137395 65516
d 145954 55777
r 1200 288 150794 128259
d 53248 159335
d 82883 12494
d 40300 790
r 1600 318 80462 140419
d 141715 6521
r 1800 432 158243 153486
d 145343 153600
r 1800 300 29144 59036
d 146893 69311
d 32479 42826
d 61704 97429
r 1400 336 178582 54062
d 37911 136949
d 124818 55484
d 43357 172144
r 1600 340 100165 94720
d 82845 149326
r 1600 444 178536 129993
d 58488 102272
d 176433 51901
d 86950 173747
d 75929 36621
r 1000 104 106287 17104
d 29647 44024
d 67132 135314
d 39131 146117
r 1600 331 95100 64817
d 113431 117234
d 173220 28606
r 1000 194 60565 85770
d 136361 178867
r 1400 179 62944 7649
d 132383 143802
d 19702 50428
d 121357 52872
d 154364 22830
r 1000 274 131245 157605
d 46654 175483
r 1800 286 140461 135495
d 116054 19369
d 63015 15746
d 14391 1240
r 1000 267 27348 107750
d 138726 175583
d 94949 155627
d 47717 89911
r 1600 472 17283 104851
d 108952 103532
d 155750 151856
r 1000 203 131634 128808
d 10470 128409
d 11276 87110
d 78261 163880
d 7802 103770
r 1600 365 101993 40176
d 13551 119227
d 112435 130894
r 1600 458 113526 115935
d 78597 139980
d 92399 101951
r 1600 146 48393 46035
d 103266 12497
d 151818 119735
r 1800 128 32567 135290
d 125301 123665
r 1600 252 74738 126356
d 30281 114271
d 69590 159973
d 82098 79057
r 1000 281 7500 44510
d 42235 107951
d 148283 121889
r 1400 174 154520 172259
d 100900 42397
d 32315 134089
d 128266 6788
r 1800 472 69115 178926
d 169114 53815
d 164238 21972
r 1600 297 24721 119768
d 6128 123910
d 174202 168436
d 88277 171673
r 1400 199 7135 97666
d 90594 80791
d 169243 165713
d 126339 178940
r 1600 140 102921 8624
d 140786 32706
d 153633 39438
d 175331 102331
r 1800 484 42191 104098
d 138399 147234
d 93494 158929
r 1600 434 123864 4005
d 57109 141167
d 35886 52573
d 108952 83528
d 84723 94102
r 1600 372 100041 44291
d 6084 24459
d 113807 86274
d 11014 101725
r 1600 191 108543 177123
d 93976 11744
d 121880 69324
d 138143 146472
r 1200 132 61576 10716
d 13355 48992
d 73174 115216
r 1000 375 41548 169436
d 48405 175710
d 33226 83119
d 120491 115673
r 1400 388 126051 137616
d 139363 44197
r 1800 444 164243 66074
d 81812 145507
r 1800 336 103123 116044
d 13165 23252
d 175289 20647
d 22740 8583
r 1800 345 101418 32775
d 141894 141359
d 146068 131213
d 26154 46600
r 1000 131 50334 3584
d 75193 57301
d 150549 14505
d 169259 63805
r 1600 413 155984 149138
d 103038 102899
d 117773 37497
r 1400 418 146772 81352
d 136706 136556
d 166484 139697
d 40125 60691
r 1000 477 154339 129772
d 49373 36012
d 11799 45374
d 82239 155506
r 1600 412 79058 27603
d 147688 60543
r 1800 217 32084 37816
d 167069 5563
d 28996 50176
d 72581 75011
r 1400 200 176839 33535
d 33122 138542
d 111843 101323
r 1800 203 140784 30981
d 135664 126736
d 25926 176657
d 91465 101458
r 1400 243 54924 84813
d 44650 128209
r 1000 403 153445 124424
d 143089 80825
r 1000 113 101873 97881
d 33583 97368
d 49039 33612
d 14680 126832
d 133775 45430
r 1800 358 29393 5565
d 79151 145612
d 48008 155278
r 1600 128 162856 157008
d 99055 172982
d 68535 142752
r 1000 155 78513 175091
d 53826 72023
d 100181 133387
d 153573 94702
r 1400 310 136168 24568
d 171509 14020
d 145774 1856
d 132709 154423
d 47996 124425
r 1600 351 79645 77685
d 150786 164083
r 1600 336 53444 103880
d 140969 109727
r 1600 364 84846 156954
d 149568 25907
d 99023 134020
d 80615 29966
r 1600 269 107357 81115
d 36280 166812
r 1200 480 110475 135207
d 19420 3035
d 109665 176487
r 1600 361 2374 19030
d 51427 80903
d 73677 56100
d 159910 10362
r 1600 477 147356 165494
d 14527 164434
d 75261 4330
d 3327 2070
r 1000 496 37734 155007
d 40199 153759
r 1600 191 167908 88504
d 123920 118692
d 31988 27482
d 154129 173306
d 35180 173927
r 1000 228 172024 89115
d 28838 50809
d 31783 66891
r 1800 464 116164 10494
d 90473 34790
d 163214 79698
d 140749 69925
d 128068 14340
r 1200 139 53033 162184
d 82421 91574
r 1400 138 129377 20160
d 162328 109983
d 166156 73226
r 1800 366 86719 95671
d 14861 140627
r 1200 135 74303 176106
d 110073 168345
d 172956 167987
r 1200 266 88431 121137
d 105530 74888
d 20790 168543
d 45002 52014
r 1600 421 12571 136430
d 140022 47192
d 102566 69990
r 1400 152 38362 157774
d 133812 35185
d 75083 35117
r 1000 275 171831 60693
d 128631 163420
d 691 99315
d 96250 14926
d 54045 20380
r 1600 396 96402 152902
d 63588 64060
d 171506 102524
d 107197 107673
r 1600 354 141986 35697
d 2868 151556
d 104729 168224
d 94884 47403
r 1600 453 162542 48544
d 80772 33445
d 151741 77789
r 1200 184 53974 121277
d 47093 12374
r 1200 272 51399 44609
d 52556 112949
d 12437 112022
r 1200 232 80461 73189
d 10092 69277
d 11226 39415
d 141723 82560
r 1000 220 30738 109173
d 21485 124616
d 130836 33792
d 20252 26106
r 1200 102 72639 18963
d 46647 15094
d 15186 12210
d 53122 87207
d 84239 100024
r 1800 299 103849 134711
d 156734 178764
d 141166 127309
d 954 48297
d 15503 154071
r 1200 229 39986 49206
d 96432 35343
r 1200 197 159051 63702
d 146166 158412
d 144849 10661
d 41552 3941
r 1000 482 155051 68260
d 41276 66923
d 119059 163750
d 51187 169942
r 1800 441 8848 30948
d 48604 107659
d 163017 70756
d 18991 8785
r 1800 151 39578 111764
d 105258 99199
d 59681 23507
d 150720 78674
d 68769 76324
r 1600 304 92251 134466
d 166689 123045
d 156174 31753
d 53629 157154
d 120795 83336
r 1400 358 152523 114242
d 16081 30452
r 1200 430 71010 173920
d 155303 104792
d 162398 118034
r 1000 307 174817 20458
d 92348 112017
d 131085 95264
r 1400 490 28505 27201
d 77831 113177
d 15881 5190
d 37976 119038
d 121856 153923
r 1200 126 53685 41180
d 40706 148815
r 1400 112 24678 98378
d 166233 171523
r 1600 244 111320 70611
d 143931 50765
r 1400 423 14164 40130
d 116265 36913
d 140010 122924
r 1400 368 134420 29831
d 95878 120368
d 135073 134271
d 65730 162763
d 98701 8573
r 1000 293 155232 175628
d 70095 20924
d 93601 104129
d 163822 179371
r 1000 277 112674 130365
d 64321 85153
r 1200 302 87851 157156
d 22254 58489
d 51013 133891
d 163738 44220
r 1200 341 157977 3877
d 82393 100933
r 1800 228 20965 63229
d 53514 98876
d 4546 86546
d 155282 23520
d 70960 90869
r 1400 440 168084 15104
d 103410 26556
d 25923 1910
d 53416 131813
r 1000 472 81956 132207
d 64916 130287
r 1200 450 33042 141423
d 21900 52583
d 54387 61163
d 151014 99804
r 1800 279 124805 18524
d 78997 25391
d 117512 165788
d 115019 16677
r 1400 441 42464 51707
d 138907 14108
d 110964 129555
d 96084 144222
d 163982 78145
r 1600 158 52649 78770
d 78268 11550
d 129621 170224
d 134967 171132
r 1000 417 14651 129580
d 127924 20695
d 6704 161235
d 79941 113930
r 1200 146 94862 26537
d 9425 95702
d 175331 77915
d 6115 69697
r 1600 377 88213 45588
d 8153 58793
d 4123 22729
d 58552 91425
r 1800 297 145368 75338
d 20209 68379
d 147588 76949
d 100921 125585
r 1000 232 48373 111922
d 38702 20149
r 1400 447 69957 2747
d 78329 74256
d 24890 61182
r 1400 129 111551 31825
d 110892 11419
d 20162 51111
d 85677 115550
r 1000 481 140450 57443
d 156988 10908
d 66545 33896
d 17138 2614
d 33266 25260
r 1200 464 138655 92876
d 26151 22972
r 1200 186 104950 29634
d 132916 140895
r 1000 118 158835 114788
d 52404 54876
r 1200 497 134958 35469
d 9212 36911
d 35583 173872
d 142628 140299
d 150131 47579
r 1200 200 163244 88204
d 9941 165858
r 1800 383 137544 39624
d 162086 57003
d 75131 34894
r 1600 459 77381 171640
d 33430 60442
d 39998 72110
r 1200 406 104784 2531
d 48414 158540
r 1000 434 111052 28037
d 76437 5275
d 8531 108997
d 29553 36546
d 161083 33052
r 1800 223 14517 80356
d 42200 19946
d 144529 177612
r 1400 449 143820 118890
d 104874 30567
d 177439 86668
r 1000 294 151145 134908
d 22528 76872
r 1200 134 143126 164699
d 19447 89538
r 1200 339 130498 162201
d 156059 149214
d 4173 56285
d 111405 7465
d 139877 152140
r 1600 127 129690 84176
d 41969 34513
r 1600 500 96404 127496
d 146261 15910
d 90146 178296
d 133689 48956
d 129974 116564
r 1200 198 158267 139818
d 94029 92869
r 1400 100 50995 176207
d 6637 54311
d 178648 7528
r 1600 408 138897 69595
d 141071 153979
d 131038 151471
r 1000 153 109198 178870
d 68969 44490
d 32342 39861
d 35632 22071
r 1800 398 51797 117701
d 59701 66983
d 69486 43514
d 13209 57768
d 130201 35422
r 1600 465 38238 29340
d 67437 146302
d 173059 93550
r 1800 248 9784 102420
d 31911 142201
d 154942 119982
r 1400 131 30602 17501
d 160089 87056
d 89809 2985
r 1400 362 55140 45332
d 9865 122595
d 64942 153569
d 132058 30507
d 89517 121099
r 1000 436 98210 97522
d 9179 28102
d 130438 110105
d 172792 111999
d 25773 103139
r 1800 275 98775 176437
d 172161 9119
d 131103 23000
d 11635 51719
d 15026 60971
r 1600 103 7983 153249
d 116400 173848
d 35695 41428
r 1200 113 51769 166004
d 130536 155737
d 96207 117077
d 22548 72939
d 161195 54929
r 1800 426 40969 151456
d 63492 57554
r 1200 262 53332 136601
d 21481 99431
d 127260 92586
d 128705 138639
r 1200 433 46330 83194
d 83292 109615
r 1600 214 69254 138224
d 136366 164344
d 156330 76632
d 79312 124662
r 1200 193 169109 9798
d 57013 119757
r 1400 404 118924 81336
d 73980 23365
d 96427 139954
d 55379 101366
r 1000 170 85077 89975
d 54844 90948
d 24417 95591
d 160877 98104
r 1800 370 95067 9699
d 109922 104131
d 64361 90715
d 22285 118614
r 1400 213 103687 163718
d 123120 31583
d 71392 37021
d 96194 15121
d 172281 64201
r 1800 125 41037 157551
d 166126 87000
d 50316 136332
r 1200 436 140854 164786
d 157583 19769
d 128141 8823
r 1400 278 43598 76407
d 91324 2008
d 29465 44050
d 73817 91615
r 1200 272 175172 129878
d 49404 70554
d 40887 178399
d 158825 171461
r 1000 398 34040 177871
d 143168 25014
r 1200 467 65613 115018
d 163479 56803
r 1200 297 131795 44170
d 26151 24254
d 23674 53340
d 11226 173487
d 91288 11038
r 1600 491 101546 78590
d 52742 109498
d 140852 97058
r 1400 109 93892 113424
d 27630 72519
d 164846 134592
d 159476 120905
d 50970 161256
r 1400 174 11162 165033
d 65160 72214
d 57506 95730
d 84330 46693
d 61126 14682
r 1000 390 28117 37509
d 168094 136045
r 1800 328 27273 139324
d 7441 94954
d 146745 15288
d 118179 149373
d 95598 172126
r 1800 186 168298 21765
d 130490 132564
d 104896 31010
r 1200 428 51753 56975
d 92969 38355
d 170232 18422
d 102099 127868
r 1000 414 86984 75842
d 90181 75764
d 74941 103716
r 1400 218 48312 117754
d 78503 18368
r 1600 117 97462 169172
d 120404 108080
r 1600 131 115821 166991
d 162025 132133
d 125016 45392
d 74448 84542
d 125186 94827
r 1200 324 8559 136781
d 151712 39719
d 37636 48411
d 10566 174048
r 1400 204 165926 136302
d 131825 155721
d 14394 95106
d 153834 14969
d 173217 9877
r 1400 294 140759 41648
d 52599 10290
r 1000 439 74660 82750
d 107026 113967
r 1000 279 113363 102245
d 163212 114947
d 91765 103224
r 1000 393 129091 95089
d 93874 57288
d 84729 167176
r 1000 347 158349 158665
d 66296 30980
d 47960 177732
d 168210 162658
r 1200 373 138642 49643
d 50097 80884
d 150210 53876
r 1600 497 32673 111784
d 63378 92849
d 118501 167699
r 1200 313 50071 155356
d 13091 10208
r 1000 198 146450 155564
d 57221 46502
r 1800 411 120916 4511
d 161050 80470
d 11356 145046
d 138210 1297
r 1600 253 158942 48095
d 89345 168277
d 163873 69162
d 78235 102207
d 50315 61143
r 1600 229 64753 49607
d 168830 65697
d 173400 89847
d 143999 117149
d 163752 90501
r 1400 266 21012 130529
d 22541 142300
d 92089 63793
d 10762 57494
d 57448 124998
r 1200 325 133391 146191
d 142566 46339
r 1800 304 132621 119818
d 74072 103302
d 99751 55460
d 101564 177110
r 1600 421 160983 145487
d 124044 162106
d 44449 85012
r 1000 372 164829 45666
d 69068 96802
d 130701 125414
r 1000 455 83727 152162
d 21943 106834
d 79096 129587
d 119769 105891
d 116492 6461
r 1200 492 22121 137761
d 168018 74681
d 120816 85659
r 1400 385 146932 5567
d 29793 99679
d 95675 48644
r 1400 360 2199 172725
d 63232 38529
d 15949 93806
d 145513 54235
r 1000 152 109764 83077
d 44375 122148
r 1200 332 133262 123305
d 79764 158773
d 60322 99189
d 46351 81089
d 45731 142622
r 1600 104 47022 166845
d 85126 59236
r 1200 102 8913 86193
d 108840 171525
d 25384 26648
d 74671 78910
d 77445 111183
r 1400 191 119841 90044
d 150565 80118
d 78670 112769
d 118702 14842
r 1200 360 57491 158530
d 175882 143446
r 1000 310 117167 86683
d 104969 151274
r 1000 374 149356 178328
d 88590 110726
r 1200 382 97442 28464
d 64391 95036
d 148354 52097
d 17228 156992
r 1600 165 3379 47060
d 8274 85609
d 99221 15122
d 49451 35702
d 169149 15907
r 1200 486 78680 168468
d 97801 166246
r 1800 228 2564 12850
d 131485 49315
d 78002 57137
d 79976 57839
d 132356 90735
r 1200 324 152827 79977
d 121958 126595
d 173774 10242
d 72331 140273
r 1400 346 172579 126870
d 99827 138754
d 12897 130513
d 15159 165747
d 103618 132909
r 1400 135 172918 144922
d 96263 172841
d 50655 52850
r 1400 287 90006 86305
d 13747 62181
r 1000 467 154528 36568
d 55184 12411
d 161251 122147
r 1000 425 99555 18237
d 176554 115281
r 1000 291 120870 48932
d 171769 37591
d 98259 78920
d 153521 71488
d 52293 93708
r 1600 466 108478 155079
d 63709 41781
d 23831 157602
r 1800 136 78335 124405
d 106958 14390
d 80433 138934
d 41912 139256
r 1800 151 154574 48678
d 10102 46173
d 86817 57612
r 1200 143 17354 152127
d 110614 174145
r 1200 451 177825 91222
d 80683 137762
d 79822 178200
d 100563 86577
d 171659 163094
r 1600 351 4925 5565
d 60752 20439
d 103157 42311
d 81462 168327
d 8153 171652
r 1000 363 91415 176826
d 91995 48193
d 116417 158549
d 83685 124866
r 1200 112 121010 170973
d 42213 155628
d 63460 18469
d 175267 132638
r 1800 260 71986 164386
d 122512 84482
d 44974 66585
d 142399 69641
r 1400 191 74497 69544
d 108932 59003
d 46577 119641
d 25555 107803
r 1600 286 104190 52935
d 49477 52254
d 147186 76283
d 18477 171126
d 120571 34715
r 1600 286 40947 138670
d 46691 21012
r 1000 169 93393 61116
d 142359 111786
d 86758 158869
r 1400 431 103025 101232
d 66925 23803
d 32889 171615
r 1800 500 105332 99954
d 119199 10237
d 120462 14935
r 1400 348 141429 17941
d 113209 147879
d 83993 134961
d 143882 134850
d 84554 74954
r 1800 360 173181 25530
d 139456 61957
r 1400 286 16480 42740
d 6796 160455
d 100761 50592
d 2408 73380
d 116388 116196
r 1800 450 120922 30423
d 124704 87396
r 1400 388 21269 164376
d 106295 8177
r 1200 346 93321 176015
d 125940 11309
r 1400 325 155266 117884
d 82775 17014
d 104744 165852
r 1400 119 172792 37195
d 124878 96491
d 170082 3338
d 10082 16689
r 1600 321 155308 136154
d 129934 68062
d 119380 24582
r 1200 112 37039 174238
d 21848 38768
d 156954 38189
d 63799 98516
r 1200 463 57163 85586
d 3630 171808
d 94947 144672
d 84501 45772
r 1400 269 15899 135799
d 12225 76522
d 109647 164829
d 79732 23335
d 58381 78529
r 1600 499 58994 88293
d 35722 163594
d 24674 16439
r 1000 130 42733 44737
d 45036 2207
d 91756 111329
r 1800 438 156481 73810
d 82960 124131
d 92265 164686
r 1200 320 134156 101302
d 164675 56563
r 1000 239 157688 69105
d 104117 34003
r 1800 302 174524 33588
d 48653 175431
r 1000 236 8616 22631
d 74363 16526
d 43857 141625
d 87715 34211
r 1800 259 50070 50107
d 107131 163899
d 3865 165951
r 1600 180 126963 144555
d 73102 51904
d 136048 153950
r 1400 169 106211 35732
d 165091 28973
r 1000 323 108913 113824
d 39732 147387
d 6855 144545
d 5311 126646
r 1000 204 120041 116384
d 20731 77157
d 110267 109842
d 4975 175122
r 1800 114 82346 83677
d 65990 55334
d 140875 124385
r 1400 342 75448 48308
d 117754 94091
r 1800 135 95002 18275
d 155965 142405
d 105189 82687
d 55362 83181
r 1400 424 69185 73630
d 171027 6801
r 1200 165 63733 44830
d 163408 159630
d 99263 70423
d 49569 3126
r 1400 314 18402 85379
d 154794 88958
d 144443 127359
d 85651 103663
d 64141 55426
r 1200 258 72090 157028
d 100512 159970
d 167901 89161
d 146186 85514
d 136813 110689
r 1200 278 154452 38623
d 146132 50681
r 1800 310 117946 30037
d 35657 96702
r 1600 461 2165 38370
d 41784 52208
d 78913 38558
r 1800 419 110714 86637
d 82367 80169
d 6326 21216
d 14611 159280
r 1200 232 36167 88333
d 6498 7493
d 90520 127108
r 1800 461 36023 83318
d 6370 76682
d 135620 134848
d 44820 128474
r 1800 461 97744 52525
d 22716 165331
d 116481 151923
r 1600 158 167296 58810
d 137521 64392
d 72286 96525
d 96721 46653
r 1800 296 126656 75582
d 158946 99438
d 6267 179097
d 11568 163379
d 119974 55906
r 1000 169 101283 111511
d 112455 88924
r 1200 472 51827 96798
d 141049 118082
r 1800 103 168875 169044
d 175888 95315
d 9648 59391
r 1200 493 142581 109562
d 54907 47066
d 164940 124240
d 35903 92857
r 1200 256 78110 32690
d 101037 31045
d 110172 107356
d 147122 176883
r 1000 101 118023 176315
d 116822 64901
r 1000 500 66175 120029
d 86341 47858
d 14646 14537
d 13447 26203
d 116852 102739
r 1600 298 63091 85200
d 156852 149870
d 62184 154760
d 176187 160440
r 1600 246 125270 160203
d 61749 107382
r 1400 160 99733 85376
d 1329 175852
d 32144 162529
d 117286 178901
r 1800 381 27427 70101
d 71440 123986
r 1000 441 114888 1997
d 42160 178643
d 138556 137020
r 1400 265 165286 52151
d 103273 112864
d 44754 54581
r 1200 154 27761 25333
d 132976 65108
r 1800 154 98774 70784
d 138266 86986
d 107323 135916
d 81475 68956
r 1000 439 116744 151549
d 173275 120245
d 118370 134053
d 173038 60614
r 1600 168 86200 24464
d 171140 69374
d 87249 139200
d 16994 127375
r 1400 432 125314 164621
d 45387 68809
r 1000 373 42183 143547
d 65982 172803
d 151422 131871
d 84296 42209
r 1200 139 113232 157420
d 31999 43633
d 119980 58204
d 30251 146654
r 1200 321 10329 109504
d 76998 36027
d 159486 82706
d 44045 12702
d 62630 73753
r 1800 429 152200 139756
d 54597 15477
d 58178 72153
d 88747 96193
d 160582 26294
r 1600 176 94344 80417
d 52356 80757
d 98655 58681
r 1200 220 106375 168327
d 90289 67111
d 166183 39415
d 35572 164409
d 90714 112242
r 1800 406 17420 140238
d 66292 19129
d 145563 31927
d 130729 128600
r 1200 274 154187 159801
d 104702 121597
d 58066 148954
d 77670 121994
r 1600 500 135397 88295
d 4000 161581
r 1600 187 178779 64705
d 121223 58697
d 9843 42013
d 108570 85387
d 68749 36390
r 1600 269 829 87395
d 18474 56525
d 172968 53589
d 109726 75992
r 1200 478 177566 107125
d 174089 88802
r 1200 102 16465 98659
d 96224 106104
d 165532 154746
d 169867 125817
d 91113 47239
r 1600 443 35083 102890
d 163884 153247
r 1400 132 137046 107228
d 133516 11004
d 168984 160774
r 1000 481 55879 136559
d 168136 18156
r 1000 276 178216 163287
d 83184 95771
d 96638 31009
d 175336 76101
d 105398 2572
r 1800 157 79024 116449
d 33368 88674
d 159769 150656
r 1200 121 156223 95808
d 107048 38900
d 166596 81199
d 49857 7077
r 1200 282 37415 54209
d 86903 38798
d 136394 115046
r 1400 415 37241 15495
d 178573 99497
d 90245 2680
r 1800 331 11206 49615
d 155308 60176
r 1000 259 88828 170366
d 71612 42981
d 89099 36004
r 1000 185 165450 81618
d 123454 159288
d 4590 92954
d 56276 5060
d 159350 102473
r 1200 353 74152 20607
d 170503 42940
d 173676 80765
d 16892 71811
d 93104 141327
r 1200 392 9274 143886
d 123569 125503
d 101818 14056
r 1400 210 162518 27594
d 142738 105858
d 150082 154712
r 1600 477 174267 92579
d 66781 18418
r 1600 351 21677 110340
d 172722 21588
d 160983 152106
r 1400 351 84932 71436
d 21845 38931
d 35329 41764
r 1400 231 71021 9488
d 56183 155817
r 1000 341 126982 153832
d 84377 580
d 164554 98087
d 63186 161921
d 48423 62539
r 1600 494 129867 26790
d 83346 176626
d 12003 33714
d 14125 79041
r 1200 412 44787 153867
d 20003 28518
d 97174 100237
d 149246 153666
r 1800 217 18485 148179
d 141416 9363
r 1800 483 100117 12612
d 126170 61319
d 96000 155483
d 133693 49795
r 1000 463 113127 80656
d 72083 50407
r 1400 491 171083 34940
d 708 155151
d 142538 178978
d 143628 21043
r 1200 466 66028 167343
d 9867 63784
d 75738 121498
d 170292 166977
d 16923 119749
r 1000 173 149122 44104
d 144433 168904
r 1600 374 119186 38361
d 102367 41441
d 118133 43178
d 127821 152000
r 1800 345 8963 34012
d 71805 38431
d 100412 54402
r 1600 255 144034 23994
d 3728 170390
d 147829 20451
d 89315 124203
d 147461 62845
r 1800 225 62582 66664
d 28719 54802
d 102727 121281
r 1400 345 64736 30878
d 173796 46242
d 33852 152010
d 112980 102277
r 1400 392 80770 22726
d 69822 93141
d 168472 136071
d 108784 97802
d 30103 134729
r 1800 416 78741 178346
d 177046 72875
d 139254 32731
r 1200 472 66583 97146
d 90656 11055
d 7771 85259
d 93841 115274
r 1600 115 103355 129479
d 85283 36325
d 58863 162353
d 30370 161431
r 1200 271 8420 149965
d 37969 42634
d 10093 66037
r 1400 113 62515 156938
d 44718 97962
d 161629 48473
d 57781 23255
d 165785 139661
r 1800 432 172087 22111
d 148784 102186
r 1200 106 41666 118138
d 4991 99470
d 110366 159290
r 1000 389 76907 38647
d 106576 75410
r 1400 280 53991 99107
d 34539 177909
d 6501 56722
d 131195 16027
d 132354 45709
r 1200 245 11988 16200
d 135962 94897
r 1800 228 147306 117952
d 92855 76161
r 1600 107 2704 106966
d 133655 122493
d 112928 20715
d 28170 86633
d 7317 64314
r 1000 192 150149 53707
d 55484 85770
r 1200 260 71687 66542
d 175481 4635
d 59077 75976
d 61087 28415
d 76118 24009
r 1400 459 163857 96376
d 66061 42426
d 166396 55754
d 176004 107993
d 55463 20331
r 1800 290 158733 168853
d 168137 151774
d 8581 82913
d 93958 132366
r 1200 203 82289 118314
d 13344 176358
r 1400 398 141000 68612
d 98447 103869
d 106834 135233
d 174237 28615
r 1800 485 112899 94773
d 26903 50826
d 97036 125110
d 33478 34197
d 24372 101156
r 1600 476 31220 130956
d 11118 24126
d 152009 110118
d 114666 171139
r 1000 340 140329 87227
d 79338 37583
d 69842 119590
r 1000 386 143635 27590
d 96716 70419
d 93387 87425
d 142768 131998
r 1600 410 144886 161845
d 88198 100948
d 115617 85818
r 1400 394 76842 50824
d 55461 173041
d 135411 136660
d 31405 47373
r 1400 416 98846 33838
d 76636 47538
r 1600 238 127181 32954
d 166863 78310
d 145030 17189
r 1600 425 112989 106084
d 170050 5600
d 83619 89541
d 149205 123678
r 1800 232 66644 23784
d 135070 6036
d 148133 174574
r 1400 440 89691 164630
d 175504 149878
d 178260 82466
d 157895 117790
d 139070 31845
r 1200 394 70321 158968
d 72680 149905
d 93319 41778
d 75848 60166
d 172808 146932
r 1800 241 142343 90830
d 95008 120157
r 1400 232 96652 116975
d 141574 100534
d 134154 173382
d 48978 117731
d 155327 114385
r 1800 373 129002 168422
d 98532 92633
r 1800 347 2495 52905
d 53659 79560
r 1600 310 78520 8046
d 117267 170018
r 1800 402 8060 62530
d 17475 69103
d 18050 133407
d 37942 88770
d 102976 174438
r 1200 131 62290 104177
d 160641 65815
d 137608 661
r 1200 432 22579 3283
d 50561 147951
d 76173 175364
r 1600 250 9112 116461
d 117155 174469
d 4075 177614
d 102920 96434
r 1600 122 155342 92981
d 51025 160875
r 1000 185 107442 131508
d 1779 42504
d 98935 79359
d 89838 121540
d 100660 78598
r 1200 470 136203 78570
d 155282 26430
d 127295 149200
d 16325 153066
r 1000 222 31334 151296
d 4371 55916
d 102274 159768
r 1800 181 93225 63087
d 152429 159257
d 153235 44046
d 56441 95337
r 1000 178 145424 72817
d 32122 49421
r 1400 114 40777 45230
d 81880 58290
d 109305 76279
r 1800 442 105663 69396
d 93971 9804
r 1000 444 68985 89382
d 20744 162223
d 25931 137245
