g 20 20 2000
r 1800 260 14375 4028
d 34886 26895
d 27059 18825
d 30090 21970
r 1600 466 28117 16511
d 17087 27765
r 1800 374 23898 25618
d 3413 29274
r 1600 334 3690 29364
d 26472 11601
r 1000 168 6528 16138
d 22194 35802
d 20277 8939
r 1200 238 6108 36625
d 19263 3633
d 30651 39393
r 1600 198 24406 33954
d 17399 37383
d 16016 9423
d 30625 11613
d 13941 15907
r 1600 329 10453 24604
d 13745 26924
d 37329 1273
r 1800 488 17968 7546
d 20017 16258
d 24618 22854
r 1200 409 13741 15364
d 22502 32733
r 1600 417 12482 29714
d 28346 8595
d 5368 24165
d 6291 25908
d 35722 14970
r 1800 491 32866 6902
d 26485 10214
r 1200 377 909 16769
d 26544 16637
d 27842 36151
d 11297 22481
d 7460 35142
r 1800 158 1237 22197
d 30924 29734
d 25610 3966
r 1600 108 38833 34118
d 16950 19354
r 1400 136 31626 33937
d 9802 36559
r 1600 420 8092 4322
d 33406 33912
d 21887 30423
r 1600 310 1940 7267
d 19014 7172
d 36478 36979
d 24430 6119
d 29867 2282
r 1400 178 16060 31155
d 16799 38878
d 2206 17377
r 1000 218 10486 8942
d 36433 7545
d 18634 33639
d 10262 25245
