g 50 50 2000
r 1200 454 93000 29000
d 53000 33000
d 51000 29000
d 41000 13000
r 1800 404 61000 23000
d 95000 17000
d 13000 91000
d 37000 35000
r 1800 243 75000 95000
d 29000 95000
d 89000 29000
d 51000 89000
r 1200 130 83000 79000
d 73000 53000
d 97000 1000
d 59000 73000
r 1600 331 3000 55000
d 79000 71000
d 25000 19000
d 3000 79000
r 1000 118 89000 75000
d 47000 35000
d 43000 57000
d 43000 73000
r 1200 284 91000 41000
d 7000 67000
d 13000 45000
d 91000 17000
r 1400 179 63000 77000
d 59000 59000
d 73000 35000
d 3000 83000
r 1000 430 77000 63000
d 43000 1000
d 79000 83000
d 25000 11000
r 1800 478 25000 57000
d 1000 31000
d 7000 59000
d 27000 75000
r 1800 465 55000 89000
d 3000 91000
d 17000 1000
d 45000 97000
r 1600 350 77000 41000
d 5000 81000
d 3000 23000
d 9000 31000
r 1400 425 35000 21000
d 29000 19000
d 65000 91000
d 83000 1000
r 1800 200 9000 29000
d 45000 21000
d 59000 43000
d 11000 41000
r 1200 118 67000 87000
d 61000 93000
d 15000 63000
d 25000 91000
r 1400 458 93000 71000
d 79000 17000
d 67000 75000
d 69000 5000
r 1400 451 49000 93000
d 9000 75000
d 31000 75000
d 11000 21000
r 1200 128 19000 43000
d 49000 89000
d 91000 91000
d 67000 73000
r 1200 425 17000 43000
d 59000 29000
d 53000 47000
d 31000 69000
r 1200 343 33000 27000
d 41000 49000
d 19000 77000
d 63000 67000
r 1200 321 5000 33000
d 93000 21000
d 79000 71000
d 93000 55000
r 1600 443 41000 67000
d 87000 37000
d 57000 95000
d 65000 9000
r 1400 390 73000 53000
d 25000 15000
d 11000 75000
d 97000 85000
r 1000 319 49000 83000
d 33000 67000
d 25000 93000
d 71000 11000
r 1800 371 79000 57000
d 65000 5000
d 41000 27000
d 17000 1000
r 1000 386 3000 71000
d 83000 77000
d 47000 77000
d 69000 75000
r 1000 133 39000 83000
d 35000 31000
d 75000 53000
d 65000 79000
r 1000 242 23000 33000
d 55000 61000
d 75000 37000
d 39000 15000
r 1200 392 89000 35000
d 43000 85000
d 23000 13000
d 43000 5000
r 1200 366 17000 49000
d 73000 15000
d 23000 73000
d 45000 65000
r 1600 453 85000 71000
d 9000 49000
d 7000 11000
d 69000 91000
r 1000 203 15000 35000
d 33000 31000
d 3000 79000
d 83000 1000
r 1000 425 21000 1000
d 23000 41000
d 45000 47000
d 87000 55000
r 1200 322 39000 15000
d 3000 53000
d 71000 3000
d 69000 97000
r 1400 312 11000 55000
d 65000 29000
d 1000 73000
d 23000 77000
r 1800 179 23000 53000
d 9000 87000
d 55000 83000
d 39000 13000
r 1800 404 5000 35000
d 9000 69000
d 3000 69000
d 77000 47000
r 1400 359 59000 53000
d 59000 53000
d 39000 95000
d 29000 17000
r 1200 343 61000 59000
d 59000 79000
d 75000 1000
d 21000 77000
r 1800 331 3000 41000
d 27000 7000
d 17000 91000
d 35000 39000
r 1000 205 97000 77000
d 81000 67000
d 51000 17000
d 97000 25000
r 1400 274 35000 59000
d 11000 77000
d 87000 41000
d 51000 67000
r 1600 229 7000 33000
d 41000 25000
d 93000 67000
d 81000 41000
r 1400 225 61000 93000
d 67000 33000
d 31000 65000
d 9000 75000
r 1800 457 21000 81000
d 69000 7000
d 91000 73000
d 37000 33000
r 1400 494 19000 59000
d 19000 87000
d 21000 91000
d 49000 17000
r 1600 231 95000 21000
d 61000 67000
d 25000 87000
d 17000 83000
r 1200 425 73000 21000
d 83000 83000
d 65000 59000
d 17000 15000
r 1800 301 37000 27000
d 33000 31000
d 67000 63000
d 91000 59000
r 1600 279 67000 71000
d 83000 75000
d 27000 9000
d 69000 85000
r 1800 223 53000 65000
d 17000 47000
d 95000 51000
d 45000 83000
r 1000 445 59000 79000
d 59000 69000
d 25000 97000
d 29000 33000
r 1600 188 41000 51000
d 47000 29000
d 13000 83000
d 93000 57000
r 1800 207 19000 75000
d 19000 53000
d 75000 81000
d 59000 39000
r 1200 276 93000 69000
d 21000 31000
d 87000 65000
d 83000 67000
r 1400 144 7000 13000
d 53000 75000
d 41000 57000
d 43000 41000
r 1000 448 63000 93000
d 21000 63000
d 33000 3000
d 97000 21000
r 1200 427 81000 51000
d 57000 55000
d 75000 87000
d 39000 57000
r 1200 284 73000 1000
d 87000 77000
d 39000 69000
d 95000 53000
r 1600 113 43000 63000
d 13000 89000
d 89000 75000
d 19000 37000
r 1800 162 75000 81000
d 61000 73000
d 35000 81000
d 35000 39000
r 1600 352 67000 27000
d 33000 11000
d 53000 53000
d 17000 3000
r 1600 337 49000 91000
d 91000 85000
d 75000 91000
d 87000 83000
r 1200 156 43000 13000
d 17000 31000
d 79000 5000
d 77000 17000
r 1800 262 21000 19000
d 93000 57000
d 45000 1000
d 55000 41000
r 1400 181 9000 37000
d 23000 27000
d 3000 47000
d 29000 33000
r 1200 211 41000 87000
d 39000 31000
d 73000 33000
d 37000 55000
r 1600 318 39000 41000
d 39000 91000
d 13000 65000
d 81000 61000
r 1000 493 41000 83000
d 87000 19000
d 11000 15000
d 47000 1000
r 1000 214 47000 15000
d 83000 57000
d 15000 47000
d 7000 51000
r 1200 399 83000 87000
d 79000 23000
d 89000 75000
d 53000 31000
r 1600 201 17000 29000
d 83000 7000
d 57000 77000
d 11000 81000
r 1800 378 29000 51000
d 97000 51000
d 51000 53000
d 3000 27000
r 1000 420 27000 83000
d 5000 95000
d 27000 97000
d 87000 85000
r 1000 183 85000 5000
d 3000 75000
d 87000 63000
d 59000 85000
r 1000 115 25000 1000
d 53000 33000
d 73000 23000
d 35000 49000
r 1400 196 91000 97000
d 55000 73000
d 15000 39000
d 79000 73000
r 1200 294 57000 13000
d 7000 3000
d 89000 35000
d 67000 5000
r 1600 448 69000 55000
d 7000 15000
d 89000 29000
d 51000 51000
r 1000 301 59000 19000
d 97000 95000
d 5000 69000
d 89000 31000
r 1600 182 27000 47000
d 73000 29000
d 73000 27000
d 37000 15000
r 1800 269 31000 9000
d 79000 85000
d 73000 29000
d 73000 45000
r 1800 356 49000 11000
d 59000 65000
d 91000 19000
d 69000 69000
r 1000 492 61000 1000
d 51000 93000
d 73000 45000
d 7000 37000
r 1600 298 95000 59000
d 17000 83000
d 85000 57000
d 85000 83000
r 1400 441 7000 31000
d 49000 87000
d 37000 25000
d 41000 5000
r 1800 285 43000 65000
d 15000 23000
d 19000 41000
d 59000 45000
r 1200 218 7000 57000
d 51000 51000
d 65000 15000
d 71000 61000
r 1800 235 41000 21000
d 73000 85000
d 23000 9000
d 13000 19000
r 1800 262 89000 65000
d 75000 57000
d 23000 23000
d 21000 45000
r 1400 437 91000 1000
d 1000 35000
d 7000 43000
d 59000 21000
r 1000 385 89000 43000
d 21000 49000
d 73000 65000
d 25000 21000
r 1200 233 57000 59000
d 51000 7000
d 77000 59000
d 81000 15000
r 1600 347 67000 25000
d 71000 47000
d 63000 17000
d 31000 41000
r 1200 235 13000 43000
d 35000 93000
d 91000 41000
d 59000 21000
r 1000 307 31000 17000
d 43000 59000
d 89000 7000
d 55000 57000
r 1400 352 97000 95000
d 93000 73000
d 81000 57000
d 35000 69000
r 1600 408 35000 9000
d 43000 35000
d 33000 93000
d 45000 45000
r 1200 225 3000 81000
d 49000 5000
d 17000 59000
d 89000 55000
r 1200 254 35000 61000
d 85000 77000
d 19000 67000
d 65000 61000
r 1000 250 15000 3000
d 77000 57000
d 3000 7000
d 21000 69000
r 1200 174 91000 47000
d 61000 67000
d 75000 43000
d 95000 95000
r 1000 352 31000 7000
d 1000 65000
d 49000 53000
d 75000 57000
r 1000 244 5000 57000
d 85000 71000
d 43000 49000
d 13000 23000
r 1600 423 69000 19000
d 81000 27000
d 1000 85000
d 51000 73000
r 1600 483 5000 97000
d 41000 17000
d 31000 13000
d 23000 89000
r 1600 282 91000 57000
d 17000 45000
d 53000 91000
d 51000 41000
r 1400 411 61000 57000
d 91000 77000
d 1000 51000
d 27000 49000
r 1400 485 25000 55000
d 59000 71000
d 77000 69000
d 73000 75000
r 1600 306 25000 65000
d 15000 37000
d 3000 27000
d 93000 83000
r 1600 117 35000 97000
d 81000 69000
d 13000 33000
d 17000 87000
r 1600 397 9000 95000
d 61000 33000
d 41000 53000
d 3000 27000
r 1800 456 9000 33000
d 25000 9000
d 17000 25000
d 75000 39000
r 1000 155 75000 91000
d 97000 41000
d 37000 53000
d 89000 47000
r 1800 268 95000 55000
d 93000 23000
d 3000 89000
d 87000 61000
r 1400 374 57000 11000
d 37000 77000
d 83000 11000
d 33000 69000
r 1400 197 79000 13000
d 51000 5000
d 87000 85000
d 69000 23000
r 1000 473 9000 5000
d 51000 25000
d 37000 21000
d 29000 61000
r 1200 348 93000 93000
d 51000 5000
d 73000 69000
d 87000 89000
r 1600 193 81000 25000
d 49000 69000
d 13000 65000
d 1000 55000
r 1800 188 25000 5000
d 95000 5000
d 43000 45000
d 73000 37000
r 1200 494 93000 87000
d 61000 35000
d 89000 59000
d 57000 3000
r 1400 254 23000 19000
d 81000 21000
d 47000 43000
d 63000 25000
r 1400 347 73000 43000
d 73000 27000
d 45000 95000
d 15000 25000
r 1600 375 75000 85000
d 33000 59000
d 63000 47000
d 9000 37000
r 1600 231 1000 59000
d 91000 27000
d 65000 25000
d 81000 97000
r 1400 339 9000 63000
d 13000 59000
d 9000 17000
d 39000 5000
r 1400 256 79000 5000
d 67000 77000
d 87000 81000
d 93000 49000
r 1000 491 77000 67000
d 83000 61000
d 51000 75000
d 97000 45000
r 1200 100 75000 3000
d 9000 73000
d 81000 25000
d 13000 31000
r 1200 308 17000 1000
d 33000 63000
d 55000 3000
d 3000 1000
r 1000 368 89000 85000
d 63000 39000
d 1000 5000
d 51000 77000
r 1800 451 13000 37000
d 47000 95000
d 15000 65000
d 93000 55000
r 1600 333 33000 83000
d 53000 19000
d 3000 15000
d 25000 17000
r 1200 480 23000 95000
d 93000 35000
d 87000 37000
d 33000 79000
r 1600 213 51000 89000
d 3000 19000
d 95000 17000
d 19000 95000
r 1800 497 27000 79000
d 73000 7000
d 9000 97000
d 93000 97000
r 1000 376 69000 43000
d 79000 71000
d 25000 75000
d 21000 3000
r 1200 323 71000 35000
d 57000 53000
d 41000 21000
d 39000 87000
r 1400 352 47000 7000
d 95000 71000
d 87000 19000
d 3000 67000
r 1200 482 25000 83000
d 47000 1000
d 79000 3000
d 49000 33000
r 1400 127 97000 23000
d 73000 7000
d 87000 77000
d 85000 95000
r 1000 468 81000 31000
d 37000 17000
d 67000 5000
d 85000 79000
r 1600 116 5000 85000
d 49000 89000
d 49000 91000
d 11000 45000
r 1000 465 15000 45000
d 97000 7000
d 55000 81000
d 73000 63000
r 1400 432 9000 19000
d 93000 31000
d 59000 7000
d 67000 9000
r 1600 211 71000 53000
d 79000 79000
d 71000 49000
d 71000 67000
r 1000 496 69000 21000
d 71000 71000
d 75000 3000
d 7000 83000
r 1000 180 43000 51000
d 13000 71000
d 65000 81000
d 63000 69000
r 1800 307 21000 97000
d 51000 43000
d 15000 31000
d 35000 67000
r 1800 286 15000 89000
d 69000 63000
d 9000 59000
d 65000 65000
r 1800 167 79000 89000
d 61000 41000
d 17000 69000
d 43000 81000
r 1200 492 19000 7000
d 81000 57000
d 63000 35000
d 55000 75000
r 1200 167 1000 61000
d 91000 81000
d 95000 57000
d 43000 33000
r 1200 213 51000 23000
d 85000 87000
d 91000 43000
d 39000 69000
r 1200 491 55000 81000
d 57000 7000
d 41000 1000
d 5000 47000
r 1600 143 53000 35000
d 85000 7000
d 69000 91000
d 25000 81000
r 1800 286 53000 13000
d 53000 57000
d 13000 53000
d 65000 55000
r 1600 471 3000 9000
d 43000 5000
d 51000 87000
d 63000 23000
r 1400 478 97000 39000
d 67000 43000
d 3000 85000
d 37000 17000
r 1600 346 69000 85000
d 95000 87000
d 47000 75000
d 63000 93000
r 1400 278 77000 91000
d 73000 21000
d 41000 21000
d 71000 29000
r 1200 391 49000 39000
d 61000 33000
d 41000 61000
d 77000 47000
r 1800 465 5000 63000
d 9000 3000
d 29000 33000
d 27000 97000
r 1600 245 83000 77000
d 93000 59000
d 19000 43000
d 89000 37000
r 1800 365 13000 93000
d 75000 81000
d 11000 31000
d 17000 15000
r 1600 291 89000 73000
d 57000 69000
d 51000 47000
d 33000 71000
r 1400 143 31000 91000
d 55000 97000
d 35000 1000
d 31000 1000
r 1400 365 31000 43000
d 25000 25000
d 71000 77000
d 25000 83000
r 1400 343 95000 61000
d 55000 95000
d 23000 47000
d 77000 79000
r 1200 183 51000 5000
d 15000 11000
d 17000 5000
d 5000 41000
r 1000 394 57000 9000
d 71000 27000
d 41000 45000
d 87000 89000
r 1600 131 39000 79000
d 45000 17000
d 9000 29000
d 79000 17000
r 1200 480 67000 21000
d 39000 85000
d 91000 65000
d 19000 73000
r 1200 143 91000 59000
d 57000 41000
d 45000 67000
d 89000 17000
