g 80 80 2000
r 1200 306 71000 125000
d 65000 109000
d 109000 99000
d 115000 29000
r 1600 460 155000 81000
d 155000 41000
d 5000 103000
d 49000 111000
r 1000 144 75000 121000
d 113000 81000
d 123000 131000
d 69000 113000
r 1000 340 63000 87000
d 41000 27000
d 105000 147000
d 13000 115000
r 1600 219 49000 73000
d 99000 117000
d 89000 109000
d 125000 1000
r 1400 299 51000 123000
d 137000 153000
d 155000 81000
d 41000 23000
r 1000 289 67000 117000
d 33000 127000
d 113000 23000
d 65000 147000
r 1200 486 141000 147000
d 157000 121000
d 149000 29000
d 67000 63000
r 1000 128 9000 17000
d 67000 65000
d 39000 87000
d 25000 23000
r 1000 215 95000 143000
d 109000 155000
d 119000 93000
d 77000 131000
r 1800 298 43000 137000
d 15000 9000
d 93000 141000
d 157000 139000
r 1000 473 91000 155000
d 57000 111000
d 9000 117000
d 35000 51000
r 1600 322 41000 65000
d 111000 133000
d 57000 61000
d 121000 153000
r 1000 454 53000 77000
d 79000 53000
d 65000 107000
d 125000 35000
r 1200 238 151000 115000
d 21000 69000
d 127000 119000
d 1000 71000
r 1600 419 17000 35000
d 41000 45000
d 73000 79000
d 93000 145000
r 1200 323 85000 93000
d 115000 101000
d 119000 11000
d 9000 133000
r 1600 262 15000 153000
d 51000 127000
d 65000 43000
d 53000 127000
r 1800 168 35000 143000
d 133000 19000
d 81000 97000
d 57000 69000
r 1000 389 51000 155000
d 21000 35000
d 125000 77000
d 123000 89000
r 1000 298 19000 3000
d 85000 121000
d 47000 149000
d 115000 39000
r 1400 162 21000 137000
d 139000 21000
d 65000 127000
d 145000 137000
r 1000 453 119000 15000
d 117000 63000
d 115000 103000
d 75000 127000
r 1000 257 35000 53000
d 43000 29000
d 69000 19000
d 37000 55000
r 1600 173 7000 99000
d 87000 5000
d 137000 105000
d 3000 157000
r 1600 142 141000 79000
d 15000 67000
d 5000 27000
d 149000 125000
r 1400 288 91000 109000
d 137000 87000
d 75000 151000
d 5000 43000
r 1400 297 153000 87000
d 37000 57000
d 111000 83000
d 59000 13000
r 1800 101 59000 51000
d 3000 25000
d 91000 15000
d 133000 31000
r 1800 340 145000 141000
d 129000 65000
d 89000 83000
d 5000 133000
r 1800 478 129000 111000
d 75000 53000
d 37000 113000
d 121000 5000
r 1600 195 31000 133000
d 97000 23000
d 123000 99000
d 119000 27000
r 1400 295 129000 81000
d 149000 81000
d 145000 121000
d 101000 21000
r 1800 383 147000 145000
d 143000 81000
d 79000 33000
d 15000 27000
r 1600 178 5000 105000
d 105000 143000
d 109000 27000
d 95000 45000
r 1200 431 51000 55000
d 71000 69000
d 31000 125000
d 129000 61000
r 1800 450 129000 127000
d 149000 67000
d 45000 111000
d 137000 83000
r 1200 417 121000 101000
d 11000 9000
d 9000 119000
d 23000 83000
r 1600 294 77000 89000
d 71000 71000
d 121000 31000
d 111000 45000
r 1600 121 89000 71000
d 57000 57000
d 37000 81000
d 71000 91000
r 1800 320 117000 69000
d 55000 37000
d 47000 133000
d 129000 51000
r 1400 456 21000 85000
d 137000 17000
d 61000 41000
d 69000 91000
r 1000 288 135000 13000
d 103000 153000
d 127000 67000
d 47000 21000
r 1400 117 27000 155000
d 123000 117000
d 153000 87000
d 95000 121000
r 1800 207 91000 129000
d 83000 89000
d 27000 29000
d 7000 103000
r 1800 271 7000 9000
d 31000 67000
d 53000 49000
d 57000 89000
r 1000 265 155000 1000
d 109000 99000
d 59000 83000
d 123000 43000
r 1600 273 79000 1000
d 81000 77000
d 151000 35000
d 43000 95000
r 1400 383 125000 99000
d 31000 15000
d 45000 63000
d 149000 143000
r 1200 284 9000 53000
d 33000 101000
d 77000 3000
d 105000 137000
r 1600 262 43000 19000
d 11000 135000
d 147000 107000
d 35000 61000
r 1600 257 129000 27000
d 65000 69000
d 83000 51000
d 143000 47000
r 1200 374 33000 63000
d 139000 39000
d 95000 51000
d 147000 129000
r 1000 223 91000 127000
d 15000 93000
d 65000 35000
d 113000 145000
r 1000 405 9000 117000
d 133000 125000
d 117000 19000
d 31000 125000
r 1000 248 5000 95000
d 17000 147000
d 75000 45000
d 91000 33000
r 1400 441 133000 33000
d 85000 91000
d 91000 99000
d 63000 119000
r 1400 423 17000 91000
d 63000 103000
d 3000 83000
d 103000 123000
r 1600 299 9000 29000
d 77000 37000
d 133000 101000
d 71000 157000
r 1800 106 155000 61000
d 61000 61000
d 81000 145000
d 51000 1000
r 1200 432 143000 53000
d 65000 85000
d 9000 113000
d 67000 47000
r 1200 103 113000 77000
d 29000 63000
d 69000 23000
d 35000 137000
r 1400 303 11000 103000
d 13000 137000
d 59000 133000
d 7000 67000
r 1000 168 31000 107000
d 5000 37000
d 75000 15000
d 139000 123000
r 1800 144 43000 13000
d 17000 135000
d 3000 121000
d 9000 97000
r 1000 415 11000 89000
d 77000 5000
d 39000 139000
d 83000 63000
r 1600 295 23000 119000
d 65000 71000
d 105000 121000
d 73000 107000
r 1400 317 51000 53000
d 139000 119000
d 71000 3000
d 129000 25000
r 1600 409 149000 65000
d 151000 147000
d 127000 129000
d 63000 21000
r 1000 161 101000 137000
d 121000 9000
d 97000 15000
d 97000 111000
r 1600 139 35000 129000
d 95000 95000
d 29000 99000
d 93000 93000
r 1600 265 119000 81000
d 55000 153000
d 143000 53000
d 97000 45000
r 1200 322 67000 95000
d 119000 23000
d 147000 137000
d 35000 59000
r 1800 330 141000 119000
d 5000 149000
d 117000 7000
d 63000 131000
r 1000 499 51000 97000
d 93000 155000
d 41000 79000
d 145000 145000
r 1400 319 139000 75000
d 61000 19000
d 23000 7000
d 69000 7000
r 1000 234 1000 151000
d 3000 145000
d 19000 135000
d 95000 143000
r 1600 327 133000 53000
d 47000 51000
d 13000 113000
d 79000 107000
r 1600 260 23000 15000
d 85000 151000
d 147000 51000
d 31000 65000
r 1400 235 83000 127000
d 151000 101000
d 103000 115000
d 83000 17000
r 1600 465 19000 155000
d 35000 69000
d 141000 155000
d 87000 31000
r 1800 203 13000 109000
d 35000 21000
d 23000 45000
d 25000 93000
r 1800 137 51000 61000
d 129000 71000
d 47000 45000
d 17000 149000
r 1800 191 27000 73000
d 107000 113000
d 91000 153000
d 27000 83000
r 1600 480 37000 81000
d 147000 11000
d 87000 45000
d 133000 33000
r 1200 287 111000 135000
d 37000 127000
d 155000 35000
d 63000 35000
r 1400 481 83000 27000
d 29000 147000
d 33000 125000
d 99000 5000
r 1000 404 77000 65000
d 147000 63000
d 65000 131000
d 39000 45000
r 1400 371 75000 3000
d 53000 25000
d 157000 3000
d 113000 129000
r 1200 162 1000 145000
d 129000 37000
d 71000 73000
d 77000 67000
r 1400 319 97000 3000
d 67000 9000
d 117000 33000
d 125000 83000
r 1800 308 147000 1000
d 15000 27000
d 65000 77000
d 9000 75000
r 1400 397 71000 17000
d 5000 5000
d 67000 55000
d 9000 71000
r 1400 498 81000 53000
d 21000 91000
d 127000 33000
d 49000 109000
r 1000 309 41000 155000
d 75000 53000
d 53000 25000
d 39000 77000
r 1000 425 133000 55000
d 85000 5000
d 77000 149000
d 71000 31000
r 1400 107 21000 51000
d 37000 123000
d 15000 57000
d 27000 85000
r 1200 330 43000 115000
d 95000 1000
d 105000 45000
d 121000 95000
r 1400 264 121000 129000
d 155000 99000
d 117000 29000
d 97000 75000
r 1000 406 143000 155000
d 63000 19000
d 137000 57000
d 149000 105000
r 1800 312 25000 107000
d 45000 83000
d 151000 81000
d 17000 55000
r 1800 382 41000 49000
d 135000 77000
d 77000 69000
d 27000 61000
r 1200 426 33000 79000
d 93000 147000
d 81000 15000
d 81000 37000
r 1400 481 129000 45000
d 127000 27000
d 25000 153000
d 27000 133000
r 1400 417 59000 151000
d 5000 81000
d 3000 71000
d 41000 147000
r 1400 467 107000 39000
d 51000 121000
d 59000 97000
d 89000 93000
r 1400 153 147000 67000
d 45000 3000
d 33000 115000
d 9000 147000
r 1200 268 13000 43000
d 95000 105000
d 89000 25000
d 49000 11000
r 1000 434 97000 149000
d 143000 141000
d 89000 79000
d 71000 55000
r 1000 165 123000 117000
d 65000 143000
d 45000 31000
d 105000 97000
r 1600 172 31000 71000
d 33000 55000
d 83000 81000
d 99000 141000
r 1600 469 21000 141000
d 9000 115000
d 111000 31000
d 79000 133000
r 1200 293 1000 49000
d 3000 81000
d 147000 1000
d 41000 109000
r 1000 345 67000 109000
d 111000 57000
d 155000 153000
d 19000 81000
r 1800 453 65000 141000
d 9000 11000
d 103000 137000
d 49000 99000
r 1400 322 21000 93000
d 51000 29000
d 25000 95000
d 75000 123000
r 1000 387 113000 61000
d 85000 93000
d 155000 51000
d 33000 75000
r 1400 479 79000 99000
d 85000 129000
d 33000 45000
d 31000 21000
r 1400 247 153000 11000
d 45000 151000
d 113000 71000
d 113000 123000
r 1400 228 37000 17000
d 19000 83000
d 17000 119000
d 137000 73000
r 1000 475 81000 87000
d 113000 129000
d 3000 47000
d 123000 7000
r 1600 174 61000 109000
d 141000 75000
d 69000 33000
d 39000 29000
r 1800 494 153000 127000
d 35000 1000
d 59000 133000
d 149000 21000
r 1800 356 93000 39000
d 85000 15000
d 109000 131000
d 63000 91000
r 1000 327 75000 145000
d 35000 21000
d 151000 17000
d 29000 3000
r 1200 385 3000 87000
d 111000 1000
d 1000 137000
d 73000 133000
r 1200 277 117000 11000
d 91000 111000
d 91000 31000
d 11000 143000
r 1400 270 31000 79000
d 101000 129000
d 47000 39000
d 45000 37000
r 1800 424 97000 75000
d 147000 51000
d 27000 59000
d 91000 91000
r 1000 426 75000 33000
d 11000 25000
d 37000 67000
d 37000 49000
r 1400 307 81000 137000
d 129000 147000
d 5000 85000
d 89000 137000
r 1000 271 47000 45000
d 45000 35000
d 137000 115000
d 5000 129000
r 1200 396 61000 133000
d 65000 131000
d 87000 111000
d 109000 53000
r 1000 228 11000 123000
d 87000 111000
d 53000 21000
d 119000 11000
r 1200 442 77000 129000
d 11000 135000
d 65000 153000
d 85000 155000
r 1400 276 29000 143000
d 141000 9000
d 135000 121000
d 65000 13000
r 1600 150 17000 111000
d 111000 41000
d 15000 13000
d 117000 119000
r 1800 454 13000 39000
d 155000 27000
d 139000 135000
d 137000 147000
r 1600 292 83000 133000
d 63000 41000
d 17000 99000
d 99000 151000
r 1800 286 73000 93000
d 125000 129000
d 101000 115000
d 1000 31000
r 1800 110 29000 105000
d 141000 61000
d 23000 21000
d 153000 63000
r 1800 214 97000 87000
d 19000 131000
d 115000 13000
d 137000 25000
r 1800 316 91000 91000
d 55000 103000
d 99000 59000
d 141000 111000
r 1400 348 39000 139000
d 17000 37000
d 7000 63000
d 5000 15000
r 1000 408 99000 7000
d 33000 43000
d 141000 139000
d 19000 143000
r 1400 263 11000 127000
d 119000 137000
d 103000 21000
d 127000 15000
r 1000 339 157000 145000
d 49000 141000
d 75000 53000
d 135000 121000
r 1200 298 81000 55000
d 57000 105000
d 121000 39000
d 141000 45000
r 1800 243 31000 57000
d 151000 117000
d 131000 15000
d 61000 137000
r 1800 168 135000 125000
d 43000 105000
d 55000 21000
d 65000 157000
r 1200 246 155000 53000
d 7000 77000
d 89000 71000
d 49000 33000
r 1600 327 157000 27000
d 73000 95000
d 141000 61000
d 31000 89000
r 1600 491 33000 135000
d 37000 99000
d 65000 133000
d 107000 33000
r 1000 235 127000 119000
d 91000 47000
d 139000 7000
d 15000 39000
r 1000 110 31000 101000
d 85000 73000
d 129000 1000
d 145000 135000
r 1200 491 109000 53000
d 21000 13000
d 85000 139000
d 23000 37000
r 1200 392 99000 75000
d 63000 27000
d 47000 89000
d 87000 21000
r 1000 489 81000 121000
d 57000 17000
d 17000 129000
d 111000 29000
r 1600 279 155000 45000
d 73000 145000
d 139000 129000
d 3000 51000
r 1200 399 19000 73000
d 147000 11000
d 55000 7000
d 127000 63000
r 1200 229 41000 111000
d 111000 99000
d 83000 49000
d 137000 9000
r 1800 135 103000 53000
d 1000 127000
d 115000 89000
d 139000 99000
r 1400 478 49000 57000
d 27000 7000
d 87000 65000
d 7000 69000
r 1800 184 135000 121000
d 37000 79000
d 145000 153000
d 49000 87000
r 1600 362 95000 43000
d 27000 47000
d 11000 89000
d 137000 31000
r 1800 309 119000 123000
d 35000 135000
d 17000 93000
d 51000 27000
r 1600 420 5000 77000
d 105000 113000
d 107000 145000
d 49000 29000
r 1400 253 133000 29000
d 9000 1000
d 45000 67000
d 55000 95000
r 1200 358 39000 153000
d 29000 69000
d 155000 99000
d 43000 85000
r 1200 386 69000 33000
d 105000 135000
d 9000 149000
d 17000 135000
r 1200 200 37000 77000
d 39000 3000
d 15000 83000
d 91000 17000
r 1200 485 15000 143000
d 101000 83000
d 87000 85000
d 41000 141000
r 1000 382 115000 95000
d 33000 87000
d 33000 93000
d 145000 99000
r 1400 434 81000 143000
d 47000 1000
d 15000 5000
d 39000 3000
r 1800 391 151000 31000
d 39000 107000
d 109000 51000
d 63000 77000
r 1600 187 45000 81000
d 115000 133000
d 143000 115000
d 17000 77000
r 1000 138 25000 115000
d 85000 109000
d 117000 137000
d 139000 35000
r 1600 218 65000 129000
d 1000 103000
d 145000 127000
d 71000 117000
r 1200 455 21000 157000
d 139000 3000
d 41000 113000
d 83000 109000
r 1000 122 19000 141000
d 13000 29000
d 135000 129000
d 77000 135000
r 1200 412 99000 67000
d 75000 145000
d 49000 41000
d 7000 95000
r 1200 174 35000 33000
d 147000 101000
d 57000 17000
d 63000 63000
r 1600 177 105000 11000
d 27000 25000
d 57000 35000
d 29000 29000
r 1600 460 135000 111000
d 143000 133000
d 23000 117000
d 45000 93000
r 1800 282 31000 45000
d 139000 115000
d 113000 33000
d 19000 121000
r 1400 482 35000 47000
d 45000 77000
d 101000 43000
d 109000 27000
r 1200 470 93000 141000
d 141000 27000
d 69000 3000
d 57000 71000
r 1600 348 139000 25000
d 37000 153000
d 5000 65000
d 93000 157000
r 1000 500 143000 31000
d 147000 123000
d 37000 11000
d 143000 77000
r 1000 213 47000 49000
d 51000 97000
d 55000 101000
d 139000 41000
r 1800 410 29000 101000
d 77000 89000
d 103000 65000
d 147000 67000
r 1200 216 133000 155000
d 19000 87000
d 61000 111000
d 101000 47000
r 1200 119 127000 155000
d 137000 91000
d 47000 41000
d 111000 35000
r 1400 103 131000 15000
d 39000 137000
d 155000 7000
d 97000 147000
r 1800 174 27000 99000
d 89000 115000
d 141000 47000
d 39000 69000
r 1200 428 107000 109000
d 79000 153000
d 151000 111000
d 55000 129000
r 1800 128 33000 121000
d 145000 105000
d 75000 81000
d 7000 133000
r 1400 389 23000 113000
d 55000 83000
d 1000 75000
d 59000 141000
r 1800 104 115000 57000
d 121000 61000
d 17000 101000
d 149000 19000
r 1400 155 55000 101000
d 117000 25000
d 53000 33000
d 101000 113000
r 1200 256 117000 153000
d 113000 115000
d 107000 101000
d 137000 7000
r 1400 435 103000 91000
d 123000 57000
d 107000 27000
d 33000 13000
r 1400 117 73000 101000
d 83000 65000
d 7000 129000
d 137000 91000
r 1400 299 1000 69000
d 63000 61000
d 137000 3000
d 111000 21000
r 1600 358 99000 145000
d 121000 5000
d 101000 3000
d 11000 79000
r 1400 357 13000 71000
d 1000 121000
d 145000 101000
d 153000 105000
r 1800 465 125000 61000
d 19000 155000
d 115000 117000
d 149000 85000
r 1000 151 141000 111000
d 41000 149000
d 113000 105000
d 19000 149000
r 1600 217 121000 17000
d 47000 129000
d 65000 11000
d 7000 143000
r 1200 302 125000 117000
d 115000 145000
d 3000 25000
d 97000 21000
r 1200 442 39000 57000
d 33000 11000
d 115000 145000
d 127000 77000
r 1200 484 19000 117000
d 143000 49000
d 97000 95000
d 115000 107000
r 1400 449 91000 79000
d 49000 25000
d 145000 13000
d 99000 59000
r 1200 430 35000 107000
d 15000 75000
d 65000 47000
d 89000 121000
r 1400 393 83000 99000
d 133000 151000
d 79000 57000
d 47000 27000
r 1000 231 21000 13000
d 27000 21000
d 127000 17000
d 95000 119000
r 1200 281 129000 79000
d 65000 71000
d 113000 59000
d 155000 53000
r 1800 428 147000 95000
d 63000 49000
d 39000 135000
d 25000 75000
r 1200 485 119000 137000
d 149000 1000
d 119000 157000
d 95000 45000
r 1600 253 31000 99000
d 19000 123000
d 133000 117000
d 137000 89000
r 1200 224 89000 137000
d 97000 25000
d 39000 147000
d 103000 47000
r 1600 257 63000 105000
d 81000 139000
d 139000 67000
d 83000 77000
r 1200 252 61000 5000
d 107000 137000
d 145000 45000
d 79000 95000
r 1000 444 69000 133000
d 65000 81000
d 39000 9000
d 5000 117000
r 1600 384 3000 3000
d 37000 127000
d 69000 101000
d 21000 121000
r 1000 446 99000 33000
d 79000 43000
d 147000 115000
d 91000 41000
r 1800 242 145000 111000
d 137000 137000
d 127000 93000
d 77000 123000
r 1400 102 131000 99000
d 93000 33000
d 3000 77000
d 31000 35000
r 1800 365 87000 25000
d 19000 7000
d 101000 127000
d 145000 99000
r 1800 484 41000 11000
d 145000 3000
d 19000 111000
d 151000 69000
r 1400 290 73000 55000
d 25000 51000
d 21000 133000
d 133000 53000
r 1400 297 49000 51000
d 27000 51000
d 149000 143000
d 21000 133000
r 1000 484 91000 111000
d 101000 83000
d 63000 1000
d 75000 113000
r 1600 210 45000 35000
d 37000 57000
d 133000 123000
d 13000 153000
r 1200 322 9000 37000
d 15000 49000
d 137000 33000
d 45000 7000
r 1400 215 43000 33000
d 157000 113000
d 71000 139000
d 13000 145000
r 1000 160 89000 129000
d 75000 155000
d 73000 71000
d 149000 123000
r 1400 147 157000 107000
d 137000 95000
d 147000 43000
d 35000 87000
r 1800 284 47000 129000
d 145000 1000
d 135000 147000
d 11000 63000
r 1200 127 23000 81000
d 17000 135000
d 111000 5000
d 83000 63000
r 1400 230 75000 93000
d 3000 69000
d 23000 107000
d 9000 133000
r 1600 277 35000 7000
d 89000 113000
d 35000 47000
d 33000 85000
r 1800 227 65000 91000
d 135000 35000
d 69000 15000
d 135000 115000
r 1600 172 157000 147000
d 157000 35000
d 19000 109000
d 87000 15000
r 1800 426 113000 57000
d 157000 153000
d 155000 91000
d 67000 57000
r 1600 172 47000 19000
d 117000 133000
d 63000 33000
d 19000 63000
r 1800 169 135000 61000
d 15000 73000
d 157000 91000
d 67000 117000
r 1000 198 11000 19000
d 157000 123000
d 149000 143000
d 19000 115000
r 1000 390 59000 157000
d 73000 131000
d 71000 89000
d 51000 115000
r 1800 179 105000 43000
d 17000 87000
d 151000 23000
d 101000 53000
r 1400 500 27000 67000
d 89000 137000
d 29000 67000
d 45000 75000
r 1800 296 47000 3000
d 45000 27000
d 89000 81000
d 79000 149000
r 1600 391 125000 157000
d 23000 151000
d 139000 55000
d 65000 17000
r 1600 315 93000 43000
d 83000 79000
d 127000 75000
d 69000 151000
r 1000 481 1000 121000
d 37000 43000
d 33000 129000
d 81000 67000
r 1400 454 53000 155000
d 49000 71000
d 35000 103000
d 21000 93000
r 1400 498 13000 95000
d 65000 27000
d 93000 63000
d 119000 89000
r 1000 169 105000 91000
d 125000 155000
d 49000 25000
d 73000 43000
r 1200 477 43000 3000
d 103000 49000
d 27000 75000
d 131000 139000
r 1000 371 35000 21000
d 47000 5000
d 35000 99000
d 113000 31000
r 1600 317 61000 43000
d 59000 133000
d 151000 127000
d 107000 127000
r 1400 483 105000 17000
d 15000 73000
d 11000 93000
d 123000 133000
r 1000 436 51000 47000
d 141000 145000
d 121000 115000
d 29000 117000
r 1200 479 83000 137000
d 41000 137000
d 15000 53000
d 93000 155000
r 1000 186 87000 57000
d 57000 155000
d 121000 117000
d 77000 3000
r 1200 270 51000 99000
d 59000 153000
d 17000 89000
d 85000 75000
r 1600 312 123000 31000
d 27000 99000
d 53000 133000
d 19000 141000
r 1400 216 39000 39000
d 75000 129000
d 109000 71000
d 83000 89000
r 1200 167 87000 129000
d 87000 153000
d 123000 69000
d 115000 39000
r 1400 241 73000 117000
d 19000 153000
d 83000 93000
d 123000 125000
r 1600 108 51000 101000
d 145000 77000
d 71000 63000
d 123000 95000
r 1400 218 27000 103000
d 79000 55000
d 87000 5000
d 95000 9000
r 1000 500 95000 31000
d 77000 13000
d 35000 143000
d 99000 153000
r 1600 310 41000 85000
d 65000 59000
d 125000 155000
d 29000 99000
r 1400 424 91000 117000
d 53000 29000
d 129000 151000
d 89000 11000
r 1800 175 51000 127000
d 85000 81000
d 157000 9000
d 9000 153000
r 1000 448 147000 57000
d 103000 49000
d 43000 157000
d 117000 91000
r 1600 200 17000 19000
d 79000 139000
d 69000 63000
d 3000 133000
r 1400 131 65000 121000
d 63000 133000
d 129000 1000
d 7000 29000
r 1200 178 111000 29000
d 53000 145000
d 73000 89000
d 103000 69000
r 1000 373 3000 31000
d 119000 21000
d 139000 71000
d 95000 35000
r 1400 288 147000 39000
d 129000 77000
d 149000 109000
d 149000 1000
r 1600 445 93000 135000
d 35000 123000
d 91000 87000
d 103000 131000
r 1600 170 97000 63000
d 141000 103000
d 81000 87000
d 133000 121000
r 1400 180 89000 127000
d 79000 133000
d 123000 13000
d 139000 107000
r 1800 202 107000 121000
d 47000 139000
d 21000 45000
d 129000 43000
r 1400 481 113000 147000
d 117000 65000
d 47000 121000
d 97000 145000
r 1000 252 3000 35000
d 11000 95000
d 133000 87000
d 65000 53000
r 1800 345 11000 135000
d 143000 73000
d 39000 59000
d 37000 123000
r 1200 414 79000 71000
d 25000 101000
d 53000 19000
d 135000 43000
r 1000 267 129000 139000
d 73000 95000
d 59000 43000
d 107000 21000
r 1600 278 83000 151000
d 33000 7000
d 33000 57000
d 129000 51000
r 1200 336 45000 5000
d 57000 47000
d 45000 49000
d 117000 151000
r 1600 473 105000 97000
d 73000 105000
d 45000 87000
d 107000 77000
r 1600 304 129000 71000
d 107000 27000
d 115000 95000
d 123000 7000
r 1400 159 81000 115000
d 19000 143000
d 101000 97000
d 59000 149000
r 1200 230 3000 27000
d 37000 19000
d 51000 49000
d 131000 47000
r 1200 421 105000 113000
d 149000 139000
d 63000 47000
d 35000 141000
r 1400 124 135000 49000
d 13000 53000
d 83000 23000
d 31000 65000
r 1600 251 23000 135000
d 5000 125000
d 59000 11000
d 3000 17000
r 1200 371 51000 153000
d 155000 79000
d 87000 29000
d 65000 23000
r 1000 499 37000 29000
d 135000 77000
d 15000 137000
d 127000 91000
r 1200 276 35000 13000
d 37000 143000
d 123000 33000
d 111000 23000
r 1800 495 117000 5000
d 19000 101000
d 59000 139000
d 99000 77000
r 1000 499 69000 87000
d 141000 53000
d 147000 123000
d 69000 75000
r 1000 355 131000 157000
d 7000 47000
d 63000 69000
d 71000 87000
r 1400 156 155000 35000
d 33000 105000
d 89000 123000
d 85000 67000
r 1000 126 143000 9000
d 125000 85000
d 47000 99000
d 53000 99000
r 1200 388 11000 35000
d 57000 91000
d 101000 65000
d 105000 71000
r 1200 412 149000 95000
d 21000 85000
d 83000 41000
d 133000 5000
r 1600 462 141000 47000
d 49000 27000
d 85000 21000
d 119000 3000
r 1600 472 121000 157000
d 145000 69000
d 135000 29000
d 97000 19000
r 1800 283 119000 3000
d 49000 157000
d 97000 51000
d 95000 53000
r 1800 137 85000 41000
d 15000 67000
d 19000 151000
d 149000 133000
r 1400 410 77000 19000
d 57000 65000
d 19000 53000
d 115000 27000
r 1400 492 127000 93000
d 133000 63000
d 63000 49000
d 117000 113000
r 1800 109 115000 137000
d 77000 61000
d 157000 95000
d 93000 61000
r 1200 306 1000 89000
d 57000 83000
d 109000 105000
d 57000 155000
r 1000 320 41000 37000
d 133000 21000
d 137000 97000
d 11000 141000
r 1400 294 13000 27000
d 139000 69000
d 11000 83000
d 65000 49000
