g 60 60 2000
r 1200 454 29000 41000
d 39000 87000
d 103000 57000
d 85000 37000
r 1800 404 19000 43000
d 41000 101000
d 111000 25000
d 53000 35000
r 1800 243 43000 31000
d 57000 85000
d 113000 107000
d 57000 97000
r 1200 130 99000 5000
d 83000 5000
d 81000 81000
d 37000 33000
r 1600 331 77000 115000
d 103000 103000
d 33000 43000
d 99000 71000
r 1000 118 93000 35000
d 7000 13000
d 37000 87000
d 105000 111000
r 1200 284 49000 105000
d 37000 63000
d 19000 77000
d 77000 29000
r 1400 179 15000 43000
d 11000 103000
d 105000 25000
d 17000 83000
r 1000 430 13000 15000
d 113000 111000
d 89000 95000
d 111000 93000
r 1800 478 31000 33000
d 47000 73000
d 97000 93000
d 73000 33000
r 1800 465 113000 71000
d 37000 105000
d 57000 3000
d 31000 41000
r 1600 350 23000 55000
d 73000 19000
d 31000 25000
d 77000 37000
r 1400 425 3000 117000
d 83000 95000
d 65000 67000
d 73000 71000
r 1800 200 99000 45000
d 101000 49000
d 11000 69000
d 71000 67000
r 1200 118 41000 61000
d 73000 11000
d 55000 113000
d 57000 55000
r 1400 458 59000 19000
d 29000 73000
d 73000 17000
d 45000 73000
r 1400 451 45000 81000
d 103000 85000
d 115000 113000
d 103000 87000
r 1200 128 59000 53000
d 115000 7000
d 63000 107000
d 41000 49000
r 1200 425 29000 1000
d 77000 13000
d 77000 73000
d 51000 37000
r 1200 343 37000 27000
d 53000 109000
d 13000 89000
d 113000 23000
r 1200 321 17000 51000
d 19000 19000
d 45000 21000
d 25000 29000
r 1600 443 77000 93000
d 85000 49000
d 71000 59000
d 19000 53000
r 1400 390 59000 29000
d 49000 27000
d 29000 111000
d 31000 69000
r 1000 319 79000 89000
d 103000 27000
d 9000 87000
d 3000 25000
r 1800 371 59000 81000
d 51000 43000
d 81000 15000
d 19000 111000
r 1000 386 85000 113000
d 103000 81000
d 61000 39000
d 109000 117000
r 1000 133 115000 11000
d 47000 81000
d 115000 35000
d 67000 71000
r 1000 242 69000 57000
d 111000 115000
d 19000 61000
d 33000 49000
r 1200 392 43000 27000
d 95000 81000
d 15000 35000
d 97000 37000
r 1200 366 51000 53000
d 101000 23000
d 77000 101000
d 83000 101000
r 1600 453 99000 81000
d 55000 79000
d 95000 117000
d 61000 93000
r 1000 203 11000 53000
d 83000 71000
d 33000 81000
d 105000 35000
r 1000 425 79000 33000
d 87000 5000
d 21000 69000
d 37000 27000
r 1200 322 101000 75000
d 113000 71000
d 113000 19000
d 13000 113000
r 1400 312 87000 29000
d 77000 13000
d 93000 1000
d 33000 111000
r 1800 179 1000 11000
d 81000 31000
d 17000 63000
d 35000 73000
r 1800 404 47000 37000
d 25000 81000
d 111000 53000
d 9000 67000
r 1400 359 7000 39000
d 35000 43000
d 7000 115000
d 35000 59000
r 1200 343 21000 65000
d 57000 103000
d 117000 15000
d 55000 27000
r 1800 331 39000 15000
d 107000 51000
d 39000 29000
d 17000 1000
r 1000 205 45000 113000
d 5000 117000
d 89000 71000
d 69000 67000
r 1400 274 79000 25000
d 9000 83000
d 91000 27000
d 41000 13000
r 1600 229 17000 93000
d 57000 87000
d 31000 63000
d 23000 39000
r 1400 225 97000 29000
d 97000 83000
d 107000 1000
d 53000 83000
r 1800 457 55000 63000
d 59000 55000
d 15000 45000
d 75000 57000
r 1400 494 11000 43000
d 31000 73000
d 63000 117000
d 85000 73000
r 1600 231 89000 85000
d 13000 79000
d 3000 43000
d 107000 55000
r 1200 425 105000 37000
d 43000 23000
d 39000 41000
d 79000 83000
r 1800 301 29000 51000
d 83000 23000
d 91000 75000
d 31000 3000
r 1600 279 47000 87000
d 89000 109000
d 81000 27000
d 13000 109000
r 1800 223 57000 93000
d 9000 117000
d 29000 71000
d 1000 115000
r 1000 445 81000 81000
d 99000 75000
d 109000 41000
d 7000 111000
r 1600 188 23000 117000
d 63000 45000
d 97000 73000
d 49000 79000
r 1800 207 99000 7000
d 9000 81000
d 13000 87000
d 49000 3000
r 1200 276 63000 19000
d 71000 83000
d 103000 9000
d 115000 39000
r 1400 144 89000 91000
d 65000 45000
d 27000 83000
d 57000 111000
r 1000 448 95000 109000
d 79000 103000
d 21000 109000
d 35000 53000
r 1200 427 87000 27000
d 87000 31000
d 87000 97000
d 31000 97000
r 1200 284 49000 73000
d 101000 55000
d 117000 37000
d 85000 69000
r 1600 113 45000 53000
d 27000 71000
d 29000 81000
d 67000 3000
r 1800 162 93000 85000
d 25000 29000
d 73000 109000
d 47000 71000
r 1600 352 97000 83000
d 73000 25000
d 41000 113000
d 85000 55000
r 1600 337 109000 3000
d 35000 55000
d 97000 41000
d 61000 107000
r 1200 156 91000 31000
d 5000 23000
d 53000 35000
d 65000 11000
r 1800 262 1000 103000
d 99000 103000
d 35000 37000
d 117000 29000
r 1400 181 43000 59000
d 9000 61000
d 105000 45000
d 35000 81000
r 1200 211 45000 79000
d 13000 31000
d 79000 31000
d 59000 19000
r 1600 318 59000 15000
d 93000 81000
d 25000 65000
d 55000 73000
r 1000 493 31000 101000
d 89000 25000
d 45000 51000
d 67000 117000
r 1000 214 15000 113000
d 61000 53000
d 105000 11000
d 95000 31000
r 1200 399 89000 23000
d 85000 71000
d 61000 99000
d 77000 55000
r 1600 201 31000 29000
d 43000 99000
d 95000 65000
d 61000 33000
r 1800 378 91000 105000
d 23000 63000
d 25000 19000
d 51000 73000
r 1000 420 37000 63000
d 59000 51000
d 59000 71000
d 73000 9000
r 1000 183 55000 83000
d 99000 41000
d 99000 51000
d 51000 21000
r 1000 115 3000 23000
d 41000 91000
d 85000 103000
d 35000 63000
r 1400 196 111000 23000
d 97000 11000
d 93000 17000
d 111000 117000
r 1200 294 45000 117000
d 9000 55000
d 87000 57000
d 31000 13000
r 1600 448 115000 31000
d 75000 39000
d 99000 85000
d 87000 105000
r 1000 301 35000 79000
d 19000 105000
d 79000 99000
d 13000 13000
r 1600 182 85000 41000
d 15000 113000
d 35000 103000
d 71000 111000
r 1800 269 87000 105000
d 63000 99000
d 23000 19000
d 3000 15000
r 1800 356 111000 105000
d 61000 9000
d 111000 97000
d 7000 93000
r 1000 492 69000 61000
d 23000 45000
d 77000 25000
d 3000 45000
r 1600 298 13000 117000
d 105000 77000
d 71000 47000
d 13000 83000
r 1400 441 83000 109000
d 5000 55000
d 55000 27000
d 65000 97000
r 1800 285 11000 29000
d 77000 23000
d 41000 99000
d 77000 3000
r 1200 218 37000 13000
d 37000 45000
d 113000 79000
d 85000 77000
r 1800 235 101000 79000
d 45000 11000
d 81000 67000
d 29000 45000
r 1800 262 117000 5000
d 77000 15000
d 11000 79000
d 39000 29000
r 1400 437 35000 73000
d 31000 113000
d 101000 39000
d 15000 79000
r 1000 385 47000 61000
d 17000 103000
d 33000 75000
d 99000 21000
r 1200 233 75000 1000
d 57000 59000
d 69000 113000
d 67000 83000
r 1600 347 65000 95000
d 65000 53000
d 79000 77000
d 101000 61000
r 1200 235 81000 95000
d 81000 21000
d 91000 11000
d 29000 97000
r 1000 307 111000 79000
d 75000 115000
d 19000 93000
d 99000 21000
r 1400 352 117000 53000
d 57000 3000
d 55000 109000
d 59000 101000
r 1600 408 27000 81000
d 75000 13000
d 85000 83000
d 79000 61000
r 1200 225 33000 93000
d 83000 39000
d 115000 101000
d 3000 11000
r 1200 254 99000 103000
d 99000 87000
d 69000 13000
d 27000 107000
r 1000 250 49000 117000
d 29000 41000
d 27000 73000
d 31000 113000
r 1200 174 93000 105000
d 5000 27000
d 45000 11000
d 45000 25000
r 1000 352 41000 35000
d 25000 5000
d 65000 111000
d 57000 73000
r 1000 244 91000 11000
d 71000 105000
d 49000 27000
d 109000 33000
r 1600 423 77000 109000
d 113000 27000
d 113000 41000
d 99000 15000
r 1600 483 59000 105000
d 63000 47000
d 73000 87000
d 115000 65000
r 1600 282 25000 83000
d 29000 81000
d 47000 57000
d 55000 85000
r 1400 411 93000 37000
d 101000 87000
d 113000 13000
d 31000 55000
r 1400 485 73000 31000
d 111000 57000
d 77000 79000
d 61000 115000
r 1600 306 9000 27000
d 33000 89000
d 101000 1000
d 93000 41000
r 1600 117 115000 17000
d 117000 73000
d 85000 5000
d 79000 35000
r 1600 397 27000 37000
d 79000 41000
d 23000 59000
d 59000 47000
r 1800 456 81000 101000
d 97000 71000
d 117000 99000
d 49000 83000
r 1000 155 107000 41000
d 13000 23000
d 93000 3000
d 39000 27000
r 1800 268 69000 75000
d 49000 7000
d 109000 117000
d 81000 61000
r 1400 374 19000 67000
d 25000 93000
d 39000 113000
d 97000 77000
r 1400 197 113000 15000
d 15000 69000
d 111000 9000
d 45000 33000
r 1000 473 101000 77000
d 77000 17000
d 67000 47000
d 83000 101000
r 1200 348 111000 5000
d 23000 109000
d 89000 99000
d 93000 99000
r 1600 193 21000 31000
d 13000 59000
d 67000 15000
d 115000 19000
r 1800 188 91000 115000
d 75000 113000
d 13000 105000
d 13000 45000
r 1200 494 77000 101000
d 29000 41000
d 11000 31000
d 55000 57000
r 1400 254 25000 101000
d 101000 49000
d 19000 63000
d 65000 79000
r 1400 347 107000 7000
d 11000 29000
d 109000 57000
d 17000 37000
r 1600 375 83000 69000
d 71000 103000
d 49000 7000
d 107000 117000
r 1600 231 11000 33000
d 85000 7000
d 49000 1000
d 95000 89000
r 1400 339 37000 111000
d 67000 95000
d 29000 107000
d 35000 17000
r 1400 256 39000 7000
d 79000 75000
d 93000 49000
d 77000 31000
r 1000 491 35000 71000
d 7000 3000
d 101000 33000
d 117000 69000
r 1200 100 83000 53000
d 39000 91000
d 5000 9000
d 11000 107000
r 1200 308 75000 35000
d 111000 107000
d 55000 23000
d 69000 107000
r 1000 368 11000 35000
d 15000 67000
d 109000 43000
d 11000 11000
r 1800 451 9000 39000
d 1000 111000
d 29000 11000
d 89000 11000
r 1600 333 7000 107000
d 101000 9000
d 65000 39000
d 25000 99000
r 1200 480 81000 9000
d 31000 111000
d 61000 105000
d 77000 103000
r 1600 213 43000 15000
d 81000 57000
d 3000 75000
d 51000 101000
r 1800 497 97000 59000
d 7000 59000
d 3000 65000
d 43000 25000
r 1000 376 3000 103000
d 9000 97000
d 17000 115000
d 83000 81000
r 1200 323 73000 81000
d 63000 103000
d 55000 7000
d 39000 115000
r 1400 352 27000 91000
d 53000 65000
d 33000 15000
d 87000 85000
r 1200 482 19000 11000
d 85000 77000
d 65000 97000
d 13000 61000
r 1400 127 41000 7000
d 27000 57000
d 21000 81000
d 113000 59000
r 1000 468 109000 89000
d 11000 89000
d 67000 71000
d 7000 77000
r 1600 116 99000 77000
d 27000 101000
d 107000 91000
d 21000 5000
r 1000 465 35000 59000
d 37000 3000
d 27000 93000
d 15000 103000
r 1400 432 109000 79000
d 37000 15000
d 115000 29000
d 19000 107000
r 1600 211 1000 71000
d 99000 83000
d 93000 15000
d 73000 81000
r 1000 496 83000 43000
d 117000 99000
d 93000 75000
d 3000 37000
r 1000 180 85000 7000
d 27000 13000
d 111000 55000
d 49000 93000
r 1800 307 69000 39000
d 83000 47000
d 115000 99000
d 113000 19000
r 1800 286 87000 35000
d 71000 59000
d 89000 51000
d 87000 33000
r 1800 167 67000 25000
d 97000 105000
d 83000 75000
d 67000 111000
r 1200 492 39000 43000
d 23000 93000
d 65000 39000
d 29000 17000
r 1200 167 49000 97000
d 105000 103000
d 73000 51000
d 81000 93000
r 1200 213 9000 93000
d 117000 73000
d 49000 75000
d 111000 63000
r 1200 491 55000 105000
d 113000 49000
d 49000 19000
d 19000 67000
r 1600 143 39000 33000
d 61000 43000
d 19000 13000
d 89000 57000
r 1800 286 49000 109000
d 97000 71000
d 15000 73000
d 91000 21000
r 1600 471 73000 19000
d 89000 75000
d 97000 89000
d 91000 5000
r 1400 478 79000 99000
d 83000 89000
d 109000 97000
d 43000 101000
r 1600 346 103000 47000
d 29000 59000
d 55000 29000
d 21000 93000
r 1400 278 101000 1000
d 85000 117000
d 85000 35000
d 43000 89000
r 1200 391 35000 5000
d 89000 103000
d 109000 93000
d 69000 107000
r 1800 465 51000 95000
d 89000 105000
d 117000 97000
d 97000 39000
r 1600 245 61000 17000
d 31000 47000
d 7000 111000
d 115000 27000
r 1800 365 35000 109000
d 73000 67000
d 65000 107000
d 5000 87000
r 1600 291 59000 85000
d 83000 23000
d 37000 75000
d 77000 65000
r 1400 143 105000 25000
d 65000 33000
d 47000 103000
d 83000 29000
r 1400 365 35000 107000
d 41000 55000
d 39000 95000
d 113000 19000
r 1400 343 3000 67000
d 71000 37000
d 57000 17000
d 73000 9000
r 1200 183 1000 117000
d 7000 15000
d 71000 99000
d 19000 85000
r 1000 394 75000 57000
d 45000 73000
d 9000 33000
d 81000 95000
r 1600 131 97000 103000
d 39000 41000
d 39000 29000
d 113000 49000
r 1200 480 71000 71000
d 15000 27000
d 3000 67000
d 25000 107000
r 1200 143 73000 65000
d 53000 3000
d 117000 33000
d 67000 55000
r 1400 420 63000 15000
d 47000 107000
d 11000 115000
d 31000 15000
r 1400 453 31000 51000
d 79000 83000
d 75000 117000
d 81000 29000
r 1200 452 103000 41000
d 29000 89000
d 3000 89000
d 65000 113000
r 1400 257 69000 89000
d 69000 13000
d 77000 101000
d 101000 17000
r 1600 280 67000 29000
d 93000 33000
d 49000 19000
d 117000 59000
r 1600 122 51000 5000
d 17000 61000
d 95000 71000
d 13000 45000
r 1800 363 1000 51000
d 117000 81000
d 65000 73000
d 35000 93000
r 1200 186 21000 77000
d 51000 65000
d 41000 29000
d 5000 93000
r 1400 406 85000 59000
d 89000 7000
d 67000 117000
d 17000 83000
r 1600 495 81000 7000
d 57000 91000
d 71000 101000
d 67000 19000
r 1800 374 91000 71000
d 11000 37000
d 15000 85000
d 97000 69000
r 1400 350 13000 39000
d 39000 27000
d 109000 31000
d 51000 37000
r 1200 376 105000 113000
d 75000 113000
d 65000 29000
d 63000 95000
r 1000 439 83000 73000
d 81000 67000
d 51000 75000
d 27000 87000
r 1600 277 61000 113000
d 45000 43000
d 95000 63000
d 51000 7000
r 1400 484 31000 99000
d 111000 51000
d 43000 73000
d 47000 49000
r 1800 380 11000 7000
d 79000 115000
d 61000 55000
d 61000 59000
r 1200 457 101000 17000
d 41000 45000
d 55000 93000
d 117000 97000
r 1000 252 49000 77000
d 65000 25000
d 71000 1000
d 43000 23000
r 1000 118 15000 71000
d 115000 29000
d 43000 13000
d 101000 113000
r 1000 145 53000 61000
d 97000 63000
d 47000 111000
d 79000 43000
r 1000 272 99000 89000
d 51000 11000
d 109000 61000
d 115000 15000
r 1200 127 21000 105000
d 83000 111000
d 73000 95000
d 35000 79000
r 1600 161 11000 69000
d 45000 57000
d 33000 101000
d 59000 41000
r 1400 500 11000 47000
d 99000 27000
d 19000 55000
d 25000 59000
r 1000 439 21000 63000
d 59000 71000
d 49000 93000
d 105000 81000
r 1400 178 93000 47000
d 5000 85000
d 117000 109000
d 15000 1000
r 1800 453 25000 113000
d 77000 7000
d 73000 1000
d 91000 101000
r 1200 167 117000 75000
d 41000 25000
d 23000 67000
d 59000 101000
r 1800 163 61000 47000
d 1000 91000
d 77000 87000
d 7000 31000
r 1800 225 41000 33000
d 51000 65000
d 65000 17000
d 9000 113000
r 1600 223 87000 7000
d 117000 109000
d 99000 63000
d 77000 65000
r 1000 415 93000 45000
d 65000 89000
d 5000 15000
d 53000 19000
r 1000 295 41000 109000
d 67000 99000
d 65000 19000
d 7000 109000
r 1200 408 3000 9000
d 113000 103000
d 73000 77000
d 1000 111000
r 1200 473 105000 9000
d 9000 83000
d 25000 11000
d 49000 65000
r 1400 184 91000 93000
d 7000 19000
d 19000 47000
d 19000 43000
r 1200 469 19000 45000
d 95000 103000
d 11000 41000
d 35000 87000
r 1400 291 67000 41000
d 75000 99000
d 5000 101000
d 19000 3000
r 1200 101 71000 83000
d 77000 67000
d 97000 15000
d 57000 37000
r 1200 246 117000 19000
d 75000 13000
d 59000 45000
d 5000 53000
r 1200 255 29000 5000
d 61000 49000
d 111000 65000
d 71000 65000
r 1000 318 51000 43000
d 73000 97000
d 11000 71000
d 105000 3000
r 1000 219 47000 13000
d 7000 47000
d 23000 95000
d 49000 99000
r 1000 158 11000 79000
d 9000 89000
d 23000 29000
d 47000 81000
r 1600 271 21000 45000
d 33000 1000
d 9000 63000
d 69000 85000
r 1200 278 95000 9000
d 7000 51000
d 75000 49000
d 57000 5000
r 1800 283 25000 107000
d 99000 25000
d 55000 55000
d 41000 67000
r 1200 443 21000 9000
d 27000 103000
d 67000 93000
d 101000 95000
r 1400 482 7000 31000
d 93000 13000
d 101000 75000
d 65000 75000
r 1200 137 9000 55000
d 41000 27000
d 11000 1000
d 93000 85000
r 1800 285 107000 27000
d 9000 1000
d 13000 27000
d 95000 89000
r 1000 498 39000 99000
d 99000 71000
d 107000 85000
d 61000 113000
r 1600 166 33000 5000
d 77000 87000
d 89000 79000
d 61000 69000
r 1200 496 91000 67000
d 61000 47000
d 15000 111000
d 117000 49000
r 1800 101 105000 27000
d 61000 7000
d 79000 41000
d 79000 97000
r 1800 263 61000 67000
d 25000 3000
d 47000 41000
d 65000 97000
r 1400 417 69000 73000
d 75000 59000
d 25000 5000
d 113000 77000
r 1000 469 89000 43000
d 85000 83000
d 35000 59000
d 105000 57000
r 1200 384 59000 79000
d 67000 117000
d 19000 33000
d 95000 83000
r 1000 299 37000 3000
d 49000 81000
d 29000 13000
d 75000 47000
r 1000 465 57000 13000
d 55000 25000
d 107000 13000
d 35000 19000
r 1000 267 79000 109000
d 79000 95000
d 115000 99000
d 91000 21000
r 1400 191 67000 49000
d 57000 101000
d 51000 69000
d 45000 79000
r 1000 193 107000 37000
d 9000 75000
d 47000 51000
d 103000 47000
r 1400 210 63000 21000
d 71000 61000
d 23000 81000
d 49000 97000
r 1800 426 41000 69000
d 13000 51000
d 87000 69000
d 75000 51000
r 1400 170 87000 25000
d 67000 13000
d 95000 87000
d 5000 21000
r 1200 123 65000 57000
d 29000 111000
d 85000 85000
d 93000 77000
r 1000 405 85000 21000
d 93000 15000
d 47000 69000
d 97000 53000
r 1200 412 105000 23000
d 117000 9000
d 101000 43000
d 87000 83000
r 1000 152 79000 105000
d 17000 3000
d 77000 9000
d 55000 97000
r 1800 113 79000 69000
d 59000 113000
d 27000 15000
d 93000 95000
r 1000 155 17000 33000
d 31000 111000
d 101000 9000
d 43000 67000
r 1000 356 65000 45000
d 69000 93000
d 9000 25000
d 59000 115000
r 1400 168 3000 87000
d 13000 35000
d 45000 41000
d 85000 49000
r 1000 138 51000 3000
d 99000 23000
d 7000 61000
d 37000 115000
