g 30 30 2000
r 1200 306 9000 51000
d 39000 49000
d 19000 57000
d 47000 51000
r 1600 460 11000 5000
d 9000 43000
d 19000 43000
d 3000 49000
r 1000 144 15000 57000
d 55000 51000
d 37000 19000
d 33000 15000
r 1000 340 45000 7000
d 29000 33000
d 25000 19000
d 37000 19000
r 1600 219 31000 53000
d 1000 3000
d 41000 39000
d 11000 39000
r 1400 299 37000 33000
d 49000 15000
d 53000 9000
d 31000 29000
r 1000 289 57000 9000
d 33000 5000
d 19000 43000
d 13000 21000
r 1200 486 13000 21000
d 51000 57000
d 53000 35000
d 47000 41000
r 1000 128 23000 1000
d 19000 33000
d 19000 39000
d 41000 27000
r 1000 215 9000 9000
d 45000 17000
d 17000 51000
d 53000 9000
r 1800 298 25000 39000
d 11000 31000
d 57000 13000
d 37000 29000
r 1000 473 35000 11000
d 41000 11000
d 21000 13000
d 49000 13000
r 1600 322 17000 33000
d 23000 31000
d 33000 41000
d 3000 3000
r 1000 454 11000 49000
d 35000 17000
d 39000 55000
d 29000 35000
r 1200 238 21000 23000
d 13000 5000
d 21000 53000
d 1000 9000
r 1600 419 49000 31000
d 13000 35000
d 35000 37000
d 53000 33000
r 1200 323 51000 21000
d 41000 53000
d 21000 37000
d 35000 57000
r 1600 262 49000 55000
d 29000 19000
d 39000 25000
d 1000 41000
r 1800 168 57000 15000
d 11000 55000
d 53000 49000
d 47000 9000
r 1000 389 57000 45000
d 37000 27000
d 9000 13000
d 27000 35000
r 1000 298 31000 5000
d 47000 19000
d 39000 9000
d 27000 47000
r 1400 162 11000 11000
d 55000 25000
d 41000 11000
d 9000 21000
r 1000 453 39000 31000
d 15000 5000
d 11000 13000
d 37000 45000
r 1000 257 9000 15000
d 19000 35000
d 35000 25000
d 53000 35000
r 1600 173 17000 17000
d 43000 39000
d 21000 15000
d 53000 49000
r 1600 142 51000 9000
d 5000 33000
d 49000 3000
d 5000 29000
r 1400 288 23000 45000
d 3000 17000
d 57000 5000
d 57000 37000
r 1400 297 23000 13000
d 41000 21000
d 57000 45000
d 31000 25000
r 1800 101 29000 23000
d 43000 51000
d 11000 47000
d 1000 35000
r 1800 340 25000 13000
d 17000 9000
d 51000 45000
d 3000 43000
r 1800 478 3000 15000
d 39000 21000
d 33000 41000
d 45000 43000
r 1600 195 33000 29000
d 3000 23000
d 35000 53000
d 55000 49000
r 1400 295 25000 29000
d 31000 25000
d 19000 39000
d 31000 55000
r 1800 383 5000 41000
d 49000 1000
d 27000 39000
d 13000 7000
r 1600 178 27000 19000
d 27000 33000
d 5000 23000
d 3000 57000
r 1200 431 47000 9000
d 43000 15000
d 1000 25000
d 25000 43000
r 1800 450 17000 31000
d 39000 3000
d 47000 27000
d 9000 19000
r 1200 417 57000 17000
d 55000 49000
d 35000 35000
d 3000 43000
r 1600 294 29000 13000
d 37000 7000
d 27000 51000
d 1000 47000
r 1600 121 31000 39000
d 1000 23000
d 1000 9000
d 29000 31000
r 1800 320 23000 37000
d 11000 31000
d 43000 11000
d 1000 19000
r 1400 456 43000 17000
d 5000 7000
d 7000 57000
d 23000 5000
r 1000 288 3000 31000
d 37000 15000
d 23000 25000
d 27000 1000
r 1400 117 3000 55000
d 53000 45000
d 9000 55000
d 55000 25000
r 1800 207 49000 3000
d 29000 43000
d 7000 11000
d 51000 13000
