g 20 20 2000
r 1200 306 21000 29000
d 25000 15000
d 11000 15000
d 13000 15000
r 1600 460 7000 25000
d 19000 11000
d 23000 25000
d 23000 9000
r 1000 144 5000 5000
d 19000 11000
d 13000 7000
d 37000 7000
r 1000 340 15000 3000
d 19000 29000
d 29000 1000
d 31000 11000
r 1600 219 23000 19000
d 21000 23000
d 27000 37000
d 37000 7000
r 1400 299 1000 21000
d 31000 35000
d 5000 21000
d 1000 11000
r 1000 289 3000 21000
d 15000 21000
d 5000 21000
d 13000 13000
r 1200 486 7000 31000
d 17000 3000
d 29000 5000
d 9000 37000
r 1000 128 31000 19000
d 21000 7000
d 23000 25000
d 17000 11000
r 1000 215 3000 31000
d 29000 9000
d 37000 27000
d 21000 35000
r 1800 298 29000 21000
d 25000 19000
d 29000 17000
d 15000 15000
r 1000 473 17000 29000
d 15000 33000
d 11000 29000
d 25000 13000
r 1600 322 21000 35000
d 17000 33000
d 1000 35000
d 13000 1000
r 1000 454 37000 1000
d 35000 13000
d 3000 21000
d 15000 33000
r 1200 238 19000 15000
d 15000 27000
d 15000 23000
d 29000 11000
r 1600 419 3000 29000
d 11000 11000
d 27000 21000
d 13000 11000
r 1200 323 37000 5000
d 35000 33000
d 9000 29000
d 27000 15000
r 1600 262 23000 21000
d 3000 27000
d 25000 9000
d 33000 1000
r 1800 168 35000 37000
d 3000 29000
d 31000 11000
d 17000 29000
r 1000 389 19000 25000
d 23000 29000
d 15000 11000
d 21000 19000
r 1000 298 1000 1000
d 25000 17000
d 9000 1000
d 3000 3000
r 1400 162 33000 1000
d 3000 17000
d 11000 9000
d 15000 17000
r 1000 453 15000 37000
d 27000 31000
d 27000 1000
d 29000 13000
r 1000 257 13000 31000
d 11000 11000
d 11000 35000
d 25000 17000
r 1600 173 19000 17000
d 15000 37000
d 17000 17000
d 29000 5000
r 1600 142 9000 1000
d 19000 27000
d 11000 23000
d 25000 25000
r 1400 288 31000 7000
d 33000 15000
d 33000 21000
d 9000 3000
r 1400 297 17000 15000
d 17000 17000
d 31000 27000
d 7000 11000
r 1800 101 31000 1000
d 31000 33000
d 21000 7000
d 1000 35000
r 1800 340 17000 11000
d 11000 35000
d 17000 1000
d 19000 1000
r 1800 478 13000 25000
d 15000 11000
d 31000 1000
d 7000 17000
r 1600 195 15000 33000
d 19000 1000
d 33000 25000
d 37000 37000
r 1400 295 3000 13000
d 1000 19000
d 13000 7000
d 21000 29000
r 1800 383 29000 3000
d 9000 11000
d 35000 1000
d 19000 21000
r 1600 178 3000 11000
d 13000 27000
d 1000 21000
d 29000 19000
r 1200 431 1000 37000
d 21000 23000
d 33000 9000
d 29000 11000
r 1800 450 19000 5000
d 5000 37000
d 7000 9000
d 15000 5000
r 1200 417 11000 7000
d 29000 9000
d 1000 5000
d 29000 15000
r 1600 294 3000 27000
d 33000 7000
d 25000 5000
d 23000 3000
r 1600 121 27000 33000
d 35000 3000
d 9000 33000
d 3000 11000
