g 20 20 2000
r 1200 454 17000 35000
d 13000 5000
d 37000 13000
d 13000 17000
r 1800 404 1000 37000
d 19000 29000
d 9000 21000
d 7000 31000
r 1800 243 5000 1000
d 37000 21000
d 33000 37000
d 15000 27000
r 1200 130 37000 33000
d 9000 9000
d 7000 31000
d 23000 23000
r 1600 331 37000 21000
d 33000 21000
d 1000 37000
d 37000 19000
r 1000 118 17000 5000
d 37000 21000
d 21000 25000
d 7000 19000
r 1200 284 9000 21000
d 37000 19000
d 11000 13000
d 35000 33000
r 1400 179 33000 13000
d 21000 7000
d 1000 19000
d 23000 35000
r 1000 430 9000 31000
d 27000 15000
d 1000 15000
d 5000 23000
r 1800 478 37000 31000
d 25000 35000
d 5000 23000
d 21000 33000
r 1800 465 11000 27000
d 19000 37000
d 13000 1000
d 25000 3000
r 1600 350 1000 23000
d 25000 37000
d 7000 13000
d 19000 37000
r 1400 425 23000 37000
d 5000 15000
d 33000 13000
d 9000 19000
r 1800 200 9000 11000
d 5000 11000
d 17000 23000
d 25000 31000
r 1200 118 31000 13000
d 9000 29000
d 13000 1000
d 7000 15000
r 1400 458 29000 33000
d 7000 3000
d 27000 7000
d 3000 15000
r 1400 451 25000 23000
d 27000 19000
d 17000 7000
d 35000 37000
r 1200 128 35000 27000
d 27000 9000
d 17000 3000
d 17000 37000
r 1200 425 9000 5000
d 25000 7000
d 19000 9000
d 11000 33000
r 1200 343 35000 5000
d 15000 31000
d 13000 23000
d 15000 21000
r 1200 321 37000 5000
d 7000 35000
d 37000 33000
d 27000 15000
r 1600 443 13000 27000
d 17000 5000
d 13000 29000
d 17000 23000
r 1400 390 3000 33000
d 15000 23000
d 25000 23000
d 27000 1000
r 1000 319 31000 3000
d 13000 29000
d 5000 35000
d 3000 27000
r 1800 371 13000 19000
d 1000 37000
d 7000 35000
d 19000 33000
r 1000 386 1000 11000
d 7000 33000
d 33000 9000
d 27000 13000
r 1000 133 3000 23000
d 25000 19000
d 3000 31000
d 25000 29000
r 1000 242 29000 9000
d 15000 7000
d 15000 23000
d 35000 7000
