g 40 40 2000
r 1200 454 75000 13000
d 41000 19000
d 57000 9000
d 49000 29000
r 1800 404 25000 69000
d 61000 57000
d 39000 63000
d 51000 7000
r 1800 243 77000 23000
d 29000 37000
d 13000 13000
d 57000 3000
r 1200 130 61000 59000
d 65000 19000
d 37000 59000
d 35000 61000
r 1600 331 77000 73000
d 25000 69000
d 21000 49000
d 35000 29000
r 1000 118 1000 17000
d 13000 1000
d 31000 27000
d 17000 39000
r 1200 284 31000 29000
d 11000 5000
d 29000 13000
d 1000 27000
r 1400 179 37000 73000
d 47000 55000
d 69000 29000
d 13000 55000
r 1000 430 9000 47000
d 37000 53000
d 45000 41000
d 21000 77000
r 1800 478 1000 75000
d 9000 15000
d 9000 13000
d 47000 13000
r 1800 465 55000 71000
d 31000 27000
d 77000 25000
d 55000 27000
r 1600 350 43000 31000
d 61000 21000
d 39000 1000
d 21000 51000
r 1400 425 61000 5000
d 3000 43000
d 63000 75000
d 59000 63000
r 1800 200 7000 47000
d 15000 11000
d 1000 33000
d 39000 31000
r 1200 118 43000 59000
d 3000 21000
d 45000 31000
d 11000 7000
r 1400 458 45000 39000
d 21000 59000
d 7000 13000
d 59000 3000
r 1400 451 53000 25000
d 25000 63000
d 33000 69000
d 57000 33000
r 1200 128 57000 55000
d 47000 55000
d 61000 5000
d 61000 17000
r 1200 425 13000 31000
d 7000 9000
d 7000 5000
d 35000 51000
r 1200 343 7000 19000
d 49000 59000
d 41000 73000
d 27000 51000
r 1200 321 45000 19000
d 3000 1000
d 7000 27000
d 63000 69000
r 1600 443 27000 23000
d 17000 21000
d 1000 57000
d 37000 45000
r 1400 390 59000 75000
d 47000 17000
d 13000 13000
d 43000 67000
r 1000 319 15000 5000
d 65000 13000
d 71000 5000
d 71000 67000
r 1800 371 33000 31000
d 3000 33000
d 41000 33000
d 35000 55000
r 1000 386 9000 45000
d 25000 75000
d 1000 75000
d 35000 33000
r 1000 133 3000 45000
d 7000 19000
d 31000 41000
d 41000 15000
r 1000 242 69000 13000
d 49000 5000
d 17000 63000
d 65000 77000
r 1200 392 3000 23000
d 75000 71000
d 45000 9000
d 17000 9000
r 1200 366 67000 21000
d 41000 23000
d 41000 13000
d 23000 5000
r 1600 453 5000 39000
d 1000 25000
d 53000 15000
d 11000 3000
r 1000 203 51000 61000
d 17000 65000
d 7000 37000
d 17000 17000
