g 20 20 2000
r 1200 306 25000 9000
d 7000 31000
d 27000 37000
d 7000 17000
r 1600 460 15000 19000
d 31000 17000
d 1000 5000
d 9000 27000
r 1000 144 21000 17000
d 7000 13000
d 31000 31000
d 3000 19000
r 1000 340 23000 19000
d 11000 11000
d 19000 23000
d 9000 1000
r 1600 219 11000 3000
d 23000 5000
d 17000 13000
d 1000 13000
r 1400 299 31000 25000
d 25000 3000
d 23000 37000
d 9000 21000
r 1000 289 9000 3000
d 33000 7000
d 15000 35000
d 33000 19000
r 1200 486 3000 37000
d 19000 7000
d 31000 17000
d 25000 21000
r 1000 128 27000 9000
d 37000 19000
d 35000 33000
d 15000 11000
r 1000 215 37000 25000
d 11000 25000
d 7000 25000
d 15000 9000
r 1800 298 19000 31000
d 11000 31000
d 37000 31000
d 17000 29000
r 1000 473 13000 1000
d 17000 1000
d 31000 15000
d 27000 21000
r 1600 322 35000 29000
d 21000 23000
d 19000 27000
d 9000 15000
r 1000 454 21000 1000
d 11000 35000
d 19000 25000
d 29000 11000
r 1200 238 19000 21000
d 3000 33000
d 1000 15000
d 11000 15000
r 1600 419 31000 29000
d 23000 33000
d 21000 13000
d 21000 23000
r 1200 323 33000 31000
d 29000 5000
d 3000 5000
d 33000 33000
r 1600 262 29000 33000
d 3000 7000
d 27000 1000
d 27000 7000
r 1800 168 35000 23000
d 19000 27000
d 5000 31000
d 31000 17000
r 1000 389 21000 15000
d 25000 11000
d 35000 21000
d 25000 1000
