g 40 40 2000
r 1200 306 53000 73000
d 59000 25000
d 35000 63000
d 37000 23000
r 1600 460 11000 21000
d 77000 51000
d 29000 37000
d 57000 3000
r 1000 144 19000 25000
d 47000 7000
d 59000 41000
d 57000 23000
r 1000 340 51000 71000
d 15000 61000
d 23000 67000
d 5000 13000
r 1600 219 15000 5000
d 63000 49000
d 1000 63000
d 5000 9000
r 1400 299 41000 59000
d 33000 71000
d 37000 67000
d 9000 47000
r 1000 289 59000 43000
d 63000 59000
d 37000 31000
d 55000 63000
r 1200 486 51000 5000
d 23000 27000
d 57000 49000
d 5000 13000
r 1000 128 15000 61000
d 17000 71000
d 11000 25000
d 67000 73000
r 1000 215 5000 47000
d 25000 9000
d 49000 55000
d 61000 59000
r 1800 298 17000 63000
d 31000 47000
d 53000 15000
d 17000 55000
r 1000 473 3000 1000
d 9000 51000
d 59000 69000
d 75000 7000
r 1600 322 3000 29000
d 17000 9000
d 13000 67000
d 35000 23000
r 1000 454 67000 43000
d 57000 5000
d 41000 33000
d 45000 19000
r 1200 238 53000 47000
d 19000 57000
d 19000 1000
d 67000 49000
r 1600 419 41000 3000
d 65000 33000
d 35000 61000
d 29000 1000
r 1200 323 53000 27000
d 45000 19000
d 21000 35000
d 1000 67000
r 1600 262 61000 13000
d 29000 51000
d 49000 47000
d 69000 67000
r 1800 168 43000 37000
d 47000 25000
d 21000 25000
d 67000 7000
r 1000 389 7000 69000
d 73000 73000
d 11000 27000
d 33000 65000
r 1000 298 47000 1000
d 43000 73000
d 23000 7000
d 15000 1000
r 1400 162 69000 47000
d 57000 71000
d 61000 41000
d 45000 17000
r 1000 453 31000 27000
d 59000 15000
d 49000 63000
d 57000 71000
r 1000 257 69000 39000
d 45000 17000
d 9000 5000
d 23000 47000
r 1600 173 23000 19000
d 75000 47000
d 47000 15000
d 41000 75000
r 1600 142 31000 55000
d 53000 75000
d 41000 39000
d 69000 21000
r 1400 288 37000 19000
d 51000 11000
d 75000 29000
d 37000 57000
r 1400 297 45000 65000
d 51000 47000
d 73000 35000
d 77000 43000
r 1800 101 19000 73000
d 41000 47000
d 27000 1000
d 43000 15000
r 1800 340 19000 15000
d 39000 5000
d 9000 3000
d 23000 3000
r 1800 478 51000 73000
d 51000 57000
d 75000 51000
d 77000 35000
r 1600 195 39000 67000
d 35000 73000
d 67000 55000
d 39000 77000
r 1400 295 21000 17000
d 5000 5000
d 29000 59000
d 27000 29000
r 1800 383 51000 51000
d 21000 61000
d 29000 69000
d 21000 45000
r 1600 178 29000 29000
d 25000 13000
d 67000 5000
d 5000 39000
r 1200 431 45000 7000
d 35000 73000
d 1000 47000
d 71000 29000
r 1800 450 13000 43000
d 35000 25000
d 35000 55000
d 53000 23000
r 1200 417 17000 67000
d 29000 5000
d 21000 29000
d 77000 1000
r 1600 294 53000 39000
d 3000 75000
d 43000 31000
d 17000 35000
r 1600 121 35000 71000
d 11000 17000
d 73000 27000
d 59000 63000
r 1800 320 41000 65000
d 23000 5000
d 63000 9000
d 49000 61000
r 1400 456 69000 51000
d 69000 49000
d 19000 35000
d 43000 49000
r 1000 288 29000 37000
d 73000 71000
d 25000 59000
d 21000 7000
r 1400 117 57000 53000
d 61000 21000
d 55000 67000
d 23000 5000
r 1800 207 57000 1000
d 59000 39000
d 53000 67000
d 23000 5000
r 1800 271 55000 1000
d 51000 53000
d 45000 45000
d 17000 19000
r 1000 265 25000 75000
d 9000 13000
d 73000 1000
d 63000 43000
r 1600 273 39000 47000
d 5000 69000
d 15000 15000
d 59000 73000
r 1400 383 27000 59000
d 63000 7000
d 5000 71000
d 67000 9000
r 1200 284 65000 57000
d 73000 21000
d 49000 55000
d 31000 69000
r 1600 262 41000 21000
d 27000 3000
d 21000 41000
d 13000 59000
r 1600 257 77000 1000
d 49000 5000
d 65000 19000
d 25000 3000
r 1200 374 31000 71000
d 15000 27000
d 59000 21000
d 1000 59000
r 1000 223 49000 53000
d 19000 35000
d 27000 63000
d 33000 33000
r 1000 405 1000 3000
d 37000 27000
d 25000 35000
d 35000 39000
r 1000 248 61000 43000
d 75000 19000
d 45000 37000
d 75000 45000
r 1400 441 53000 31000
d 49000 25000
d 25000 63000
d 47000 73000
r 1400 423 27000 45000
d 15000 49000
d 69000 53000
d 77000 75000
r 1600 299 71000 9000
d 15000 63000
d 43000 67000
d 67000 17000
r 1800 106 41000 11000
d 55000 21000
d 3000 45000
d 35000 7000
r 1200 432 39000 35000
d 51000 27000
d 71000 61000
d 47000 11000
r 1200 103 45000 33000
d 67000 29000
d 33000 73000
d 75000 19000
r 1400 303 31000 63000
d 3000 3000
d 63000 43000
d 63000 75000
r 1000 168 39000 69000
d 11000 31000
d 55000 55000
d 17000 9000
r 1800 144 57000 29000
d 19000 1000
d 35000 53000
d 15000 43000
r 1000 415 21000 41000
d 71000 63000
d 15000 21000
d 45000 23000
r 1600 295 77000 75000
d 1000 7000
d 37000 53000
d 31000 35000
r 1400 317 29000 69000
d 33000 29000
d 33000 59000
d 71000 29000
r 1600 409 67000 69000
d 59000 11000
d 57000 5000
d 53000 59000
r 1000 161 1000 37000
d 73000 43000
d 27000 25000
d 21000 53000
r 1600 139 65000 71000
d 69000 55000
d 7000 29000
d 71000 75000
r 1600 265 17000 21000
d 27000 17000
d 35000 39000
d 71000 45000
r 1200 322 13000 57000
d 27000 75000
d 49000 9000
d 75000 7000
r 1800 330 15000 23000
d 61000 63000
d 45000 15000
d 75000 25000
r 1000 499 13000 69000
d 27000 47000
d 9000 69000
d 57000 7000
r 1400 319 7000 57000
d 63000 53000
d 27000 9000
d 25000 47000
r 1000 234 55000 13000
d 77000 35000
d 43000 5000
d 25000 19000
r 1600 327 71000 67000
d 43000 57000
d 13000 25000
d 5000 53000
r 1600 260 57000 31000
d 17000 5000
d 63000 73000
d 11000 1000
r 1400 235 73000 3000
d 75000 33000
d 25000 61000
d 53000 77000
