g 60 60 2000
r 1200 306 5000 73000
d 57000 73000
d 103000 61000
d 7000 111000
r 1600 460 7000 37000
d 15000 99000
d 9000 101000
d 63000 37000
r 1000 144 69000 31000
d 77000 67000
d 71000 5000
d 43000 113000
r 1000 340 67000 49000
d 107000 3000
d 11000 19000
d 9000 67000
r 1600 219 105000 85000
d 1000 101000
d 25000 57000
d 77000 13000
r 1400 299 69000 117000
d 49000 41000
d 37000 81000
d 91000 115000
r 1000 289 41000 53000
d 109000 99000
d 103000 53000
d 61000 99000
r 1200 486 69000 87000
d 89000 17000
d 59000 111000
d 93000 5000
r 1000 128 1000 109000
d 67000 37000
d 37000 21000
d 27000 93000
r 1000 215 65000 77000
d 99000 85000
d 11000 83000
d 111000 97000
r 1800 298 53000 65000
d 85000 71000
d 47000 85000
d 25000 37000
r 1000 473 115000 43000
d 23000 61000
d 27000 41000
d 69000 45000
r 1600 322 29000 27000
d 13000 101000
d 81000 51000
d 61000 47000
r 1000 454 33000 17000
d 41000 21000
d 117000 111000
d 113000 89000
r 1200 238 43000 53000
d 31000 109000
d 37000 29000
d 53000 15000
r 1600 419 47000 91000
d 65000 97000
d 43000 23000
d 17000 9000
r 1200 323 31000 99000
d 31000 81000
d 21000 105000
d 85000 7000
r 1600 262 29000 5000
d 39000 55000
d 33000 113000
d 97000 73000
r 1800 168 99000 3000
d 89000 29000
d 7000 29000
d 77000 47000
r 1000 389 37000 79000
d 77000 97000
d 115000 11000
d 3000 95000
r 1000 298 29000 3000
d 47000 5000
d 13000 59000
d 107000 11000
r 1400 162 73000 85000
d 67000 15000
d 25000 95000
d 117000 5000
r 1000 453 89000 107000
d 87000 65000
d 95000 111000
d 59000 27000
r 1000 257 7000 45000
d 35000 101000
d 31000 95000
d 69000 79000
r 1600 173 107000 9000
d 59000 37000
d 9000 109000
d 33000 29000
r 1600 142 67000 61000
d 99000 65000
d 61000 23000
d 105000 37000
r 1400 288 29000 41000
d 7000 53000
d 39000 13000
d 35000 21000
r 1400 297 3000 77000
d 5000 63000
d 91000 81000
d 97000 47000
r 1800 101 3000 19000
d 17000 37000
d 83000 53000
d 29000 3000
r 1800 340 113000 1000
d 45000 33000
d 69000 11000
d 7000 117000
r 1800 478 107000 29000
d 1000 49000
d 91000 29000
d 53000 47000
r 1600 195 73000 3000
d 45000 65000
d 73000 31000
d 89000 63000
r 1400 295 13000 45000
d 115000 35000
d 17000 5000
d 25000 85000
r 1800 383 31000 7000
d 85000 51000
d 65000 87000
d 65000 81000
r 1600 178 25000 15000
d 71000 105000
d 83000 15000
d 107000 33000
r 1200 431 43000 67000
d 13000 33000
d 103000 79000
d 89000 87000
r 1800 450 43000 107000
d 107000 81000
d 113000 95000
d 85000 45000
r 1200 417 55000 111000
d 39000 57000
d 71000 105000
d 105000 83000
r 1600 294 51000 117000
d 95000 51000
d 23000 41000
d 111000 35000
r 1600 121 97000 79000
d 73000 79000
d 95000 29000
d 53000 67000
r 1800 320 7000 23000
d 1000 1000
d 3000 43000
d 57000 31000
r 1400 456 53000 93000
d 75000 73000
d 105000 7000
d 59000 25000
r 1000 288 17000 101000
d 27000 41000
d 63000 87000
d 29000 73000
r 1400 117 13000 89000
d 17000 15000
d 49000 105000
d 17000 61000
r 1800 207 65000 103000
d 77000 73000
d 107000 43000
d 73000 33000
r 1800 271 61000 29000
d 85000 15000
d 21000 113000
d 81000 57000
r 1000 265 23000 55000
d 91000 109000
d 111000 13000
d 17000 75000
r 1600 273 41000 33000
d 53000 85000
d 81000 59000
d 57000 67000
r 1400 383 69000 27000
d 69000 79000
d 105000 105000
d 109000 109000
r 1200 284 67000 81000
d 31000 93000
d 37000 29000
d 113000 103000
r 1600 262 107000 95000
d 43000 101000
d 107000 69000
d 49000 39000
r 1600 257 91000 101000
d 25000 35000
d 31000 93000
d 111000 79000
r 1200 374 107000 51000
d 75000 11000
d 67000 103000
d 3000 81000
r 1000 223 73000 83000
d 99000 115000
d 49000 39000
d 101000 115000
r 1000 405 93000 51000
d 19000 21000
d 75000 79000
d 51000 49000
r 1000 248 1000 61000
d 103000 25000
d 79000 1000
d 57000 101000
r 1400 441 111000 63000
d 45000 53000
d 81000 19000
d 103000 13000
r 1400 423 81000 35000
d 97000 13000
d 85000 77000
d 39000 53000
r 1600 299 67000 37000
d 95000 117000
d 7000 87000
d 15000 91000
r 1800 106 31000 73000
d 111000 71000
d 73000 49000
d 115000 107000
r 1200 432 73000 89000
d 47000 27000
d 77000 71000
d 37000 29000
r 1200 103 59000 69000
d 17000 13000
d 57000 11000
d 19000 35000
r 1400 303 1000 65000
d 97000 67000
d 75000 5000
d 69000 25000
r 1000 168 41000 37000
d 83000 47000
d 95000 15000
d 39000 111000
r 1800 144 73000 101000
d 93000 9000
d 63000 63000
d 23000 77000
r 1000 415 85000 53000
d 9000 45000
d 107000 89000
d 15000 9000
r 1600 295 39000 107000
d 81000 65000
d 95000 37000
d 31000 101000
r 1400 317 11000 113000
d 31000 25000
d 93000 71000
d 47000 1000
r 1600 409 41000 115000
d 79000 117000
d 71000 97000
d 37000 73000
r 1000 161 79000 115000
d 69000 89000
d 27000 23000
d 115000 63000
r 1600 139 79000 65000
d 13000 21000
d 59000 89000
d 53000 19000
r 1600 265 81000 77000
d 83000 53000
d 29000 1000
d 117000 83000
r 1200 322 39000 23000
d 111000 39000
d 37000 103000
d 91000 47000
r 1800 330 73000 77000
d 63000 71000
d 83000 27000
d 3000 31000
r 1000 499 19000 67000
d 39000 71000
d 57000 75000
d 93000 73000
r 1400 319 87000 79000
d 15000 13000
d 91000 19000
d 69000 35000
r 1000 234 5000 49000
d 37000 115000
d 69000 59000
d 7000 85000
r 1600 327 13000 5000
d 117000 71000
d 89000 43000
d 29000 7000
r 1600 260 29000 95000
d 73000 7000
d 59000 39000
d 75000 113000
r 1400 235 35000 117000
d 53000 23000
d 53000 35000
d 17000 41000
r 1600 465 53000 13000
d 117000 31000
d 75000 1000
d 39000 87000
r 1800 203 51000 73000
d 89000 79000
d 9000 105000
d 51000 99000
r 1800 137 33000 83000
d 81000 83000
d 81000 19000
d 93000 47000
r 1800 191 71000 35000
d 101000 63000
d 35000 109000
d 55000 35000
r 1600 480 69000 99000
d 45000 57000
d 17000 97000
d 113000 67000
r 1200 287 55000 41000
d 61000 39000
d 43000 99000
d 5000 27000
r 1400 481 37000 23000
d 13000 115000
d 61000 37000
d 97000 43000
r 1000 404 115000 21000
d 115000 3000
d 67000 97000
d 81000 73000
r 1400 371 91000 71000
d 41000 59000
d 31000 31000
d 115000 101000
r 1200 162 15000 111000
d 109000 115000
d 35000 49000
d 95000 15000
r 1400 319 17000 91000
d 57000 5000
d 59000 57000
d 3000 55000
r 1800 308 65000 21000
d 7000 97000
d 49000 59000
d 33000 91000
r 1400 397 39000 71000
d 85000 107000
d 37000 41000
d 57000 71000
r 1400 498 25000 37000
d 87000 101000
d 25000 3000
d 97000 71000
r 1000 309 43000 115000
d 99000 107000
d 5000 29000
d 37000 111000
r 1000 425 3000 67000
d 43000 97000
d 3000 77000
d 43000 83000
r 1400 107 61000 91000
d 69000 19000
d 75000 81000
d 51000 27000
r 1200 330 85000 63000
d 35000 79000
d 23000 101000
d 83000 3000
r 1400 264 5000 51000
d 103000 109000
d 99000 97000
d 13000 97000
r 1000 406 43000 41000
d 29000 59000
d 55000 79000
d 59000 37000
r 1800 312 67000 17000
d 77000 93000
d 81000 25000
d 23000 83000
r 1800 382 107000 85000
d 53000 1000
d 93000 87000
d 109000 45000
r 1200 426 79000 99000
d 111000 57000
d 83000 11000
d 107000 53000
r 1400 481 65000 25000
d 3000 91000
d 31000 1000
d 5000 9000
r 1400 417 103000 63000
d 95000 87000
d 53000 41000
d 65000 9000
r 1400 467 61000 3000
d 77000 13000
d 87000 81000
d 59000 3000
r 1400 153 25000 93000
d 23000 51000
d 17000 5000
d 117000 77000
r 1200 268 39000 103000
d 9000 65000
d 51000 23000
d 101000 55000
r 1000 434 103000 61000
d 59000 71000
d 43000 57000
d 81000 13000
r 1000 165 5000 25000
d 9000 107000
d 113000 103000
d 29000 73000
r 1600 172 43000 117000
d 55000 81000
d 7000 13000
d 63000 35000
r 1600 469 57000 51000
d 69000 59000
d 55000 23000
d 47000 69000
r 1200 293 89000 7000
d 29000 117000
d 41000 101000
d 11000 77000
r 1000 345 41000 101000
d 93000 5000
d 63000 71000
d 93000 27000
r 1800 453 49000 105000
d 33000 93000
d 7000 97000
d 3000 115000
r 1400 322 87000 3000
d 103000 95000
d 29000 37000
d 17000 99000
r 1000 387 109000 65000
d 111000 1000
d 39000 23000
d 93000 89000
r 1400 479 115000 17000
d 111000 35000
d 87000 25000
d 113000 21000
r 1400 247 47000 115000
d 83000 9000
d 117000 87000
d 53000 65000
r 1400 228 31000 41000
d 13000 37000
d 117000 75000
d 69000 113000
r 1000 475 85000 51000
d 65000 39000
d 15000 97000
d 19000 85000
r 1600 174 11000 7000
d 43000 113000
d 27000 47000
d 115000 11000
r 1800 494 111000 23000
d 117000 57000
d 99000 33000
d 69000 57000
r 1800 356 3000 23000
d 71000 67000
d 39000 3000
d 65000 45000
r 1000 327 91000 77000
d 57000 45000
d 5000 117000
d 93000 29000
r 1200 385 91000 91000
d 91000 75000
d 85000 9000
d 69000 53000
r 1200 277 103000 107000
d 7000 35000
d 41000 57000
d 113000 95000
r 1400 270 23000 51000
d 95000 63000
d 95000 21000
d 53000 117000
r 1800 424 61000 95000
d 87000 85000
d 91000 77000
d 45000 59000
r 1000 426 117000 79000
d 111000 105000
d 49000 85000
d 67000 79000
r 1400 307 99000 73000
d 73000 53000
d 109000 89000
d 13000 115000
r 1000 271 59000 87000
d 101000 69000
d 23000 103000
d 19000 61000
r 1200 396 71000 59000
d 55000 111000
d 59000 87000
d 71000 85000
r 1000 228 97000 43000
d 11000 87000
d 93000 23000
d 33000 91000
r 1200 442 69000 17000
d 19000 69000
d 113000 65000
d 11000 31000
r 1400 276 3000 39000
d 39000 85000
d 73000 95000
d 65000 115000
r 1600 150 79000 5000
d 57000 51000
d 103000 55000
d 83000 91000
r 1800 454 25000 11000
d 87000 103000
d 79000 55000
d 37000 109000
r 1600 292 117000 115000
d 65000 99000
d 75000 113000
d 71000 31000
r 1800 286 37000 77000
d 85000 65000
d 21000 65000
d 11000 39000
r 1800 110 75000 55000
d 85000 41000
d 5000 81000
d 57000 51000
r 1800 214 11000 53000
d 57000 83000
d 109000 105000
d 29000 57000
r 1800 316 67000 9000
d 47000 109000
d 41000 23000
d 89000 111000
r 1400 348 117000 91000
d 87000 11000
d 41000 17000
d 45000 97000
r 1000 408 1000 105000
d 9000 29000
d 89000 57000
d 99000 47000
r 1400 263 79000 43000
d 61000 117000
d 29000 53000
d 53000 87000
r 1000 339 117000 93000
d 97000 49000
d 41000 49000
d 105000 11000
r 1200 298 37000 39000
d 39000 31000
d 23000 117000
d 63000 15000
r 1800 243 33000 37000
d 35000 117000
d 39000 21000
d 3000 59000
r 1800 168 5000 59000
d 75000 69000
d 97000 43000
d 47000 73000
r 1200 246 107000 63000
d 15000 85000
d 111000 5000
d 113000 59000
r 1600 327 59000 51000
d 67000 25000
d 59000 49000
d 7000 9000
r 1600 491 51000 77000
d 1000 117000
d 93000 75000
d 35000 113000
r 1000 235 43000 55000
d 43000 37000
d 109000 117000
d 29000 51000
r 1000 110 11000 1000
d 113000 43000
d 29000 53000
d 85000 81000
r 1200 491 79000 23000
d 83000 33000
d 103000 65000
d 45000 105000
r 1200 392 11000 115000
d 105000 49000
d 97000 9000
d 103000 87000
r 1000 489 19000 19000
d 1000 1000
d 47000 27000
d 11000 7000
r 1600 279 87000 87000
d 69000 99000
d 57000 47000
d 11000 37000
r 1200 399 95000 55000
d 19000 37000
d 1000 47000
d 31000 63000
r 1200 229 19000 17000
d 47000 37000
d 87000 93000
d 101000 25000
r 1800 135 39000 5000
d 17000 77000
d 1000 115000
d 55000 1000
r 1400 478 37000 63000
d 109000 113000
d 5000 29000
d 3000 115000
r 1800 184 101000 75000
d 5000 107000
d 51000 55000
d 89000 27000
r 1600 362 105000 55000
d 79000 5000
d 109000 115000
d 69000 21000
r 1800 309 83000 3000
d 49000 63000
d 57000 25000
d 51000 103000
r 1600 420 39000 51000
d 33000 5000
d 13000 7000
d 51000 43000
r 1400 253 109000 109000
d 1000 19000
d 27000 61000
d 107000 103000
r 1200 358 7000 91000
d 51000 33000
d 103000 41000
d 31000 107000
r 1200 386 97000 85000
d 79000 71000
d 35000 103000
d 105000 87000
r 1200 200 115000 31000
d 57000 105000
d 41000 19000
d 53000 103000
r 1200 485 9000 41000
d 41000 71000
d 29000 1000
d 35000 9000
r 1000 382 15000 101000
d 79000 55000
d 31000 55000
d 39000 33000
r 1400 434 21000 79000
d 111000 17000
d 63000 43000
d 51000 73000
r 1800 391 51000 97000
d 21000 85000
d 95000 115000
d 3000 21000
r 1600 187 117000 67000
d 81000 105000
d 65000 99000
d 69000 29000
r 1000 138 19000 87000
d 107000 31000
d 31000 77000
d 17000 71000
r 1600 218 51000 3000
d 107000 79000
d 89000 87000
d 107000 25000
r 1200 455 69000 25000
d 3000 105000
d 115000 29000
d 5000 99000
r 1000 122 43000 1000
d 63000 5000
d 11000 109000
d 11000 95000
r 1200 412 91000 27000
d 111000 83000
d 111000 39000
d 21000 27000
r 1200 174 71000 21000
d 9000 9000
d 23000 115000
d 75000 113000
r 1600 177 93000 3000
d 85000 5000
d 93000 35000
d 59000 103000
r 1600 460 11000 71000
d 77000 95000
d 1000 51000
d 87000 79000
r 1800 282 79000 15000
d 105000 11000
d 31000 109000
d 7000 83000
r 1400 482 95000 107000
d 45000 27000
d 71000 115000
d 17000 7000
r 1200 470 99000 23000
d 69000 91000
d 71000 109000
d 115000 101000
r 1600 348 21000 111000
d 73000 11000
d 51000 85000
d 1000 63000
r 1000 500 75000 83000
d 25000 55000
d 11000 97000
d 107000 49000
r 1000 213 9000 81000
d 33000 83000
d 15000 9000
d 109000 105000
r 1800 410 111000 73000
d 103000 15000
d 53000 29000
d 67000 55000
r 1200 216 49000 95000
d 7000 37000
d 19000 93000
d 45000 37000
r 1200 119 27000 43000
d 111000 93000
d 69000 51000
d 115000 67000
r 1400 103 35000 27000
d 81000 91000
d 43000 17000
d 75000 51000
r 1800 174 49000 45000
d 99000 83000
d 7000 103000
d 47000 97000
r 1200 428 81000 17000
d 85000 65000
d 1000 37000
d 103000 55000
r 1800 128 107000 113000
d 91000 27000
d 93000 23000
d 91000 73000
r 1400 389 13000 73000
d 11000 81000
d 57000 5000
d 49000 87000
r 1800 104 45000 117000
d 101000 109000
d 91000 59000
d 53000 9000
r 1400 155 109000 95000
d 75000 21000
d 9000 3000
d 11000 95000
r 1200 256 57000 23000
d 17000 7000
d 87000 65000
d 117000 79000
r 1400 435 49000 89000
d 113000 115000
d 21000 13000
d 27000 25000
r 1400 117 113000 65000
d 17000 13000
d 23000 101000
d 3000 69000
r 1400 299 91000 15000
d 21000 69000
d 13000 5000
d 71000 91000
r 1600 358 21000 81000
d 89000 7000
d 71000 61000
d 37000 19000
r 1400 357 19000 31000
d 81000 39000
d 87000 71000
d 81000 51000
r 1800 465 23000 115000
d 99000 53000
d 109000 91000
d 31000 99000
r 1000 151 55000 51000
d 67000 13000
d 27000 1000
d 75000 1000
r 1600 217 29000 67000
d 51000 105000
d 43000 9000
d 45000 61000
r 1200 302 15000 83000
d 3000 47000
d 79000 23000
d 43000 97000
r 1200 442 113000 63000
d 107000 109000
d 105000 83000
d 1000 45000
r 1200 484 29000 15000
d 61000 3000
d 63000 39000
d 59000 99000
r 1400 449 49000 65000
d 19000 55000
d 45000 81000
d 101000 57000
r 1200 430 77000 49000
d 51000 85000
d 99000 91000
d 23000 23000
r 1400 393 105000 27000
d 29000 93000
d 63000 73000
d 35000 13000
r 1000 231 47000 21000
d 33000 113000
d 89000 19000
d 47000 7000
r 1200 281 53000 75000
d 111000 115000
d 83000 19000
d 7000 17000
r 1800 428 1000 21000
d 85000 115000
d 5000 9000
d 67000 59000
r 1200 485 7000 113000
d 23000 17000
d 45000 73000
d 21000 107000
r 1600 253 61000 79000
d 49000 87000
d 83000 59000
d 1000 109000
r 1200 224 101000 33000
d 23000 109000
d 49000 13000
d 17000 39000
r 1600 257 117000 33000
d 105000 95000
d 13000 83000
d 53000 85000
r 1200 252 5000 81000
d 27000 29000
d 31000 49000
d 35000 67000
r 1000 444 31000 69000
d 19000 47000
d 33000 39000
d 87000 29000
r 1600 384 17000 3000
d 23000 89000
d 53000 59000
d 5000 63000
r 1000 446 79000 79000
d 117000 55000
d 7000 81000
d 117000 27000
r 1800 242 105000 21000
d 27000 73000
d 85000 105000
d 65000 43000
r 1400 102 69000 109000
d 101000 103000
d 41000 83000
d 49000 111000
r 1800 365 73000 105000
d 49000 71000
d 77000 67000
d 5000 115000
r 1800 484 111000 57000
d 103000 21000
d 109000 1000
d 109000 33000
r 1400 290 15000 33000
d 81000 55000
d 25000 5000
d 43000 63000
r 1400 297 27000 101000
d 5000 69000
d 107000 81000
d 5000 113000
r 1000 484 47000 41000
d 29000 105000
d 117000 101000
d 73000 29000
r 1600 210 49000 31000
d 89000 79000
d 87000 117000
d 17000 1000
r 1200 322 55000 53000
d 7000 65000
d 21000 21000
d 37000 11000
r 1400 215 51000 9000
d 99000 13000
d 95000 55000
d 43000 103000
r 1000 160 49000 91000
d 97000 95000
d 43000 53000
d 11000 29000
r 1400 147 57000 19000
d 81000 31000
d 75000 37000
d 77000 71000
r 1800 284 55000 21000
d 19000 13000
d 55000 7000
d 47000 17000
r 1200 127 79000 9000
d 65000 69000
d 67000 97000
d 13000 51000
r 1400 230 45000 95000
d 51000 25000
d 117000 75000
d 55000 33000
r 1600 277 57000 21000
d 53000 31000
d 1000 71000
d 107000 21000
r 1800 227 91000 7000
d 85000 15000
d 105000 101000
d 79000 41000
r 1600 172 21000 47000
d 65000 55000
d 39000 7000
d 91000 39000
r 1800 426 97000 19000
d 75000 43000
d 77000 73000
d 113000 61000
r 1600 172 59000 11000
d 25000 97000
d 47000 39000
d 29000 43000
r 1800 169 75000 45000
d 81000 9000
d 51000 85000
d 55000 29000
r 1000 198 49000 67000
d 53000 95000
d 35000 97000
d 23000 1000
r 1000 390 1000 9000
d 65000 79000
d 71000 83000
d 3000 79000
r 1800 179 27000 27000
d 47000 41000
d 61000 79000
d 97000 47000
r 1400 500 63000 7000
d 91000 3000
d 71000 83000
d 3000 81000
r 1800 296 35000 113000
d 59000 111000
d 29000 49000
d 27000 43000
r 1600 391 61000 75000
d 57000 11000
d 37000 39000
d 65000 27000
r 1600 315 95000 77000
d 31000 55000
d 95000 23000
d 65000 63000
r 1000 481 61000 65000
d 115000 103000
d 103000 9000
d 73000 93000
r 1400 454 99000 93000
d 85000 105000
d 19000 29000
d 71000 73000
r 1400 498 9000 115000
d 17000 19000
d 91000 51000
d 5000 43000
r 1000 169 17000 73000
d 65000 87000
d 17000 95000
d 73000 105000
r 1200 477 41000 99000
d 69000 45000
d 73000 61000
d 79000 111000
r 1000 371 57000 11000
d 9000 61000
d 107000 79000
d 51000 55000
r 1600 317 29000 55000
d 37000 75000
d 3000 25000
d 111000 5000
r 1400 483 55000 1000
d 63000 63000
d 57000 61000
d 7000 59000
r 1000 436 5000 71000
d 79000 75000
d 41000 105000
d 21000 83000
r 1200 479 73000 97000
d 51000 13000
d 45000 43000
d 61000 75000
r 1000 186 79000 77000
d 79000 19000
d 65000 81000
d 109000 5000
r 1200 270 111000 53000
d 87000 53000
d 23000 49000
d 103000 9000
r 1600 312 51000 111000
d 33000 79000
d 61000 39000
d 71000 89000
r 1400 216 81000 75000
d 87000 19000
d 7000 115000
d 33000 53000
r 1200 167 81000 103000
d 79000 7000
d 5000 17000
d 35000 89000
r 1400 241 35000 79000
d 23000 73000
d 57000 25000
d 43000 99000
r 1600 108 59000 29000
d 11000 35000
d 25000 33000
d 115000 9000
r 1400 218 1000 103000
d 111000 3000
d 83000 83000
d 79000 105000
r 1000 500 83000 75000
d 91000 17000
d 53000 99000
d 99000 27000
r 1600 310 9000 103000
d 95000 91000
d 7000 35000
d 57000 115000
r 1400 424 61000 73000
d 91000 105000
d 43000 77000
d 93000 107000
r 1800 175 69000 21000
d 5000 83000
d 17000 105000
d 41000 57000
r 1000 448 113000 93000
d 1000 89000
d 73000 91000
d 33000 13000
r 1600 200 1000 45000
d 31000 35000
d 111000 105000
d 35000 57000
r 1400 131 49000 25000
d 53000 41000
d 115000 27000
d 115000 43000
r 1200 178 15000 5000
d 53000 71000
d 73000 117000
d 63000 25000
r 1000 373 91000 23000
d 113000 83000
d 73000 19000
d 95000 111000
r 1400 288 1000 49000
d 95000 35000
d 117000 89000
d 79000 5000
r 1600 445 83000 91000
d 79000 81000
d 7000 91000
d 3000 33000
r 1600 170 85000 3000
d 21000 9000
d 17000 109000
d 71000 73000
r 1400 180 91000 35000
d 23000 7000
d 15000 11000
d 93000 109000
r 1800 202 105000 33000
d 111000 93000
d 29000 91000
d 31000 83000
r 1400 481 93000 103000
d 79000 69000
d 69000 105000
d 45000 15000
r 1000 252 25000 81000
d 69000 21000
d 23000 23000
d 53000 39000
r 1800 345 117000 21000
d 63000 7000
d 39000 87000
d 111000 51000
r 1200 414 111000 87000
d 19000 85000
d 105000 41000
d 35000 81000
r 1000 267 101000 107000
d 37000 15000
d 97000 75000
d 19000 63000
r 1600 278 39000 33000
d 59000 37000
d 19000 15000
d 49000 17000
r 1200 336 35000 99000
d 61000 33000
d 79000 65000
d 17000 21000
r 1600 473 11000 93000
d 63000 19000
d 33000 21000
d 11000 109000
r 1600 304 83000 33000
d 55000 29000
d 107000 33000
d 17000 87000
r 1400 159 115000 75000
d 107000 85000
d 75000 57000
d 83000 67000
r 1200 230 29000 31000
d 99000 101000
d 7000 39000
d 57000 29000
r 1200 421 75000 75000
d 55000 109000
d 49000 103000
d 89000 61000
r 1400 124 53000 25000
d 5000 81000
d 93000 5000
d 51000 33000
r 1600 251 51000 85000
d 111000 65000
d 17000 27000
d 65000 69000
r 1200 371 27000 15000
d 43000 3000
d 65000 9000
d 29000 79000
r 1000 499 47000 3000
d 3000 7000
d 109000 77000
d 117000 9000
r 1200 276 31000 43000
d 85000 91000
d 101000 69000
d 27000 1000
r 1800 495 15000 69000
d 55000 107000
d 11000 77000
d 57000 105000
r 1000 499 97000 53000
d 25000 35000
d 93000 117000
d 83000 7000
r 1000 355 57000 39000
d 43000 77000
d 101000 107000
d 103000 101000
r 1400 156 61000 85000
d 69000 43000
d 3000 69000
d 83000 63000
r 1000 126 1000 19000
d 101000 45000
d 15000 9000
d 105000 25000
r 1200 388 39000 113000
d 67000 23000
d 107000 95000
d 85000 1000
r 1200 412 37000 115000
d 97000 99000
d 93000 17000
d 23000 15000
r 1600 462 95000 35000
d 5000 93000
d 117000 25000
d 97000 107000
r 1600 472 69000 51000
d 13000 99000
d 17000 47000
d 89000 47000
r 1800 283 69000 7000
d 105000 103000
d 39000 63000
d 69000 7000
r 1800 137 89000 81000
d 109000 19000
d 39000 35000
d 93000 3000
r 1400 410 39000 93000
d 113000 15000
d 57000 25000
d 71000 107000
r 1400 492 117000 7000
d 67000 81000
d 37000 9000
d 97000 17000
r 1800 109 59000 99000
d 111000 85000
d 21000 31000
d 15000 115000
r 1200 306 35000 13000
d 35000 107000
d 107000 93000
d 59000 115000
r 1000 320 11000 111000
d 105000 111000
d 3000 45000
d 9000 41000
r 1400 294 95000 53000
d 103000 41000
d 63000 39000
d 57000 5000
r 1800 302 77000 27000
d 75000 111000
d 29000 3000
d 81000 25000
r 1000 321 77000 41000
d 17000 45000
d 23000 37000
d 59000 93000
r 1200 322 67000 55000
d 21000 77000
d 115000 63000
d 71000 63000
r 1000 103 61000 107000
d 87000 15000
d 83000 47000
d 109000 73000
r 1000 441 109000 77000
d 5000 69000
d 29000 81000
d 83000 69000
r 1800 160 81000 23000
d 47000 71000
d 93000 49000
d 83000 71000
r 1800 108 107000 67000
d 53000 77000
d 15000 53000
d 57000 27000
r 1600 174 17000 49000
d 85000 107000
d 71000 89000
d 7000 53000
r 1400 350 93000 37000
d 109000 115000
d 111000 7000
d 95000 49000
r 1400 105 7000 17000
d 61000 1000
d 33000 111000
d 43000 59000
r 1200 467 69000 33000
d 47000 101000
d 17000 117000
d 95000 67000
r 1800 205 43000 47000
d 61000 103000
d 103000 111000
d 81000 5000
r 1200 115 87000 21000
d 81000 117000
d 103000 103000
d 45000 91000
r 1600 494 69000 89000
d 45000 15000
d 31000 25000
d 29000 117000
r 1800 148 19000 95000
d 57000 39000
d 9000 93000
d 69000 11000
r 1800 133 45000 97000
d 65000 67000
d 3000 97000
d 35000 11000
r 1600 248 79000 63000
d 23000 79000
d 81000 111000
d 99000 9000
r 1400 214 19000 45000
d 77000 77000
d 69000 49000
d 77000 101000
r 1600 330 57000 105000
d 105000 101000
d 75000 41000
d 17000 95000
r 1400 247 45000 55000
d 17000 97000
d 113000 57000
d 79000 83000
r 1600 448 111000 33000
d 27000 29000
d 95000 13000
d 61000 71000
r 1200 396 27000 97000
d 23000 71000
d 115000 63000
d 77000 93000
r 1400 359 81000 3000
d 71000 97000
d 85000 5000
d 73000 55000
r 1600 489 27000 105000
d 9000 17000
d 33000 23000
d 53000 111000
r 1200 239 35000 97000
d 41000 39000
d 115000 43000
d 7000 41000
r 1600 167 99000 101000
d 7000 3000
d 45000 91000
d 29000 63000
r 1400 330 17000 75000
d 95000 5000
d 65000 39000
d 87000 87000
r 1000 479 55000 77000
d 69000 23000
d 11000 51000
d 19000 91000
r 1400 202 105000 31000
d 51000 79000
d 41000 15000
d 21000 17000
r 1200 209 19000 29000
d 101000 75000
d 83000 63000
d 3000 37000
r 1000 166 103000 31000
d 69000 111000
d 29000 89000
d 81000 63000
r 1000 118 105000 113000
d 103000 53000
d 51000 71000
d 41000 43000
r 1000 287 77000 95000
d 51000 103000
d 111000 23000
d 5000 57000
r 1000 326 53000 37000
d 1000 17000
d 19000 41000
d 7000 21000
r 1200 342 23000 5000
d 85000 83000
d 45000 59000
d 111000 109000
r 1000 149 19000 83000
d 19000 95000
d 43000 117000
d 81000 73000
r 1200 346 21000 115000
d 95000 29000
d 19000 41000
d 103000 47000
r 1800 333 11000 33000
d 3000 11000
d 43000 69000
d 13000 81000
r 1000 390 103000 41000
d 13000 55000
d 5000 35000
d 11000 35000
r 1200 385 103000 21000
d 85000 49000
d 73000 63000
d 111000 77000
