g 50 50 2000
r 1800 244 85000 57000
d 55000 35000
d 3000 95000
d 33000 73000
r 1200 122 85000 53000
d 25000 37000
d 39000 27000
d 71000 59000
r 1400 246 55000 75000
d 43000 23000
d 37000 27000
d 33000 33000
r 1800 450 73000 1000
d 59000 49000
d 47000 53000
d 73000 91000
r 1800 383 31000 5000
d 5000 45000
d 7000 17000
d 1000 43000
r 1600 440 93000 61000
d 95000 97000
d 57000 3000
d 59000 59000
r 1800 421 5000 71000
d 57000 91000
d 17000 7000
d 3000 57000
r 1600 261 97000 79000
d 61000 59000
d 69000 71000
d 81000 43000
r 1400 420 41000 71000
d 73000 7000
d 77000 61000
d 63000 63000
r 1000 187 57000 59000
d 15000 75000
d 37000 57000
d 93000 83000
r 1400 491 17000 27000
d 5000 39000
d 79000 57000
d 17000 27000
r 1000 287 15000 59000
d 51000 25000
d 53000 31000
d 77000 67000
r 1200 320 59000 69000
d 85000 63000
d 85000 55000
d 35000 89000
r 1600 372 67000 27000
d 23000 91000
d 43000 5000
d 83000 79000
r 1400 497 71000 29000
d 21000 41000
d 37000 87000
d 43000 85000
r 1200 175 49000 65000
d 83000 9000
d 91000 35000
d 95000 77000
r 1200 368 75000 21000
d 87000 77000
d 87000 59000
d 1000 81000
r 1800 441 57000 79000
d 45000 19000
d 51000 97000
d 57000 95000
r 1600 245 53000 23000
d 51000 69000
d 81000 43000
d 37000 97000
r 1800 210 19000 69000
d 77000 13000
d 41000 67000
d 17000 27000
r 1000 309 29000 33000
d 21000 61000
d 93000 25000
d 39000 47000
r 1200 161 15000 69000
d 85000 11000
d 57000 37000
d 41000 29000
r 1200 442 37000 63000
d 61000 27000
d 81000 5000
d 55000 57000
r 1800 432 65000 89000
d 57000 61000
d 7000 83000
d 81000 97000
r 1800 257 71000 13000
d 19000 77000
d 57000 87000
d 73000 19000
r 1600 112 51000 51000
d 87000 19000
d 29000 63000
d 19000 31000
r 1600 173 3000 39000
d 93000 71000
d 29000 47000
d 47000 59000
r 1600 396 11000 19000
d 53000 81000
d 31000 29000
d 39000 35000
r 1200 398 35000 61000
d 29000 91000
d 39000 57000
d 31000 83000
r 1200 362 61000 15000
d 93000 69000
d 91000 71000
d 35000 39000
r 1400 198 5000 59000
d 25000 81000
d 65000 55000
d 45000 63000
r 1600 239 9000 67000
d 85000 29000
d 3000 77000
d 75000 17000
r 1600 142 27000 41000
d 35000 5000
d 31000 37000
d 45000 87000
r 1200 173 53000 5000
d 21000 73000
d 69000 89000
d 83000 69000
r 1200 500 81000 31000
d 71000 9000
d 53000 31000
d 1000 81000
r 1600 325 35000 51000
d 9000 63000
d 61000 9000
d 97000 7000
r 1800 380 23000 79000
d 69000 59000
d 55000 27000
d 57000 83000
r 1200 271 63000 77000
d 97000 93000
d 71000 15000
d 55000 91000
r 1600 447 53000 27000
d 21000 93000
d 35000 55000
d 43000 71000
r 1200 116 91000 79000
d 85000 3000
d 23000 15000
d 89000 55000
r 1200 136 41000 7000
d 57000 89000
d 17000 67000
d 39000 51000
r 1400 408 33000 97000
d 23000 29000
d 69000 43000
d 43000 29000
r 1000 248 75000 67000
d 25000 59000
d 97000 53000
d 39000 55000
r 1600 307 13000 45000
d 85000 79000
d 91000 69000
d 81000 67000
r 1800 427 75000 65000
d 31000 7000
d 75000 43000
d 87000 65000
r 1000 191 9000 9000
d 85000 25000
d 51000 29000
d 15000 31000
r 1000 323 23000 13000
d 27000 9000
d 31000 73000
d 41000 45000
r 1200 338 95000 1000
d 17000 87000
d 27000 45000
d 93000 59000
r 1800 441 93000 5000
d 73000 13000
d 33000 47000
d 59000 51000
r 1800 235 15000 73000
d 37000 63000
d 27000 91000
d 57000 85000
r 1000 325 39000 19000
d 65000 67000
d 11000 91000
d 35000 7000
r 1000 296 85000 69000
d 13000 13000
d 13000 63000
d 13000 51000
r 1200 335 7000 55000
d 43000 39000
d 91000 85000
d 63000 67000
r 1600 297 63000 79000
d 11000 27000
d 1000 23000
d 87000 9000
r 1800 272 29000 7000
d 57000 69000
d 9000 51000
d 81000 13000
r 1600 490 79000 25000
d 27000 15000
d 37000 81000
d 65000 35000
r 1400 446 77000 7000
d 83000 59000
d 5000 45000
d 45000 59000
r 1800 274 7000 31000
d 57000 59000
d 49000 63000
d 85000 35000
r 1000 192 53000 9000
d 75000 53000
d 41000 67000
d 23000 65000
r 1600 348 65000 33000
d 61000 39000
d 89000 95000
d 43000 51000
r 1600 233 17000 41000
d 7000 93000
d 83000 79000
d 23000 19000
r 1600 447 11000 13000
d 93000 39000
d 65000 61000
d 1000 25000
r 1400 149 81000 5000
d 57000 87000
d 51000 91000
d 25000 61000
r 1200 449 49000 67000
d 97000 93000
d 27000 25000
d 3000 45000
r 1000 156 79000 85000
d 21000 85000
d 89000 29000
d 17000 97000
r 1000 105 75000 83000
d 7000 3000
d 7000 91000
d 71000 83000
r 1800 220 55000 1000
d 59000 83000
d 9000 85000
d 53000 83000
r 1400 444 85000 1000
d 35000 81000
d 27000 95000
d 93000 69000
r 1000 331 79000 39000
d 43000 53000
d 75000 43000
d 77000 85000
r 1200 214 29000 85000
d 31000 91000
d 83000 25000
d 13000 41000
r 1600 105 61000 19000
d 57000 65000
d 47000 39000
d 67000 55000
r 1000 430 63000 59000
d 1000 75000
d 19000 37000
d 49000 39000
r 1800 136 29000 23000
d 75000 17000
d 63000 55000
d 13000 25000
r 1800 419 71000 65000
d 15000 25000
d 35000 55000
d 89000 73000
r 1400 410 77000 75000
d 55000 41000
d 5000 63000
d 39000 57000
r 1200 223 55000 89000
d 37000 13000
d 73000 95000
d 7000 55000
r 1000 377 41000 73000
d 1000 69000
d 35000 27000
d 71000 67000
r 1200 454 51000 3000
d 89000 45000
d 79000 85000
d 71000 3000
r 1400 242 35000 9000
d 65000 37000
d 33000 31000
d 35000 49000
r 1400 117 49000 85000
d 65000 57000
d 31000 49000
d 81000 21000
r 1600 205 49000 3000
d 15000 57000
d 45000 69000
d 37000 95000
r 1200 170 23000 71000
d 73000 97000
d 77000 39000
d 5000 67000
r 1000 172 29000 61000
d 69000 35000
d 11000 45000
d 73000 7000
r 1600 376 19000 45000
d 67000 23000
d 97000 71000
d 13000 35000
r 1000 200 47000 3000
d 21000 59000
d 77000 35000
d 21000 95000
r 1000 180 57000 33000
d 59000 67000
d 57000 25000
d 27000 9000
r 1800 197 75000 93000
d 85000 3000
d 55000 15000
d 25000 15000
r 1000 309 29000 83000
d 93000 63000
d 5000 47000
d 81000 27000
r 1000 313 1000 67000
d 69000 37000
d 49000 25000
d 89000 3000
r 1600 354 93000 77000
d 31000 39000
d 33000 79000
d 95000 15000
r 1000 100 3000 59000
d 61000 57000
d 45000 55000
d 73000 13000
r 1400 363 35000 81000
d 85000 37000
d 15000 27000
d 1000 89000
r 1600 180 95000 91000
d 79000 13000
d 7000 57000
d 59000 15000
r 1800 208 63000 93000
d 19000 43000
d 31000 87000
d 63000 53000
r 1200 327 57000 89000
d 67000 39000
d 95000 35000
d 47000 9000
r 1800 263 3000 29000
d 67000 79000
d 71000 75000
d 75000 45000
r 1800 323 67000 91000
d 61000 85000
d 63000 75000
d 63000 77000
r 1800 372 23000 77000
d 9000 23000
d 95000 5000
d 93000 15000
r 1000 172 77000 15000
d 93000 9000
d 21000 81000
d 47000 35000
r 1400 325 7000 13000
d 57000 33000
d 21000 17000
d 45000 25000
r 1400 459 67000 45000
d 57000 21000
d 47000 57000
d 79000 87000
r 1200 279 31000 45000
d 81000 51000
d 89000 53000
d 57000 9000
r 1000 144 51000 53000
d 53000 79000
d 25000 55000
d 5000 43000
r 1800 356 53000 7000
d 27000 81000
d 1000 87000
d 17000 59000
r 1000 431 11000 11000
d 17000 91000
d 13000 57000
d 71000 87000
r 1200 169 29000 75000
d 55000 59000
d 65000 5000
d 37000 65000
r 1000 267 81000 49000
d 71000 93000
d 1000 19000
d 61000 63000
r 1200 464 29000 73000
d 89000 35000
d 17000 11000
d 55000 23000
r 1200 399 47000 45000
d 77000 77000
d 13000 27000
d 13000 23000
r 1400 320 79000 3000
d 57000 71000
d 71000 13000
d 65000 9000
r 1600 372 19000 85000
d 53000 55000
d 27000 1000
d 97000 47000
r 1800 268 97000 57000
d 83000 93000
d 39000 33000
d 27000 73000
r 1400 137 97000 67000
d 65000 9000
d 41000 89000
d 75000 55000
r 1000 241 17000 75000
d 63000 49000
d 55000 19000
d 19000 63000
r 1000 273 61000 39000
d 51000 53000
d 61000 9000
d 25000 27000
r 1400 401 17000 35000
d 57000 1000
d 53000 67000
d 69000 93000
r 1600 233 5000 39000
d 55000 53000
d 89000 5000
d 95000 25000
r 1000 362 43000 71000
d 59000 81000
d 93000 81000
d 35000 37000
r 1800 322 81000 77000
d 95000 65000
d 93000 7000
d 27000 75000
r 1800 218 49000 7000
d 51000 13000
d 37000 61000
d 39000 51000
r 1000 202 27000 89000
d 63000 97000
d 49000 75000
d 93000 21000
r 1400 196 35000 29000
d 35000 11000
d 19000 31000
d 77000 31000
r 1200 378 29000 79000
d 59000 11000
d 77000 21000
d 77000 15000
r 1400 447 53000 41000
d 69000 55000
d 47000 11000
d 59000 49000
r 1800 119 75000 37000
d 35000 1000
d 39000 33000
d 75000 39000
r 1400 440 89000 61000
d 67000 29000
d 43000 55000
d 41000 51000
r 1400 157 73000 49000
d 65000 31000
d 41000 79000
d 49000 71000
r 1400 280 29000 67000
d 69000 11000
d 73000 5000
d 85000 79000
r 1400 368 25000 57000
d 55000 91000
d 73000 83000
d 41000 51000
r 1800 305 53000 51000
d 73000 31000
d 81000 63000
d 29000 63000
r 1000 196 27000 85000
d 37000 27000
d 13000 3000
d 93000 87000
r 1600 171 21000 21000
d 83000 9000
d 43000 69000
d 27000 3000
r 1400 332 63000 69000
d 5000 21000
d 15000 7000
d 31000 15000
r 1200 306 25000 17000
d 41000 3000
d 45000 21000
d 69000 33000
r 1600 476 35000 23000
d 85000 87000
d 13000 31000
d 33000 59000
r 1000 488 3000 31000
d 75000 43000
d 17000 43000
d 13000 95000
r 1200 266 31000 81000
d 35000 75000
d 91000 57000
d 83000 13000
r 1400 462 69000 23000
d 59000 25000
d 97000 51000
d 73000 89000
r 1600 362 73000 35000
d 29000 73000
d 19000 33000
d 93000 83000
r 1200 303 73000 25000
d 9000 15000
d 19000 77000
d 47000 91000
r 1200 336 1000 61000
d 51000 91000
d 23000 39000
d 45000 75000
r 1000 250 11000 3000
d 25000 69000
d 69000 17000
d 1000 23000
r 1800 291 63000 25000
d 59000 11000
d 15000 43000
d 33000 13000
r 1200 337 47000 69000
d 39000 73000
d 45000 7000
d 73000 37000
r 1000 179 27000 15000
d 57000 3000
d 45000 9000
d 59000 97000
r 1000 130 59000 59000
d 1000 55000
d 7000 69000
d 83000 81000
r 1400 404 41000 77000
d 73000 15000
d 57000 63000
d 59000 21000
r 1600 459 17000 77000
d 93000 55000
d 41000 85000
d 25000 17000
r 1400 445 39000 93000
d 7000 75000
d 83000 45000
d 53000 3000
r 1600 398 45000 89000
d 69000 65000
d 21000 7000
d 97000 77000
r 1800 293 63000 27000
d 97000 59000
d 13000 13000
d 49000 15000
r 1400 397 87000 59000
d 9000 39000
d 21000 25000
d 17000 53000
r 1800 354 73000 59000
d 51000 79000
d 97000 41000
d 5000 43000
r 1000 145 31000 49000
d 47000 57000
d 69000 63000
d 23000 95000
r 1400 483 95000 43000
d 77000 45000
d 63000 1000
d 13000 25000
r 1600 396 61000 47000
d 51000 35000
d 61000 43000
d 93000 29000
r 1200 436 33000 17000
d 35000 81000
d 15000 49000
d 15000 11000
r 1400 400 95000 39000
d 87000 23000
d 53000 71000
d 15000 67000
r 1200 325 63000 31000
d 73000 19000
d 93000 77000
d 57000 41000
r 1800 499 79000 27000
d 5000 79000
d 53000 89000
d 81000 89000
r 1600 263 85000 75000
d 17000 45000
d 97000 95000
d 95000 59000
r 1400 239 41000 31000
d 89000 57000
d 21000 97000
d 83000 23000
r 1200 326 93000 59000
d 13000 21000
d 57000 79000
d 63000 23000
r 1600 476 21000 97000
d 95000 55000
d 65000 13000
d 67000 81000
r 1000 224 69000 47000
d 55000 75000
d 35000 83000
d 95000 3000
r 1800 355 21000 71000
d 93000 95000
d 37000 1000
d 57000 97000
r 1600 475 87000 87000
d 41000 19000
d 41000 3000
d 31000 93000
r 1600 475 39000 37000
d 89000 95000
d 95000 75000
d 17000 5000
r 1600 101 3000 75000
d 11000 31000
d 49000 77000
d 67000 5000
r 1000 321 23000 51000
d 43000 91000
d 7000 89000
d 5000 85000
r 1600 268 21000 45000
d 35000 61000
d 21000 21000
d 23000 73000
r 1200 310 95000 87000
d 29000 97000
d 17000 67000
d 7000 41000
r 1000 163 67000 71000
d 63000 39000
d 97000 53000
d 95000 39000
r 1400 217 85000 61000
d 79000 63000
d 75000 45000
d 61000 65000
r 1000 144 59000 1000
d 23000 35000
d 33000 21000
d 87000 89000
r 1600 249 47000 95000
d 73000 73000
d 31000 11000
d 67000 85000
r 1000 320 51000 57000
d 77000 1000
d 85000 79000
d 79000 47000
r 1600 343 89000 93000
d 71000 37000
d 95000 27000
d 53000 81000
r 1600 471 45000 5000
d 55000 45000
d 13000 43000
d 19000 13000
r 1400 250 65000 5000
d 17000 81000
d 13000 33000
d 15000 67000
r 1400 364 67000 35000
d 11000 17000
d 3000 55000
d 45000 43000
r 1400 197 61000 11000
d 21000 15000
d 25000 91000
d 37000 15000
r 1200 202 5000 91000
d 43000 43000
d 47000 33000
d 75000 39000
r 1000 102 37000 85000
d 67000 63000
d 27000 5000
d 77000 61000
r 1600 280 57000 61000
d 15000 1000
d 49000 65000
d 39000 83000
r 1800 244 33000 7000
d 11000 1000
d 51000 71000
d 57000 93000
r 1800 176 39000 97000
d 7000 75000
d 81000 53000
d 15000 87000
r 1000 365 63000 45000
d 33000 9000
d 3000 43000
d 15000 41000
r 1000 395 55000 97000
d 67000 5000
d 9000 95000
d 37000 53000
r 1600 320 15000 37000
d 49000 85000
d 9000 63000
d 75000 37000
r 1000 163 11000 91000
d 5000 55000
d 87000 21000
d 17000 15000
r 1200 126 43000 83000
d 47000 21000
d 43000 3000
d 13000 33000
r 1400 143 83000 47000
d 83000 83000
d 71000 79000
d 93000 17000
r 1000 476 27000 75000
d 53000 53000
d 1000 55000
d 37000 53000
r 1200 256 7000 45000
d 61000 3000
d 33000 17000
d 85000 49000
r 1400 333 83000 53000
d 61000 55000
d 7000 61000
d 49000 43000
r 1000 419 37000 73000
d 39000 61000
d 47000 21000
d 25000 61000
r 1600 382 7000 89000
d 21000 47000
d 41000 21000
d 67000 53000
r 1600 189 47000 53000
d 81000 75000
d 3000 95000
d 37000 79000
r 1200 314 95000 19000
d 13000 77000
d 93000 37000
d 11000 63000
r 1200 493 65000 47000
d 11000 21000
d 83000 95000
d 73000 47000
r 1400 397 49000 17000
d 43000 7000
d 3000 85000
d 13000 5000
r 1800 499 35000 93000
d 61000 89000
d 67000 93000
d 15000 33000
r 1600 393 71000 97000
d 57000 87000
d 35000 15000
d 93000 7000
r 1000 236 93000 1000
d 51000 35000
d 63000 11000
d 31000 55000
r 1800 157 57000 93000
d 35000 39000
d 51000 93000
d 61000 35000
r 1200 123 95000 51000
d 93000 1000
d 29000 69000
d 7000 43000
r 1000 151 65000 61000
d 79000 29000
d 25000 83000
d 11000 95000
r 1600 284 43000 57000
d 89000 71000
d 91000 3000
d 91000 55000
r 1000 421 89000 7000
d 81000 11000
d 3000 75000
d 69000 31000
r 1400 279 87000 85000
d 87000 23000
d 11000 67000
d 41000 11000
r 1000 294 63000 5000
d 71000 77000
d 9000 63000
d 79000 97000
r 1400 303 23000 25000
d 25000 51000
d 75000 89000
d 31000 41000
r 1800 475 31000 7000
d 39000 51000
d 91000 19000
d 23000 85000
r 1200 389 23000 75000
d 27000 59000
d 93000 43000
d 37000 29000
r 1000 449 93000 19000
d 3000 55000
d 7000 29000
d 41000 57000
r 1400 129 77000 91000
d 91000 35000
d 1000 81000
d 83000 31000
r 1400 282 41000 17000
d 25000 87000
d 91000 21000
d 81000 15000
r 1200 418 65000 15000
d 37000 69000
d 93000 77000
d 43000 79000
r 1800 265 27000 13000
d 33000 29000
d 41000 59000
d 73000 89000
r 1800 262 85000 71000
d 23000 13000
d 35000 75000
d 27000 87000
r 1800 192 51000 23000
d 51000 5000
d 25000 1000
d 29000 65000
r 1200 336 1000 75000
d 95000 61000
d 11000 81000
d 65000 9000
r 1800 287 49000 97000
d 85000 9000
d 51000 63000
d 29000 91000
r 1000 353 57000 29000
d 47000 79000
d 85000 95000
d 21000 77000
r 1200 384 37000 25000
d 93000 41000
d 53000 13000
d 45000 67000
r 1400 313 47000 51000
d 81000 63000
d 79000 95000
d 45000 87000
r 1400 254 91000 57000
d 3000 11000
d 7000 75000
d 41000 75000
r 1400 241 39000 69000
d 73000 59000
d 31000 7000
d 31000 67000
r 1200 453 31000 53000
d 69000 21000
d 75000 63000
d 47000 29000
r 1600 151 15000 65000
d 95000 27000
d 27000 35000
d 47000 75000
r 1800 289 87000 17000
d 7000 87000
d 71000 19000
d 47000 31000
r 1200 372 13000 19000
d 31000 37000
d 59000 73000
d 67000 87000
r 1800 182 65000 41000
d 69000 31000
d 63000 93000
d 77000 11000
r 1200 215 79000 83000
d 97000 13000
d 11000 33000
d 59000 37000
r 1800 366 63000 63000
d 73000 81000
d 51000 63000
d 69000 71000
r 1400 240 23000 31000
d 77000 3000
d 61000 97000
d 55000 1000
r 1400 227 65000 73000
d 21000 61000
d 61000 59000
d 33000 19000
r 1200 483 97000 97000
d 53000 89000
d 97000 75000
d 77000 63000
r 1200 380 85000 63000
d 73000 31000
d 5000 97000
d 1000 3000
r 1400 378 79000 35000
d 63000 49000
d 85000 17000
d 11000 59000
r 1800 437 79000 81000
d 25000 27000
d 49000 51000
d 93000 55000
r 1400 356 15000 15000
d 77000 7000
d 41000 59000
d 97000 19000
r 1200 412 85000 35000
d 13000 63000
d 3000 13000
d 15000 25000
r 1000 223 43000 17000
d 33000 37000
d 53000 51000
d 93000 41000
r 1800 329 85000 37000
d 85000 13000
d 15000 19000
d 23000 51000
r 1200 468 39000 29000
d 47000 17000
d 29000 63000
d 43000 83000
r 1000 426 65000 85000
d 55000 17000
d 47000 83000
d 97000 73000
r 1200 404 7000 11000
d 79000 37000
d 61000 59000
d 21000 89000
r 1400 233 67000 47000
d 59000 57000
d 25000 49000
d 85000 37000
