g 60 60 2000
r 1200 454 71000 47000
d 75000 47000
d 89000 105000
d 15000 33000
r 1800 404 3000 33000
d 115000 19000
d 79000 5000
d 57000 51000
r 1800 243 31000 37000
d 1000 25000
d 103000 19000
d 101000 21000
r 1200 130 95000 79000
d 1000 85000
d 79000 115000
d 17000 19000
r 1600 331 35000 55000
d 27000 53000
d 13000 47000
d 9000 35000
r 1000 118 63000 79000
d 99000 117000
d 29000 97000
d 37000 35000
r 1200 284 13000 31000
d 99000 5000
d 93000 61000
d 43000 35000
r 1400 179 15000 67000
d 59000 117000
d 47000 9000
d 43000 109000
r 1000 430 83000 87000
d 75000 103000
d 81000 63000
d 39000 95000
r 1800 478 65000 97000
d 11000 75000
d 107000 17000
d 85000 9000
r 1800 465 99000 71000
d 59000 23000
d 81000 89000
d 89000 107000
r 1600 350 105000 43000
d 35000 111000
d 21000 29000
d 43000 49000
r 1400 425 69000 93000
d 15000 47000
d 95000 55000
d 107000 5000
r 1800 200 1000 109000
d 61000 103000
d 79000 13000
d 19000 53000
r 1200 118 113000 49000
d 13000 13000
d 77000 41000
d 87000 11000
r 1400 458 35000 11000
d 39000 31000
d 49000 19000
d 7000 7000
r 1400 451 11000 37000
d 77000 115000
d 33000 9000
d 101000 73000
r 1200 128 107000 3000
d 13000 109000
d 17000 51000
d 3000 65000
r 1200 425 19000 45000
d 15000 87000
d 79000 35000
d 9000 21000
r 1200 343 35000 5000
d 41000 5000
d 65000 61000
d 73000 61000
r 1200 321 57000 55000
d 77000 111000
d 49000 71000
d 77000 47000
r 1600 443 61000 13000
d 63000 47000
d 25000 19000
d 25000 33000
r 1400 390 105000 91000
d 97000 93000
d 89000 45000
d 99000 117000
r 1000 319 115000 41000
d 65000 25000
d 99000 27000
d 11000 57000
r 1800 371 39000 57000
d 111000 107000
d 27000 39000
d 11000 91000
r 1000 386 75000 75000
d 95000 85000
d 95000 59000
d 25000 101000
r 1000 133 89000 31000
d 113000 69000
d 99000 23000
d 71000 69000
r 1000 242 3000 103000
d 5000 35000
d 77000 69000
d 61000 37000
r 1200 392 39000 19000
d 55000 35000
d 57000 39000
d 27000 3000
r 1200 366 117000 33000
d 101000 87000
d 1000 5000
d 47000 73000
r 1600 453 83000 57000
d 89000 113000
d 111000 107000
d 19000 33000
r 1000 203 45000 105000
d 45000 45000
d 77000 79000
d 103000 81000
r 1000 425 105000 1000
d 113000 51000
d 85000 59000
d 113000 1000
r 1200 322 13000 29000
d 97000 1000
d 99000 31000
d 75000 23000
r 1400 312 39000 87000
d 39000 81000
d 3000 23000
d 91000 57000
r 1800 179 21000 79000
d 65000 95000
d 91000 61000
d 31000 31000
r 1800 404 27000 37000
d 101000 71000
d 81000 5000
d 113000 105000
r 1400 359 23000 15000
d 85000 95000
d 117000 1000
d 7000 81000
r 1200 343 59000 19000
d 15000 13000
d 103000 69000
d 115000 95000
r 1800 331 81000 85000
d 41000 105000
d 61000 109000
d 61000 37000
r 1000 205 65000 101000
d 109000 21000
d 53000 43000
d 49000 13000
r 1400 274 21000 87000
d 25000 37000
d 101000 37000
d 51000 99000
r 1600 229 107000 21000
d 1000 13000
d 63000 101000
d 17000 117000
r 1400 225 29000 103000
d 105000 89000
d 57000 13000
d 115000 27000
r 1800 457 5000 65000
d 99000 109000
d 25000 15000
d 113000 107000
r 1400 494 89000 15000
d 113000 107000
d 109000 75000
d 49000 91000
r 1600 231 93000 99000
d 33000 89000
d 53000 65000
d 55000 117000
r 1200 425 39000 115000
d 1000 93000
d 89000 115000
d 57000 91000
r 1800 301 75000 21000
d 29000 15000
d 19000 37000
d 109000 85000
r 1600 279 49000 99000
d 21000 9000
d 23000 107000
d 49000 59000
r 1800 223 79000 101000
d 91000 85000
d 25000 49000
d 7000 71000
r 1000 445 31000 69000
d 109000 91000
d 1000 63000
d 43000 87000
r 1600 188 105000 111000
d 75000 33000
d 59000 105000
d 9000 93000
r 1800 207 13000 81000
d 7000 51000
d 37000 5000
d 17000 1000
r 1200 276 43000 81000
d 29000 97000
d 93000 7000
d 97000 21000
r 1400 144 27000 89000
d 43000 3000
d 3000 115000
d 109000 1000
r 1000 448 49000 39000
d 107000 89000
d 27000 93000
d 63000 3000
r 1200 427 71000 93000
d 109000 59000
d 93000 7000
d 51000 21000
r 1200 284 73000 89000
d 97000 3000
d 73000 1000
d 15000 87000
r 1600 113 109000 89000
d 67000 35000
d 113000 15000
d 15000 7000
r 1800 162 37000 27000
d 113000 33000
d 45000 51000
d 53000 23000
r 1600 352 75000 31000
d 5000 79000
d 81000 53000
d 67000 85000
r 1600 337 23000 81000
d 99000 41000
d 63000 77000
d 61000 93000
r 1200 156 35000 63000
d 59000 65000
d 17000 41000
d 77000 87000
r 1800 262 39000 69000
d 85000 49000
d 99000 11000
d 91000 41000
r 1400 181 23000 27000
d 117000 39000
d 21000 25000
d 69000 57000
r 1200 211 109000 77000
d 59000 103000
d 41000 39000
d 99000 9000
r 1600 318 63000 55000
d 5000 99000
d 83000 21000
d 21000 63000
r 1000 493 101000 87000
d 85000 57000
d 73000 101000
d 37000 47000
r 1000 214 3000 101000
d 87000 57000
d 37000 11000
d 41000 113000
r 1200 399 101000 115000
d 71000 79000
d 115000 11000
d 51000 21000
r 1600 201 53000 23000
d 79000 39000
d 105000 37000
d 19000 29000
