g 70 70 2000
r 1200 454 115000 57000
d 3000 5000
d 135000 37000
d 11000 125000
r 1800 404 55000 41000
d 95000 45000
d 7000 115000
d 49000 7000
r 1800 243 33000 27000
d 3000 11000
d 91000 131000
d 73000 51000
r 1200 130 37000 137000
d 37000 53000
d 119000 81000
d 13000 95000
r 1600 331 5000 47000
d 71000 67000
d 129000 47000
d 63000 35000
r 1000 118 17000 93000
d 135000 105000
d 73000 91000
d 49000 113000
r 1200 284 81000 39000
d 19000 33000
d 87000 109000
d 131000 79000
r 1400 179 111000 9000
d 103000 61000
d 71000 27000
d 73000 9000
r 1000 430 73000 117000
d 75000 133000
d 55000 13000
d 91000 137000
r 1800 478 75000 41000
d 65000 11000
d 89000 25000
d 53000 121000
r 1800 465 23000 41000
d 49000 105000
d 41000 95000
d 21000 117000
r 1600 350 39000 35000
d 11000 107000
d 135000 67000
d 107000 103000
r 1400 425 27000 127000
d 119000 15000
d 37000 11000
d 25000 111000
r 1800 200 133000 31000
d 3000 45000
d 39000 39000
d 133000 85000
r 1200 118 135000 3000
d 23000 61000
d 79000 93000
d 121000 19000
r 1400 458 119000 131000
d 71000 99000
d 65000 25000
d 17000 19000
r 1400 451 51000 91000
d 105000 17000
d 117000 41000
d 45000 53000
r 1200 128 23000 65000
d 59000 111000
d 127000 59000
d 93000 5000
r 1200 425 35000 25000
d 77000 109000
d 73000 69000
d 5000 53000
r 1200 343 31000 121000
d 31000 135000
d 57000 81000
d 67000 119000
r 1200 321 43000 53000
d 117000 29000
d 19000 97000
d 59000 69000
r 1600 443 9000 55000
d 137000 37000
d 107000 13000
d 109000 17000
r 1400 390 3000 117000
d 51000 5000
d 101000 85000
d 51000 115000
r 1000 319 111000 1000
d 79000 17000
d 65000 87000
d 93000 131000
r 1800 371 13000 3000
d 19000 125000
d 51000 81000
d 85000 131000
r 1000 386 53000 21000
d 33000 113000
d 41000 47000
d 63000 45000
r 1000 133 71000 53000
d 89000 69000
d 45000 37000
d 13000 99000
r 1000 242 39000 117000
d 137000 37000
d 107000 69000
d 25000 73000
r 1200 392 1000 37000
d 69000 133000
d 127000 121000
d 63000 105000
r 1200 366 17000 135000
d 47000 65000
d 61000 83000
d 125000 79000
r 1600 453 113000 113000
d 27000 25000
d 27000 15000
d 107000 77000
r 1000 203 23000 61000
d 55000 57000
d 129000 87000
d 43000 79000
r 1000 425 103000 125000
d 57000 135000
d 83000 83000
d 137000 115000
r 1200 322 75000 137000
d 95000 107000
d 91000 85000
d 25000 23000
r 1400 312 125000 119000
d 5000 123000
d 35000 99000
d 71000 83000
r 1800 179 51000 49000
d 53000 87000
d 71000 97000
d 15000 3000
r 1800 404 33000 85000
d 7000 89000
d 99000 59000
d 1000 29000
r 1400 359 83000 41000
d 71000 13000
d 9000 1000
d 107000 105000
r 1200 343 3000 123000
d 37000 31000
d 67000 7000
d 121000 121000
r 1800 331 125000 53000
d 51000 23000
d 9000 7000
d 79000 127000
r 1000 205 95000 109000
d 81000 79000
d 67000 21000
d 49000 17000
r 1400 274 113000 27000
d 45000 109000
d 61000 13000
d 67000 1000
r 1600 229 111000 47000
d 135000 73000
d 39000 117000
d 117000 77000
r 1400 225 131000 49000
d 9000 73000
d 93000 133000
d 105000 87000
r 1800 457 65000 21000
d 61000 137000
d 59000 7000
d 137000 67000
r 1400 494 101000 107000
d 91000 133000
d 19000 81000
d 131000 117000
r 1600 231 15000 57000
d 43000 135000
d 13000 121000
d 47000 65000
r 1200 425 123000 105000
d 77000 75000
d 5000 85000
d 27000 43000
r 1800 301 39000 17000
d 1000 95000
d 43000 83000
d 51000 133000
r 1600 279 11000 49000
d 137000 133000
d 1000 13000
d 69000 67000
r 1800 223 3000 25000
d 35000 89000
d 27000 101000
d 63000 133000
r 1000 445 29000 7000
d 103000 61000
d 107000 89000
d 39000 3000
r 1600 188 39000 123000
d 63000 121000
d 29000 19000
d 91000 107000
r 1800 207 15000 49000
d 7000 111000
d 73000 45000
d 29000 53000
r 1200 276 75000 73000
d 73000 23000
d 93000 19000
d 51000 125000
r 1400 144 129000 61000
d 41000 91000
d 37000 23000
d 29000 51000
r 1000 448 93000 25000
d 91000 19000
d 51000 79000
d 125000 63000
r 1200 427 49000 19000
d 49000 3000
d 121000 31000
d 85000 19000
r 1200 284 71000 9000
d 59000 17000
d 69000 133000
d 9000 55000
r 1600 113 39000 1000
d 13000 51000
d 61000 49000
d 53000 25000
r 1800 162 49000 31000
d 73000 135000
d 121000 3000
d 9000 45000
r 1600 352 103000 61000
d 137000 127000
d 115000 87000
d 25000 27000
r 1600 337 63000 101000
d 127000 117000
d 77000 29000
d 81000 43000
r 1200 156 99000 105000
d 37000 115000
d 131000 31000
d 127000 41000
r 1800 262 97000 123000
d 61000 99000
d 19000 81000
d 99000 3000
r 1400 181 89000 25000
d 1000 75000
d 111000 5000
d 67000 23000
r 1200 211 89000 49000
d 21000 41000
d 13000 41000
d 97000 29000
r 1600 318 1000 17000
d 71000 5000
d 83000 133000
d 91000 111000
r 1000 493 127000 27000
d 61000 123000
d 135000 107000
d 71000 7000
r 1000 214 81000 19000
d 89000 91000
d 65000 99000
d 15000 27000
r 1200 399 11000 73000
d 49000 13000
d 107000 61000
d 101000 45000
r 1600 201 45000 95000
d 127000 137000
d 59000 21000
d 19000 93000
r 1800 378 87000 21000
d 63000 17000
d 29000 37000
d 75000 23000
r 1000 420 41000 109000
d 117000 25000
d 101000 17000
d 65000 33000
r 1000 183 45000 119000
d 53000 21000
d 49000 111000
d 33000 105000
r 1000 115 123000 45000
d 113000 129000
d 79000 31000
d 55000 89000
r 1400 196 17000 65000
d 129000 89000
d 123000 53000
d 137000 89000
r 1200 294 3000 111000
d 125000 123000
d 37000 135000
d 129000 107000
r 1600 448 1000 53000
d 105000 53000
d 125000 81000
d 51000 69000
r 1000 301 105000 95000
d 107000 101000
d 9000 23000
d 25000 3000
r 1600 182 73000 121000
d 87000 71000
d 129000 9000
d 1000 47000
r 1800 269 53000 85000
d 85000 27000
d 59000 5000
d 109000 49000
r 1800 356 53000 59000
d 33000 107000
d 123000 105000
d 55000 41000
r 1000 492 13000 95000
d 63000 53000
d 73000 95000
d 7000 113000
r 1600 298 29000 121000
d 33000 29000
d 87000 81000
d 99000 31000
r 1400 441 109000 135000
d 25000 5000
d 83000 101000
d 25000 133000
r 1800 285 37000 93000
d 7000 9000
d 113000 119000
d 27000 35000
r 1200 218 95000 103000
d 31000 55000
d 69000 61000
d 11000 67000
r 1800 235 49000 21000
d 13000 93000
d 93000 87000
d 19000 31000
r 1800 262 99000 125000
d 113000 135000
d 75000 37000
d 109000 75000
r 1400 437 75000 17000
d 87000 89000
d 131000 77000
d 123000 81000
r 1000 385 85000 117000
d 63000 83000
d 17000 99000
d 121000 57000
r 1200 233 13000 79000
d 131000 103000
d 137000 41000
d 49000 39000
r 1600 347 47000 71000
d 67000 13000
d 39000 129000
d 93000 29000
r 1200 235 55000 35000
d 65000 125000
d 135000 9000
d 125000 109000
r 1000 307 99000 45000
d 23000 113000
d 55000 27000
d 119000 93000
r 1400 352 3000 3000
d 123000 27000
d 65000 17000
d 23000 101000
r 1600 408 27000 37000
d 29000 53000
d 131000 87000
d 71000 95000
r 1200 225 45000 35000
d 111000 77000
d 3000 23000
d 31000 129000
r 1200 254 53000 37000
d 65000 17000
d 15000 17000
d 125000 57000
r 1000 250 89000 27000
d 49000 61000
d 47000 133000
d 91000 127000
r 1200 174 135000 45000
d 117000 35000
d 69000 89000
d 63000 49000
r 1000 352 59000 73000
d 131000 25000
d 71000 1000
d 117000 73000
r 1000 244 33000 29000
d 65000 25000
d 121000 37000
d 31000 9000
r 1600 423 103000 79000
d 25000 67000
d 109000 83000
d 129000 13000
r 1600 483 15000 135000
d 79000 127000
d 25000 67000
d 97000 41000
r 1600 282 21000 19000
d 23000 85000
d 69000 131000
d 55000 71000
r 1400 411 37000 129000
d 41000 97000
d 133000 25000
d 41000 99000
r 1400 485 9000 97000
d 105000 99000
d 37000 37000
d 89000 9000
r 1600 306 121000 37000
d 127000 85000
d 97000 101000
d 79000 59000
r 1600 117 65000 131000
d 79000 123000
d 31000 137000
d 27000 105000
r 1600 397 129000 109000
d 125000 49000
d 47000 13000
d 129000 49000
r 1800 456 71000 83000
d 15000 87000
d 65000 137000
d 35000 87000
r 1000 155 41000 89000
d 123000 99000
d 55000 45000
d 41000 1000
r 1800 268 75000 21000
d 7000 53000
d 87000 93000
d 61000 5000
r 1400 374 23000 83000
d 111000 127000
d 97000 25000
d 81000 51000
r 1400 197 23000 29000
d 129000 1000
d 75000 111000
d 35000 93000
r 1000 473 107000 49000
d 57000 51000
d 99000 61000
d 61000 53000
r 1200 348 93000 75000
d 61000 67000
d 41000 1000
d 115000 97000
r 1600 193 41000 1000
d 59000 13000
d 113000 81000
d 7000 53000
r 1800 188 77000 135000
d 25000 1000
d 87000 49000
d 95000 103000
r 1200 494 89000 63000
d 17000 73000
d 123000 15000
d 3000 33000
r 1400 254 95000 89000
d 93000 133000
d 25000 55000
d 63000 89000
r 1400 347 47000 69000
d 41000 9000
d 55000 9000
d 109000 69000
r 1600 375 31000 13000
d 65000 129000
d 97000 89000
d 55000 103000
r 1600 231 107000 135000
d 133000 49000
d 11000 113000
d 79000 41000
r 1400 339 111000 89000
d 43000 9000
d 21000 5000
d 47000 83000
r 1400 256 79000 133000
d 87000 131000
d 131000 59000
d 115000 83000
r 1000 491 15000 103000
d 41000 127000
d 41000 133000
d 79000 67000
r 1200 100 5000 29000
d 5000 101000
d 43000 51000
d 135000 55000
r 1200 308 79000 49000
d 101000 15000
d 123000 63000
d 9000 53000
r 1000 368 91000 95000
d 29000 71000
d 81000 1000
d 119000 35000
r 1800 451 93000 123000
d 55000 57000
d 83000 79000
d 43000 105000
r 1600 333 123000 59000
d 37000 49000
d 137000 133000
d 49000 77000
r 1200 480 41000 135000
d 95000 105000
d 27000 17000
d 87000 107000
r 1600 213 57000 103000
d 115000 113000
d 103000 131000
d 125000 51000
r 1800 497 137000 97000
d 101000 115000
d 65000 113000
d 125000 39000
r 1000 376 5000 67000
d 45000 121000
d 33000 97000
d 89000 115000
r 1200 323 99000 15000
d 25000 81000
d 63000 1000
d 81000 109000
r 1400 352 29000 81000
d 39000 61000
d 61000 101000
d 27000 129000
r 1200 482 49000 69000
d 73000 89000
d 115000 9000
d 69000 101000
r 1400 127 135000 89000
d 23000 65000
d 87000 87000
d 51000 127000
r 1000 468 23000 7000
d 125000 57000
d 133000 23000
d 131000 7000
r 1600 116 83000 109000
d 23000 99000
d 19000 57000
d 33000 81000
r 1000 465 39000 15000
d 85000 31000
d 119000 123000
d 71000 45000
r 1400 432 83000 39000
d 99000 17000
d 5000 57000
d 77000 25000
r 1600 211 51000 131000
d 53000 127000
d 65000 43000
d 101000 87000
r 1000 496 41000 19000
d 105000 43000
d 73000 37000
d 3000 97000
r 1000 180 17000 75000
d 87000 123000
d 101000 99000
d 101000 129000
r 1800 307 99000 53000
d 125000 67000
d 123000 107000
d 19000 61000
r 1800 286 67000 137000
d 125000 25000
d 135000 135000
d 95000 65000
r 1800 167 67000 53000
d 29000 91000
d 121000 109000
d 73000 47000
r 1200 492 121000 25000
d 35000 85000
d 13000 13000
d 7000 109000
r 1200 167 99000 113000
d 129000 123000
d 83000 57000
d 131000 67000
r 1200 213 107000 43000
d 123000 133000
d 13000 35000
d 61000 121000
r 1200 491 127000 37000
d 37000 69000
d 91000 27000
d 35000 107000
r 1600 143 83000 81000
d 9000 47000
d 77000 133000
d 55000 47000
r 1800 286 35000 107000
d 1000 69000
d 1000 11000
d 69000 51000
r 1600 471 99000 107000
d 135000 53000
d 23000 77000
d 87000 51000
r 1400 478 105000 29000
d 121000 133000
d 131000 61000
d 91000 111000
r 1600 346 25000 127000
d 129000 125000
d 87000 105000
d 133000 31000
r 1400 278 73000 113000
d 23000 9000
d 113000 95000
d 17000 11000
r 1200 391 21000 75000
d 47000 69000
d 95000 11000
d 33000 131000
r 1800 465 93000 55000
d 49000 3000
d 41000 135000
d 137000 91000
r 1600 245 121000 11000
d 69000 27000
d 101000 3000
d 7000 125000
r 1800 365 37000 23000
d 93000 35000
d 29000 137000
d 25000 129000
r 1600 291 33000 11000
d 119000 35000
d 5000 131000
d 23000 21000
r 1400 143 37000 105000
d 125000 91000
d 65000 75000
d 11000 45000
r 1400 365 93000 131000
d 71000 105000
d 135000 137000
d 129000 13000
r 1400 343 101000 35000
d 133000 107000
d 135000 99000
d 107000 11000
r 1200 183 89000 125000
d 69000 11000
d 125000 53000
d 111000 47000
r 1000 394 115000 135000
d 117000 53000
d 123000 91000
d 45000 5000
r 1600 131 1000 73000
d 79000 71000
d 17000 135000
d 77000 9000
r 1200 480 11000 1000
d 97000 77000
d 77000 35000
d 115000 71000
r 1200 143 7000 47000
d 1000 65000
d 75000 107000
d 25000 137000
r 1400 420 131000 85000
d 5000 85000
d 1000 9000
d 5000 53000
r 1400 453 109000 101000
d 39000 89000
d 1000 71000
d 31000 89000
r 1200 452 75000 27000
d 9000 87000
d 35000 53000
d 125000 23000
r 1400 257 75000 123000
d 33000 91000
d 115000 33000
d 87000 129000
r 1600 280 13000 93000
d 111000 71000
d 105000 7000
d 35000 13000
r 1600 122 101000 87000
d 17000 33000
d 87000 3000
d 33000 49000
r 1800 363 27000 11000
d 61000 113000
d 59000 57000
d 87000 111000
r 1200 186 93000 41000
d 135000 43000
d 39000 59000
d 97000 57000
r 1400 406 47000 111000
d 55000 79000
d 47000 69000
d 79000 45000
r 1600 495 13000 15000
d 13000 129000
d 135000 55000
d 137000 91000
r 1800 374 83000 63000
d 93000 95000
d 81000 119000
d 23000 43000
r 1400 350 1000 101000
d 61000 85000
d 31000 81000
d 131000 73000
r 1200 376 15000 9000
d 91000 73000
d 135000 9000
d 101000 11000
r 1000 439 11000 3000
d 1000 23000
d 125000 59000
d 73000 127000
r 1600 277 87000 135000
d 47000 51000
d 89000 113000
d 103000 79000
r 1400 484 41000 47000
d 73000 109000
d 97000 45000
d 9000 95000
r 1800 380 17000 19000
d 15000 89000
d 105000 113000
d 51000 117000
r 1200 457 11000 55000
d 83000 83000
d 131000 19000
d 107000 25000
r 1000 252 59000 91000
d 9000 19000
d 97000 39000
d 25000 83000
r 1000 118 55000 15000
d 123000 57000
d 71000 89000
d 33000 31000
r 1000 145 35000 127000
d 121000 125000
d 89000 89000
d 111000 91000
r 1000 272 49000 109000
d 45000 15000
d 25000 113000
d 131000 131000
r 1200 127 19000 33000
d 17000 109000
d 137000 127000
d 17000 99000
r 1600 161 37000 101000
d 121000 47000
d 11000 109000
d 133000 129000
r 1400 500 27000 121000
d 33000 47000
d 55000 75000
d 13000 135000
r 1000 439 41000 103000
d 1000 77000
d 59000 37000
d 63000 93000
r 1400 178 75000 121000
d 73000 37000
d 105000 33000
d 15000 133000
r 1800 453 67000 47000
d 37000 65000
d 17000 127000
d 135000 3000
r 1200 167 119000 25000
d 11000 9000
d 61000 55000
d 107000 41000
r 1800 163 49000 95000
d 83000 1000
d 35000 75000
d 59000 101000
r 1800 225 27000 107000
d 93000 119000
d 39000 81000
d 39000 5000
r 1600 223 51000 63000
d 109000 11000
d 129000 97000
d 103000 39000
r 1000 415 97000 17000
d 49000 109000
d 123000 53000
d 59000 61000
r 1000 295 75000 13000
d 127000 71000
d 131000 115000
d 3000 129000
r 1200 408 23000 53000
d 3000 27000
d 19000 71000
d 59000 17000
r 1200 473 131000 105000
d 7000 67000
d 133000 15000
d 35000 31000
r 1400 184 81000 83000
d 35000 15000
d 11000 133000
d 53000 97000
r 1200 469 107000 69000
d 87000 39000
d 63000 63000
d 27000 33000
r 1400 291 115000 87000
d 41000 91000
d 51000 129000
d 5000 19000
r 1200 101 45000 25000
d 133000 97000
d 113000 131000
d 5000 75000
r 1200 246 35000 11000
d 99000 59000
d 107000 77000
d 125000 61000
r 1200 255 111000 21000
d 21000 125000
d 5000 95000
d 31000 25000
r 1000 318 87000 107000
d 25000 39000
d 21000 43000
d 19000 99000
r 1000 219 103000 7000
d 67000 69000
d 35000 45000
d 103000 45000
r 1000 158 61000 97000
d 51000 95000
d 65000 85000
d 103000 35000
r 1600 271 127000 125000
d 73000 65000
d 81000 127000
d 105000 95000
r 1200 278 83000 11000
d 111000 117000
d 75000 5000
d 83000 59000
r 1800 283 83000 113000
d 131000 33000
d 19000 41000
d 27000 25000
r 1200 443 61000 83000
d 65000 45000
d 17000 17000
d 31000 83000
r 1400 482 57000 75000
d 87000 31000
d 45000 95000
d 15000 111000
r 1200 137 63000 89000
d 49000 127000
d 61000 111000
d 23000 69000
r 1800 285 103000 57000
d 31000 69000
d 127000 13000
d 65000 101000
r 1000 498 7000 35000
d 11000 123000
d 89000 93000
d 21000 3000
r 1600 166 99000 43000
d 83000 93000
d 13000 3000
d 7000 5000
r 1200 496 99000 7000
d 77000 91000
d 131000 61000
d 37000 19000
r 1800 101 79000 45000
d 91000 77000
d 47000 23000
d 29000 75000
r 1800 263 99000 41000
d 83000 69000
d 17000 19000
d 109000 25000
r 1400 417 65000 91000
d 35000 103000
d 39000 11000
d 63000 83000
r 1000 469 115000 41000
d 51000 105000
d 11000 131000
d 129000 75000
r 1200 384 107000 77000
d 17000 97000
d 1000 75000
d 103000 29000
r 1000 299 35000 125000
d 85000 21000
d 119000 5000
d 67000 79000
r 1000 465 77000 107000
d 65000 49000
d 85000 121000
d 37000 63000
r 1000 267 79000 129000
d 131000 91000
d 81000 95000
d 131000 89000
r 1400 191 69000 53000
d 81000 107000
d 107000 105000
d 57000 15000
r 1000 193 125000 115000
d 21000 57000
d 125000 71000
d 11000 97000
r 1400 210 93000 91000
d 81000 107000
d 79000 35000
d 25000 21000
r 1800 426 45000 3000
d 99000 101000
d 51000 35000
d 83000 131000
r 1400 170 57000 93000
d 123000 99000
d 43000 123000
d 39000 75000
r 1200 123 59000 37000
d 9000 115000
d 7000 107000
d 49000 61000
r 1000 405 107000 31000
d 69000 133000
d 117000 47000
d 25000 127000
r 1200 412 91000 77000
d 63000 23000
d 75000 17000
d 33000 31000
r 1000 152 47000 51000
d 91000 61000
d 63000 3000
d 123000 23000
r 1800 113 59000 117000
d 131000 127000
d 81000 99000
d 107000 93000
r 1000 155 91000 31000
d 9000 51000
d 57000 27000
d 83000 121000
r 1000 356 31000 95000
d 95000 23000
d 33000 3000
d 131000 103000
r 1400 168 127000 117000
d 135000 11000
d 49000 101000
d 59000 75000
r 1000 138 111000 43000
d 15000 95000
d 45000 91000
d 137000 7000
r 1600 205 33000 111000
d 135000 91000
d 59000 29000
d 41000 81000
r 1600 150 99000 31000
d 27000 41000
d 137000 19000
d 93000 115000
r 1200 444 111000 135000
d 101000 27000
d 83000 91000
d 7000 87000
r 1800 125 81000 89000
d 3000 91000
d 99000 63000
d 105000 115000
r 1400 429 127000 107000
d 23000 19000
d 67000 71000
d 11000 31000
r 1200 106 131000 35000
d 99000 31000
d 31000 135000
d 79000 95000
r 1400 190 69000 37000
d 107000 133000
d 27000 121000
d 91000 91000
r 1200 234 43000 129000
d 59000 57000
d 99000 57000
d 93000 47000
r 1200 382 3000 71000
d 57000 47000
d 105000 43000
d 15000 1000
r 1000 221 25000 97000
d 91000 105000
d 21000 123000
d 119000 31000
r 1600 441 111000 49000
d 81000 53000
d 73000 125000
d 13000 93000
r 1000 139 65000 41000
d 115000 5000
d 43000 11000
d 3000 95000
r 1000 332 111000 117000
d 101000 33000
d 25000 53000
d 81000 29000
r 1200 113 47000 27000
d 27000 1000
d 107000 89000
d 43000 107000
r 1600 256 17000 21000
d 43000 31000
d 107000 85000
d 95000 11000
r 1400 387 83000 127000
d 29000 25000
d 107000 107000
d 105000 69000
r 1400 273 19000 67000
d 81000 29000
d 79000 93000
d 109000 107000
r 1400 114 51000 69000
d 91000 43000
d 65000 35000
d 95000 15000
r 1000 390 137000 19000
d 107000 93000
d 65000 119000
d 67000 35000
r 1200 449 53000 129000
d 103000 59000
d 135000 109000
d 15000 121000
r 1600 466 119000 73000
d 13000 51000
d 43000 109000
d 119000 93000
r 1800 437 133000 81000
d 11000 9000
d 39000 127000
d 91000 29000
r 1600 455 85000 111000
d 57000 87000
d 115000 19000
d 65000 33000
r 1000 470 125000 95000
d 65000 109000
d 21000 103000
d 27000 123000
r 1600 378 89000 89000
d 49000 115000
d 97000 79000
d 43000 135000
r 1000 353 103000 75000
d 53000 35000
d 47000 49000
d 75000 133000
r 1800 238 13000 67000
d 35000 77000
d 97000 49000
d 17000 127000
r 1000 220 121000 95000
d 101000 37000
d 131000 51000
d 43000 81000
r 1200 201 131000 89000
d 87000 23000
d 53000 125000
d 129000 7000
r 1200 403 11000 105000
d 35000 83000
d 25000 65000
d 35000 85000
r 1800 139 5000 65000
d 69000 97000
d 89000 73000
d 63000 129000
r 1800 192 111000 133000
d 27000 51000
d 53000 115000
d 107000 109000
r 1000 193 21000 53000
d 105000 21000
d 25000 69000
d 43000 113000
r 1800 262 7000 131000
d 57000 55000
d 43000 101000
d 65000 61000
r 1400 500 35000 83000
d 67000 31000
d 97000 95000
d 93000 105000
r 1000 124 81000 55000
d 79000 51000
d 5000 121000
d 109000 51000
r 1000 491 105000 37000
d 71000 15000
d 95000 109000
d 3000 137000
r 1000 283 81000 131000
d 31000 19000
d 61000 111000
d 7000 65000
r 1800 242 99000 95000
d 85000 9000
d 47000 123000
d 79000 111000
r 1000 448 129000 65000
d 129000 121000
d 55000 113000
d 43000 129000
r 1800 194 79000 5000
d 123000 75000
d 99000 1000
d 15000 75000
r 1200 195 121000 131000
d 61000 133000
d 59000 15000
d 41000 41000
r 1200 108 1000 91000
d 57000 57000
d 127000 135000
d 87000 125000
r 1000 232 23000 43000
d 19000 97000
d 89000 65000
d 15000 65000
r 1000 143 67000 101000
d 65000 21000
d 7000 97000
d 49000 61000
r 1800 460 89000 111000
d 135000 29000
d 23000 69000
d 5000 61000
r 1000 181 31000 1000
d 129000 13000
d 135000 25000
d 71000 83000
r 1200 168 65000 67000
d 47000 39000
d 131000 123000
d 59000 13000
r 1200 212 31000 97000
d 81000 129000
d 63000 103000
d 31000 5000
r 1600 463 3000 47000
d 1000 133000
d 45000 69000
d 15000 123000
r 1000 364 103000 113000
d 97000 15000
d 39000 21000
d 57000 31000
r 1400 350 97000 85000
d 21000 5000
d 81000 15000
d 31000 123000
r 1400 160 107000 1000
d 91000 97000
d 79000 95000
d 69000 97000
r 1200 393 65000 97000
d 85000 131000
d 127000 33000
d 117000 87000
r 1800 499 123000 101000
d 71000 103000
d 29000 91000
d 3000 49000
r 1200 285 29000 21000
d 95000 69000
d 17000 105000
d 55000 57000
r 1800 451 105000 73000
d 33000 107000
d 57000 129000
d 75000 65000
r 1400 365 107000 61000
d 87000 27000
d 81000 95000
d 135000 1000
r 1200 434 127000 93000
d 31000 41000
d 117000 111000
d 107000 51000
r 1400 171 65000 1000
d 61000 57000
d 17000 91000
d 97000 57000
r 1200 257 117000 65000
d 101000 137000
d 37000 59000
d 35000 79000
r 1000 125 131000 13000
d 27000 109000
d 9000 69000
d 135000 13000
r 1200 268 45000 131000
d 107000 17000
d 119000 85000
d 21000 121000
r 1800 350 29000 97000
d 103000 45000
d 53000 89000
d 73000 15000
r 1400 127 83000 125000
d 87000 83000
d 3000 23000
d 77000 137000
r 1400 345 5000 71000
d 11000 25000
d 105000 25000
d 29000 25000
r 1600 286 119000 51000
d 11000 89000
d 37000 9000
d 105000 71000
r 1800 345 55000 7000
d 63000 99000
d 69000 91000
d 71000 95000
r 1000 120 119000 129000
d 47000 133000
d 53000 63000
d 7000 51000
r 1000 420 67000 25000
d 31000 21000
d 39000 49000
d 25000 59000
r 1800 360 107000 41000
d 11000 11000
d 105000 135000
d 69000 63000
r 1600 459 73000 7000
d 119000 113000
d 25000 69000
d 111000 37000
r 1000 433 73000 79000
d 87000 21000
d 37000 19000
d 39000 83000
r 1600 242 19000 51000
d 7000 83000
d 137000 41000
d 23000 3000
r 1000 348 67000 95000
d 27000 89000
d 59000 29000
d 21000 123000
r 1000 419 125000 55000
d 49000 45000
d 113000 85000
d 7000 43000
r 1400 499 31000 111000
d 109000 129000
d 113000 119000
d 7000 31000
r 1000 329 63000 77000
d 25000 125000
d 101000 125000
d 127000 61000
r 1800 280 47000 101000
d 109000 99000
d 41000 3000
d 77000 127000
r 1800 394 3000 137000
d 49000 85000
d 103000 83000
d 137000 13000
r 1600 167 131000 43000
d 137000 15000
d 85000 31000
d 119000 111000
r 1200 384 35000 31000
d 107000 67000
d 121000 97000
d 21000 105000
r 1600 452 21000 41000
d 13000 9000
d 15000 33000
d 107000 7000
r 1400 395 55000 37000
d 51000 89000
d 13000 77000
d 33000 53000
r 1600 374 29000 49000
d 101000 121000
d 89000 127000
d 85000 123000
r 1600 249 61000 17000
d 89000 93000
d 39000 75000
d 49000 41000
r 1200 319 27000 35000
d 79000 99000
d 13000 41000
d 99000 23000
r 1400 408 69000 17000
d 121000 115000
d 113000 85000
d 11000 19000
r 1800 264 137000 39000
d 35000 137000
d 123000 55000
d 111000 15000
r 1600 448 137000 137000
d 51000 59000
d 41000 53000
d 55000 91000
r 1200 340 11000 57000
d 111000 39000
d 123000 55000
d 67000 55000
