g 30 30 2000
r 1200 454 49000 25000
d 7000 15000
d 13000 27000
d 29000 5000
r 1800 404 1000 27000
d 39000 41000
d 41000 21000
d 27000 19000
r 1800 243 21000 15000
d 47000 17000
d 13000 41000
d 25000 17000
r 1200 130 37000 27000
d 49000 41000
d 57000 37000
d 1000 29000
r 1600 331 3000 47000
d 53000 49000
d 57000 57000
d 11000 53000
r 1000 118 29000 29000
d 29000 15000
d 29000 29000
d 31000 41000
r 1200 284 19000 51000
d 9000 45000
d 25000 57000
d 57000 53000
r 1400 179 55000 51000
d 9000 27000
d 19000 1000
d 51000 25000
r 1000 430 41000 43000
d 17000 37000
d 9000 23000
d 17000 3000
r 1800 478 49000 53000
d 45000 53000
d 19000 9000
d 5000 1000
r 1800 465 21000 33000
d 3000 7000
d 55000 31000
d 29000 57000
r 1600 350 55000 11000
d 25000 37000
d 53000 43000
d 9000 53000
r 1400 425 5000 27000
d 25000 15000
d 5000 47000
d 15000 19000
r 1800 200 45000 19000
d 7000 43000
d 53000 21000
d 21000 31000
r 1200 118 29000 1000
d 17000 19000
d 17000 53000
d 21000 35000
r 1400 458 1000 33000
d 7000 23000
d 49000 19000
d 25000 39000
r 1400 451 41000 15000
d 41000 7000
d 43000 17000
d 35000 47000
r 1200 128 25000 45000
d 15000 21000
d 51000 33000
d 53000 43000
r 1200 425 13000 23000
d 17000 33000
d 35000 53000
d 45000 11000
r 1200 343 11000 53000
d 37000 23000
d 15000 9000
d 47000 19000
r 1200 321 43000 15000
d 55000 51000
d 39000 47000
d 23000 17000
r 1600 443 45000 1000
d 49000 13000
d 13000 51000
d 13000 11000
r 1400 390 1000 3000
d 51000 15000
d 47000 51000
d 27000 57000
r 1000 319 53000 25000
d 39000 33000
d 43000 43000
d 17000 43000
r 1800 371 23000 3000
d 5000 45000
d 29000 15000
d 41000 41000
r 1000 386 33000 55000
d 35000 45000
d 11000 35000
d 27000 7000
r 1000 133 9000 57000
d 15000 7000
d 27000 15000
d 57000 19000
r 1000 242 15000 7000
d 33000 13000
d 29000 17000
d 43000 29000
r 1200 392 37000 19000
d 5000 31000
d 21000 21000
d 17000 57000
r 1200 366 29000 5000
d 15000 13000
d 49000 49000
d 27000 43000
r 1600 453 1000 15000
d 49000 23000
d 53000 3000
d 29000 51000
r 1000 203 37000 37000
d 5000 33000
d 47000 7000
d 57000 27000
r 1000 425 21000 3000
d 19000 43000
d 9000 29000
d 1000 29000
r 1200 322 45000 49000
d 33000 19000
d 51000 39000
d 41000 1000
r 1400 312 15000 45000
d 55000 57000
d 3000 57000
d 23000 7000
r 1800 179 11000 43000
d 31000 9000
d 15000 11000
d 1000 13000
r 1800 404 53000 23000
d 29000 1000
d 3000 41000
d 57000 11000
r 1400 359 11000 37000
d 21000 35000
d 57000 3000
d 15000 9000
r 1200 343 25000 25000
d 21000 43000
d 37000 55000
d 7000 37000
r 1800 331 13000 13000
d 57000 23000
d 37000 57000
d 17000 19000
r 1000 205 55000 25000
d 47000 41000
d 33000 49000
d 47000 19000
r 1400 274 45000 55000
d 37000 29000
d 13000 39000
d 23000 41000
r 1600 229 55000 27000
d 7000 37000
d 25000 47000
d 53000 11000
r 1400 225 19000 31000
d 37000 45000
d 5000 13000
d 11000 9000
r 1800 457 53000 33000
d 43000 21000
d 7000 7000
d 57000 55000
r 1400 494 3000 15000
d 29000 27000
d 27000 55000
d 57000 55000
r 1600 231 31000 11000
d 43000 43000
d 33000 21000
d 41000 39000
r 1200 425 43000 37000
d 33000 33000
d 33000 23000
d 27000 37000
r 1800 301 13000 7000
d 51000 17000
d 29000 15000
d 5000 3000
r 1600 279 41000 49000
d 15000 51000
d 9000 35000
d 29000 51000
r 1800 223 19000 27000
d 9000 7000
d 35000 3000
d 17000 27000
r 1000 445 43000 57000
d 5000 47000
d 29000 25000
d 27000 49000
r 1600 188 21000 11000
d 55000 25000
d 45000 27000
d 35000 13000
r 1800 207 51000 47000
d 31000 43000
d 33000 43000
d 27000 51000
r 1200 276 5000 49000
d 9000 11000
d 9000 29000
d 39000 37000
r 1400 144 27000 21000
d 27000 23000
d 31000 35000
d 9000 49000
r 1000 448 47000 23000
d 37000 15000
d 43000 5000
d 55000 49000
r 1200 427 49000 5000
d 23000 13000
d 13000 5000
d 3000 21000
r 1200 284 29000 27000
d 11000 7000
d 23000 41000
d 31000 11000
r 1600 113 7000 39000
d 7000 49000
d 13000 57000
d 25000 25000
r 1800 162 37000 53000
d 41000 15000
d 43000 15000
d 57000 37000
r 1600 352 47000 15000
d 33000 53000
d 41000 45000
d 5000 17000
r 1600 337 33000 9000
d 1000 45000
d 31000 9000
d 37000 25000
