g 100 100 2000
r 1800 244 19000 143000
d 185000 143000
d 121000 15000
d 15000 135000
r 1200 122 51000 13000
d 67000 65000
d 193000 107000
d 161000 77000
r 1400 246 97000 165000
d 27000 139000
d 185000 121000
d 147000 167000
r 1800 450 11000 155000
d 133000 115000
d 9000 87000
d 13000 45000
r 1800 383 151000 151000
d 23000 133000
d 51000 123000
d 183000 73000
r 1600 440 181000 141000
d 23000 129000
d 61000 175000
d 107000 173000
r 1800 421 175000 55000
d 131000 185000
d 93000 19000
d 95000 117000
r 1600 261 169000 123000
d 1000 161000
d 3000 181000
d 111000 159000
r 1400 420 161000 183000
d 43000 189000
d 13000 73000
d 65000 131000
r 1000 187 111000 193000
d 119000 185000
d 125000 113000
d 7000 3000
r 1400 491 153000 179000
d 179000 37000
d 101000 89000
d 89000 87000
r 1000 287 87000 135000
d 85000 39000
d 105000 59000
d 29000 79000
r 1200 320 39000 123000
d 13000 77000
d 113000 105000
d 113000 115000
r 1600 372 105000 113000
d 39000 157000
d 181000 53000
d 185000 81000
r 1400 497 19000 93000
d 43000 67000
d 57000 181000
d 19000 145000
r 1200 175 143000 181000
d 5000 113000
d 105000 81000
d 119000 33000
r 1200 368 133000 99000
d 147000 135000
d 1000 185000
d 7000 3000
r 1800 441 123000 147000
d 17000 175000
d 47000 129000
d 135000 197000
r 1600 245 69000 131000
d 127000 91000
d 21000 95000
d 165000 27000
r 1800 210 19000 71000
d 51000 135000
d 29000 71000
d 77000 137000
r 1000 309 197000 165000
d 145000 115000
d 85000 21000
d 177000 93000
r 1200 161 23000 169000
d 113000 35000
d 129000 185000
d 141000 1000
r 1200 442 129000 25000
d 71000 161000
d 189000 15000
d 47000 117000
r 1800 432 83000 21000
d 139000 9000
d 73000 155000
d 137000 105000
r 1800 257 141000 35000
d 57000 157000
d 43000 121000
d 27000 183000
r 1600 112 119000 193000
d 81000 163000
d 73000 5000
d 35000 95000
r 1600 173 55000 147000
d 27000 151000
d 111000 3000
d 3000 75000
r 1600 396 43000 181000
d 135000 85000
d 95000 5000
d 151000 153000
r 1200 398 19000 101000
d 129000 187000
d 81000 1000
d 11000 83000
r 1200 362 169000 87000
d 185000 177000
d 151000 11000
d 73000 161000
r 1400 198 101000 151000
d 197000 163000
d 185000 87000
d 135000 125000
r 1600 239 73000 53000
d 145000 161000
d 19000 87000
d 53000 185000
r 1600 142 67000 189000
d 115000 49000
d 65000 165000
d 123000 85000
r 1200 173 165000 169000
d 55000 105000
d 89000 77000
d 79000 111000
r 1200 500 131000 137000
d 95000 59000
d 195000 29000
d 157000 13000
r 1600 325 99000 75000
d 183000 1000
d 71000 55000
d 61000 81000
r 1800 380 115000 107000
d 127000 113000
d 183000 163000
d 131000 31000
r 1200 271 69000 161000
d 35000 171000
d 107000 189000
d 139000 83000
r 1600 447 145000 9000
d 89000 55000
d 121000 125000
d 115000 81000
r 1200 116 137000 1000
d 87000 135000
d 93000 173000
d 103000 61000
r 1200 136 3000 189000
d 97000 145000
d 191000 83000
d 69000 63000
r 1400 408 27000 21000
d 109000 155000
d 119000 195000
d 35000 29000
r 1000 248 101000 11000
d 89000 41000
d 25000 67000
d 27000 127000
r 1600 307 101000 169000
d 103000 67000
d 195000 101000
d 51000 161000
r 1800 427 99000 31000
d 63000 109000
d 181000 75000
d 103000 43000
r 1000 191 195000 191000
d 151000 101000
d 41000 29000
d 131000 69000
r 1000 323 139000 55000
d 159000 143000
d 93000 17000
d 165000 191000
r 1200 338 193000 17000
d 189000 91000
d 99000 185000
d 161000 133000
r 1800 441 197000 139000
d 189000 17000
d 147000 39000
d 69000 17000
r 1800 235 45000 5000
d 27000 123000
d 1000 143000
d 179000 183000
r 1000 325 159000 29000
d 49000 111000
d 157000 155000
d 147000 15000
r 1000 296 107000 147000
d 171000 127000
d 75000 41000
d 163000 143000
r 1200 335 49000 83000
d 61000 59000
d 113000 151000
d 191000 109000
r 1600 297 23000 105000
d 161000 11000
d 119000 43000
d 97000 3000
r 1800 272 151000 117000
d 173000 83000
d 53000 179000
d 49000 119000
r 1600 490 173000 135000
d 49000 151000
d 179000 161000
d 79000 141000
r 1400 446 109000 63000
d 155000 57000
d 99000 93000
d 93000 171000
r 1800 274 79000 81000
d 85000 177000
d 163000 45000
d 169000 71000
r 1000 192 109000 163000
d 155000 99000
d 19000 73000
d 15000 13000
r 1600 348 27000 129000
d 179000 97000
d 73000 181000
d 51000 55000
r 1600 233 183000 113000
d 155000 25000
d 71000 113000
d 63000 143000
r 1600 447 113000 31000
d 9000 143000
d 53000 189000
d 7000 53000
r 1400 149 39000 87000
d 27000 147000
d 123000 109000
d 49000 195000
r 1200 449 17000 185000
d 39000 59000
d 155000 35000
d 147000 183000
r 1000 156 153000 169000
d 171000 153000
d 31000 173000
d 127000 25000
r 1000 105 77000 133000
d 91000 131000
d 111000 75000
d 173000 11000
r 1800 220 3000 175000
d 29000 17000
d 57000 81000
d 101000 185000
r 1400 444 29000 139000
d 145000 153000
d 133000 55000
d 175000 35000
r 1000 331 123000 141000
d 65000 185000
d 141000 39000
d 57000 113000
r 1200 214 159000 65000
d 97000 171000
d 75000 101000
d 81000 111000
r 1600 105 165000 5000
d 13000 101000
d 101000 177000
d 169000 35000
r 1000 430 131000 189000
d 45000 191000
d 181000 51000
d 13000 25000
r 1800 136 69000 35000
d 179000 115000
d 65000 167000
d 49000 119000
r 1800 419 49000 183000
d 103000 81000
d 21000 151000
d 165000 7000
r 1400 410 77000 55000
d 113000 27000
d 117000 55000
d 129000 145000
r 1200 223 123000 181000
d 167000 181000
d 149000 33000
d 129000 177000
r 1000 377 135000 173000
d 125000 59000
d 179000 189000
d 129000 19000
r 1200 454 17000 161000
d 169000 185000
d 3000 169000
d 187000 153000
r 1400 242 121000 145000
d 157000 155000
d 181000 53000
d 165000 173000
r 1400 117 123000 103000
d 99000 109000
d 61000 83000
d 49000 39000
r 1600 205 117000 31000
d 191000 45000
d 13000 11000
d 61000 83000
r 1200 170 55000 119000
d 31000 151000
d 103000 149000
d 183000 149000
r 1000 172 97000 187000
d 167000 119000
d 113000 109000
d 7000 111000
r 1600 376 71000 125000
d 3000 97000
d 155000 173000
d 131000 187000
r 1000 200 107000 191000
d 133000 119000
d 53000 15000
d 139000 113000
r 1000 180 139000 161000
d 99000 189000
d 123000 67000
d 33000 103000
r 1800 197 45000 55000
d 57000 23000
d 95000 29000
d 109000 43000
r 1000 309 9000 115000
d 83000 69000
d 27000 151000
d 131000 99000
r 1000 313 119000 145000
d 45000 79000
d 193000 105000
d 113000 121000
r 1600 354 43000 83000
d 51000 41000
d 7000 167000
d 191000 159000
r 1000 100 99000 127000
d 21000 59000
d 131000 23000
d 3000 161000
r 1400 363 129000 85000
d 83000 55000
d 177000 5000
d 143000 27000
r 1600 180 93000 61000
d 87000 89000
d 175000 71000
d 27000 41000
r 1800 208 117000 101000
d 141000 33000
d 193000 15000
d 115000 131000
r 1200 327 139000 65000
d 71000 143000
d 139000 187000
d 31000 33000
r 1800 263 167000 193000
d 91000 117000
d 19000 141000
d 125000 33000
r 1800 323 5000 185000
d 49000 101000
d 53000 61000
d 45000 117000
r 1800 372 187000 135000
d 55000 125000
d 63000 119000
d 107000 19000
r 1000 172 177000 29000
d 159000 197000
d 51000 7000
d 135000 73000
r 1400 325 151000 49000
d 83000 143000
d 53000 47000
d 79000 93000
r 1400 459 31000 47000
d 175000 103000
d 15000 27000
d 33000 57000
r 1200 279 1000 147000
d 173000 1000
d 187000 175000
d 193000 61000
r 1000 144 5000 137000
d 19000 103000
d 177000 67000
d 103000 17000
r 1800 356 53000 131000
d 3000 145000
d 35000 95000
d 143000 5000
r 1000 431 71000 167000
d 181000 143000
d 45000 71000
d 29000 37000
r 1200 169 39000 89000
d 51000 25000
d 165000 145000
d 105000 141000
r 1000 267 69000 49000
d 45000 83000
d 81000 41000
d 173000 3000
r 1200 464 39000 157000
d 135000 33000
d 131000 33000
d 21000 121000
r 1200 399 73000 49000
d 189000 47000
d 169000 81000
d 165000 187000
r 1400 320 65000 153000
d 97000 119000
d 19000 189000
d 75000 13000
r 1600 372 153000 71000
d 61000 149000
d 57000 85000
d 45000 131000
r 1800 268 113000 113000
d 65000 19000
d 135000 83000
d 177000 197000
r 1400 137 47000 173000
d 131000 169000
d 105000 91000
d 89000 177000
r 1000 241 37000 33000
d 21000 183000
d 117000 131000
d 185000 183000
r 1000 273 179000 51000
d 113000 33000
d 179000 81000
d 163000 173000
r 1400 401 149000 133000
d 21000 35000
d 139000 117000
d 177000 159000
r 1600 233 73000 115000
d 101000 75000
d 117000 61000
d 93000 55000
r 1000 362 167000 121000
d 9000 173000
d 137000 3000
d 153000 61000
r 1800 322 31000 113000
d 23000 83000
d 133000 159000
d 103000 119000
r 1800 218 75000 89000
d 157000 67000
d 129000 175000
d 181000 43000
r 1000 202 73000 7000
d 39000 13000
d 155000 161000
d 7000 103000
r 1400 196 65000 27000
d 67000 195000
d 115000 71000
d 59000 107000
r 1200 378 149000 127000
d 131000 55000
d 133000 169000
d 61000 115000
r 1400 447 47000 35000
d 187000 65000
d 85000 5000
d 25000 111000
r 1800 119 149000 131000
d 85000 181000
d 69000 111000
d 105000 175000
r 1400 440 55000 139000
d 111000 197000
d 119000 151000
d 103000 53000
r 1400 157 171000 121000
d 55000 129000
d 145000 187000
d 151000 97000
r 1400 280 115000 157000
d 83000 59000
d 31000 109000
d 183000 145000
r 1400 368 103000 125000
d 93000 99000
d 57000 57000
d 123000 125000
r 1800 305 45000 195000
d 41000 143000
d 115000 73000
d 125000 197000
r 1000 196 15000 45000
d 27000 77000
d 39000 129000
d 19000 157000
r 1600 171 167000 95000
d 147000 157000
d 27000 81000
d 73000 95000
r 1400 332 77000 161000
d 51000 87000
d 121000 135000
d 97000 99000
r 1200 306 183000 85000
d 55000 57000
d 95000 47000
d 167000 167000
r 1600 476 49000 41000
d 67000 135000
d 65000 113000
d 141000 189000
r 1000 488 83000 183000
d 5000 153000
d 183000 31000
d 175000 187000
r 1200 266 79000 151000
d 193000 95000
d 59000 149000
d 103000 197000
r 1400 462 155000 105000
d 37000 41000
d 3000 11000
d 97000 17000
r 1600 362 13000 43000
d 167000 47000
d 69000 83000
d 33000 189000
r 1200 303 65000 117000
d 159000 149000
d 173000 153000
d 45000 39000
r 1200 336 157000 151000
d 19000 99000
d 77000 177000
d 95000 5000
r 1000 250 195000 7000
d 25000 177000
d 89000 149000
d 43000 85000
r 1800 291 75000 159000
d 1000 197000
d 17000 195000
d 187000 165000
r 1200 337 119000 149000
d 183000 23000
d 79000 41000
d 53000 163000
r 1000 179 191000 69000
d 13000 121000
d 51000 169000
d 105000 31000
r 1000 130 129000 55000
d 95000 45000
d 131000 113000
d 93000 109000
r 1400 404 75000 77000
d 107000 149000
d 107000 61000
d 65000 9000
r 1600 459 123000 41000
d 183000 87000
d 129000 145000
d 45000 197000
r 1400 445 23000 69000
d 19000 49000
d 107000 149000
d 13000 189000
r 1600 398 45000 79000
d 19000 131000
d 165000 171000
d 35000 181000
r 1800 293 33000 89000
d 71000 45000
d 137000 147000
d 81000 67000
r 1400 397 71000 171000
d 25000 141000
d 5000 1000
d 61000 29000
r 1800 354 31000 95000
d 59000 129000
d 25000 25000
d 153000 73000
r 1000 145 85000 125000
d 41000 197000
d 1000 107000
d 29000 47000
r 1400 483 137000 183000
d 81000 113000
d 57000 179000
d 23000 75000
r 1600 396 169000 121000
d 145000 113000
d 31000 35000
d 125000 139000
r 1200 436 13000 139000
d 29000 155000
d 29000 7000
d 109000 17000
r 1400 400 63000 197000
d 153000 61000
d 1000 123000
d 21000 173000
r 1200 325 153000 103000
d 189000 11000
d 115000 185000
d 15000 27000
r 1800 499 91000 155000
d 41000 29000
d 139000 177000
d 195000 67000
r 1600 263 175000 71000
d 75000 69000
d 153000 65000
d 73000 123000
r 1400 239 139000 183000
d 99000 91000
d 57000 195000
d 89000 49000
r 1200 326 49000 175000
d 57000 37000
d 195000 19000
d 79000 75000
r 1600 476 175000 161000
d 121000 85000
d 181000 105000
d 113000 127000
r 1000 224 47000 151000
d 173000 177000
d 157000 157000
d 107000 183000
r 1800 355 131000 25000
d 11000 69000
d 141000 29000
d 197000 125000
r 1600 475 115000 195000
d 107000 61000
d 27000 71000
d 1000 75000
r 1600 475 115000 135000
d 187000 17000
d 189000 65000
d 57000 97000
r 1600 101 27000 77000
d 103000 83000
d 67000 15000
d 57000 181000
r 1000 321 3000 69000
d 75000 143000
d 169000 57000
d 195000 117000
r 1600 268 89000 141000
d 123000 175000
d 161000 103000
d 41000 67000
r 1200 310 81000 121000
d 171000 103000
d 39000 29000
d 21000 45000
r 1000 163 115000 31000
d 57000 53000
d 3000 29000
d 83000 113000
r 1400 217 169000 77000
d 45000 11000
d 79000 69000
d 95000 109000
r 1000 144 139000 101000
d 93000 159000
d 175000 155000
d 183000 179000
r 1600 249 3000 35000
d 91000 151000
d 59000 195000
d 17000 189000
r 1000 320 35000 119000
d 97000 35000
d 5000 93000
d 11000 147000
r 1600 343 63000 35000
d 161000 87000
d 13000 7000
d 93000 111000
r 1600 471 105000 7000
d 63000 139000
d 111000 59000
d 133000 197000
r 1400 250 111000 87000
d 195000 171000
d 151000 71000
d 163000 67000
r 1400 364 27000 55000
d 141000 173000
d 21000 127000
d 85000 81000
r 1400 197 97000 61000
d 149000 133000
d 23000 69000
d 31000 75000
r 1200 202 95000 83000
d 1000 43000
d 45000 41000
d 87000 5000
r 1000 102 139000 3000
d 39000 159000
d 171000 197000
d 81000 69000
r 1600 280 181000 15000
d 85000 173000
d 71000 113000
d 137000 45000
r 1800 244 53000 181000
d 25000 127000
d 195000 137000
d 161000 127000
r 1800 176 139000 81000
d 91000 193000
d 33000 137000
d 143000 149000
r 1000 365 13000 31000
d 193000 165000
d 69000 47000
d 183000 65000
r 1000 395 169000 49000
d 89000 121000
d 163000 25000
d 197000 65000
r 1600 320 49000 89000
d 161000 129000
d 53000 165000
d 79000 27000
r 1000 163 99000 135000
d 115000 7000
d 1000 57000
d 71000 21000
r 1200 126 193000 91000
d 167000 101000
d 113000 39000
d 121000 169000
r 1400 143 185000 177000
d 145000 69000
d 131000 191000
d 83000 121000
r 1000 476 189000 3000
d 123000 77000
d 157000 89000
d 19000 143000
r 1200 256 99000 149000
d 155000 185000
d 73000 197000
d 163000 1000
r 1400 333 165000 83000
d 117000 83000
d 143000 191000
d 187000 187000
r 1000 419 141000 183000
d 65000 93000
d 65000 129000
d 121000 163000
r 1600 382 183000 3000
d 89000 13000
d 87000 23000
d 61000 73000
r 1600 189 45000 115000
d 43000 147000
d 101000 45000
d 71000 99000
r 1200 314 71000 109000
d 7000 9000
d 145000 145000
d 81000 193000
r 1200 493 71000 95000
d 87000 79000
d 1000 85000
d 33000 161000
r 1400 397 113000 59000
d 147000 29000
d 69000 85000
d 25000 31000
r 1800 499 179000 107000
d 107000 155000
d 179000 11000
d 127000 9000
r 1600 393 53000 129000
d 125000 99000
d 103000 3000
d 97000 61000
r 1000 236 135000 49000
d 175000 73000
d 81000 179000
d 91000 169000
r 1800 157 113000 57000
d 129000 109000
d 139000 91000
d 25000 45000
r 1200 123 117000 87000
d 73000 5000
d 197000 3000
d 75000 163000
r 1000 151 169000 45000
d 43000 177000
d 175000 63000
d 189000 99000
r 1600 284 115000 185000
d 161000 109000
d 121000 21000
d 63000 83000
r 1000 421 115000 93000
d 133000 45000
d 177000 75000
d 59000 153000
r 1400 279 33000 151000
d 119000 175000
d 127000 105000
d 117000 101000
r 1000 294 37000 133000
d 57000 109000
d 173000 147000
d 31000 89000
r 1400 303 147000 43000
d 147000 15000
d 53000 85000
d 153000 15000
r 1800 475 51000 83000
d 163000 191000
d 71000 161000
d 159000 23000
r 1200 389 125000 155000
d 119000 19000
d 133000 177000
d 161000 185000
r 1000 449 165000 139000
d 163000 49000
d 165000 57000
d 169000 27000
r 1400 129 147000 157000
d 37000 145000
d 123000 7000
d 155000 65000
r 1400 282 63000 143000
d 121000 45000
d 17000 65000
d 147000 197000
r 1200 418 7000 17000
d 63000 109000
d 151000 141000
d 97000 103000
r 1800 265 99000 99000
d 181000 45000
d 29000 57000
d 173000 127000
r 1800 262 119000 169000
d 103000 63000
d 109000 31000
d 93000 145000
r 1800 192 89000 39000
d 143000 1000
d 141000 179000
d 197000 171000
r 1200 336 99000 25000
d 51000 39000
d 131000 131000
d 133000 117000
r 1800 287 79000 143000
d 5000 179000
d 49000 33000
d 69000 147000
r 1000 353 1000 3000
d 51000 125000
d 73000 123000
d 37000 49000
r 1200 384 41000 121000
d 171000 145000
d 51000 1000
d 135000 147000
r 1400 313 191000 131000
d 115000 81000
d 119000 189000
d 77000 185000
r 1400 254 45000 109000
d 7000 65000
d 11000 17000
d 129000 181000
r 1400 241 155000 173000
d 23000 101000
d 125000 41000
d 109000 45000
r 1200 453 141000 173000
d 49000 41000
d 151000 83000
d 171000 147000
r 1600 151 165000 15000
d 181000 133000
d 19000 53000
d 59000 85000
r 1800 289 161000 135000
d 93000 113000
d 113000 87000
d 1000 31000
r 1200 372 193000 137000
d 179000 121000
d 83000 139000
d 195000 13000
r 1800 182 173000 139000
d 95000 5000
d 115000 91000
d 61000 143000
r 1200 215 153000 113000
d 103000 11000
d 99000 67000
d 83000 107000
r 1800 366 189000 171000
d 107000 27000
d 63000 191000
d 183000 33000
r 1400 240 179000 105000
d 57000 147000
d 107000 157000
d 41000 25000
r 1400 227 19000 19000
d 161000 143000
d 41000 37000
d 41000 53000
r 1200 483 187000 163000
d 73000 87000
d 25000 143000
d 101000 161000
r 1200 380 145000 131000
d 131000 157000
d 183000 63000
d 37000 125000
r 1400 378 129000 189000
d 79000 177000
d 73000 65000
d 129000 97000
r 1800 437 37000 91000
d 101000 177000
d 137000 57000
d 21000 191000
r 1400 356 109000 43000
d 107000 29000
d 179000 131000
d 71000 9000
r 1200 412 149000 43000
d 135000 135000
d 117000 153000
d 73000 109000
r 1000 223 149000 33000
d 57000 173000
d 1000 55000
d 13000 167000
r 1800 329 191000 49000
d 3000 155000
d 21000 177000
d 13000 51000
r 1200 468 107000 7000
d 133000 153000
d 25000 123000
d 169000 145000
r 1000 426 113000 191000
d 147000 63000
d 27000 83000
d 111000 163000
r 1200 404 179000 99000
d 67000 61000
d 35000 195000
d 85000 89000
r 1400 233 101000 31000
d 13000 83000
d 129000 25000
d 149000 53000
r 1800 282 55000 49000
d 81000 105000
d 129000 99000
d 65000 85000
r 1600 290 13000 49000
d 135000 169000
d 119000 181000
d 41000 101000
r 1800 250 65000 11000
d 189000 99000
d 187000 169000
d 55000 153000
r 1400 142 45000 9000
d 187000 161000
d 93000 83000
d 159000 153000
r 1400 298 155000 119000
d 167000 63000
d 23000 189000
d 89000 29000
r 1200 368 189000 133000
d 103000 57000
d 147000 17000
d 73000 185000
r 1000 460 33000 7000
d 179000 143000
d 175000 29000
d 161000 159000
r 1200 404 191000 97000
d 105000 183000
d 11000 193000
d 65000 5000
r 1200 463 43000 87000
d 171000 7000
d 69000 117000
d 91000 133000
r 1000 312 109000 117000
d 171000 125000
d 77000 43000
d 153000 163000
r 1200 314 59000 155000
d 71000 163000
d 27000 15000
d 53000 71000
r 1600 275 149000 167000
d 29000 61000
d 189000 91000
d 59000 179000
r 1200 377 175000 113000
d 67000 37000
d 45000 141000
d 169000 87000
r 1000 479 103000 85000
d 7000 105000
d 113000 177000
d 171000 65000
r 1800 392 133000 181000
d 29000 17000
d 1000 113000
d 127000 123000
r 1200 432 167000 109000
d 133000 143000
d 137000 1000
d 133000 99000
r 1400 300 187000 65000
d 7000 65000
d 147000 3000
d 127000 147000
r 1800 119 81000 135000
d 119000 117000
d 187000 37000
d 25000 25000
r 1200 479 139000 11000
d 83000 63000
d 185000 29000
d 83000 189000
r 1600 327 95000 3000
d 73000 17000
d 29000 179000
d 111000 77000
r 1200 454 79000 53000
d 115000 35000
d 187000 167000
d 111000 73000
r 1800 425 155000 89000
d 159000 51000
d 181000 65000
d 119000 79000
r 1000 463 49000 151000
d 115000 97000
d 73000 23000
d 175000 175000
r 1800 280 109000 161000
d 47000 103000
d 171000 153000
d 19000 177000
r 1000 331 13000 149000
d 157000 107000
d 145000 147000
d 57000 129000
r 1600 242 109000 5000
d 39000 129000
d 107000 193000
d 27000 75000
r 1400 125 153000 129000
d 97000 89000
d 3000 41000
d 143000 21000
r 1600 479 3000 143000
d 13000 93000
d 197000 17000
d 173000 3000
r 1200 121 37000 61000
d 173000 197000
d 139000 81000
d 123000 21000
r 1800 486 81000 127000
d 45000 171000
d 17000 5000
d 55000 37000
r 1800 492 185000 185000
d 109000 137000
d 191000 113000
d 5000 97000
r 1600 469 197000 37000
d 95000 175000
d 191000 115000
d 109000 101000
r 1600 111 105000 17000
d 61000 117000
d 191000 51000
d 15000 45000
r 1200 292 139000 33000
d 137000 7000
d 195000 123000
d 165000 195000
r 1400 224 3000 123000
d 129000 49000
d 45000 119000
d 87000 187000
r 1600 397 137000 131000
d 57000 51000
d 19000 137000
d 91000 13000
r 1600 243 5000 75000
d 11000 71000
d 7000 9000
d 97000 161000
r 1200 393 81000 1000
d 11000 101000
d 77000 125000
d 89000 181000
r 1000 411 133000 117000
d 1000 179000
d 79000 113000
d 119000 89000
r 1400 275 159000 37000
d 81000 111000
d 129000 99000
d 15000 197000
r 1200 103 87000 99000
d 79000 25000
d 167000 87000
d 33000 47000
r 1400 129 1000 37000
d 99000 193000
d 33000 175000
d 107000 191000
r 1000 329 137000 141000
d 9000 7000
d 127000 181000
d 183000 107000
r 1400 340 81000 101000
d 167000 141000
d 141000 173000
d 43000 133000
r 1400 119 163000 137000
d 7000 75000
d 167000 51000
d 1000 55000
r 1200 282 117000 43000
d 105000 121000
d 23000 21000
d 175000 151000
r 1600 143 75000 37000
d 181000 15000
d 189000 55000
d 79000 69000
r 1600 240 155000 191000
d 145000 117000
d 9000 25000
d 3000 95000
r 1600 440 61000 135000
d 35000 133000
d 101000 81000
d 99000 43000
r 1600 332 183000 27000
d 145000 71000
d 143000 129000
d 123000 37000
r 1000 407 149000 109000
d 57000 175000
d 83000 107000
d 191000 105000
r 1400 145 31000 183000
d 89000 9000
d 197000 73000
d 101000 129000
r 1600 346 37000 169000
d 73000 11000
d 79000 129000
d 101000 69000
r 1000 217 139000 29000
d 95000 5000
d 43000 31000
d 39000 123000
r 1000 389 19000 55000
d 189000 165000
d 51000 69000
d 135000 97000
r 1800 418 163000 117000
d 143000 115000
d 7000 81000
d 69000 59000
r 1800 474 143000 91000
d 89000 47000
d 139000 91000
d 113000 99000
r 1800 324 17000 119000
d 85000 29000
d 191000 43000
d 195000 155000
r 1800 103 185000 61000
d 73000 81000
d 125000 47000
d 19000 107000
r 1400 298 39000 151000
d 3000 161000
d 73000 107000
d 13000 141000
r 1200 131 181000 73000
d 143000 161000
d 71000 175000
d 193000 39000
r 1000 211 65000 97000
d 185000 127000
d 77000 93000
d 119000 71000
r 1000 174 27000 43000
d 71000 101000
d 67000 65000
d 159000 153000
r 1000 440 85000 21000
d 153000 109000
d 157000 123000
d 111000 49000
r 1000 439 7000 57000
d 9000 143000
d 193000 151000
d 197000 131000
r 1800 112 121000 175000
d 9000 119000
d 137000 19000
d 63000 181000
r 1600 437 41000 139000
d 91000 117000
d 15000 107000
d 85000 187000
r 1000 456 17000 139000
d 99000 75000
d 91000 63000
d 75000 57000
r 1600 412 155000 73000
d 103000 135000
d 137000 111000
d 103000 73000
r 1400 312 37000 23000
d 5000 109000
d 87000 161000
d 139000 17000
r 1400 291 13000 17000
d 141000 1000
d 73000 185000
d 21000 15000
r 1200 398 187000 85000
d 191000 1000
d 45000 83000
d 129000 17000
r 1400 269 103000 71000
d 159000 79000
d 25000 81000
d 29000 51000
r 1800 254 191000 191000
d 23000 61000
d 93000 123000
d 153000 73000
r 1000 478 29000 151000
d 135000 93000
d 35000 11000
d 91000 9000
r 1400 252 85000 177000
d 141000 109000
d 13000 163000
d 39000 131000
r 1200 409 173000 157000
d 61000 15000
d 53000 45000
d 19000 31000
r 1400 275 173000 181000
d 47000 119000
d 71000 81000
d 163000 43000
r 1800 466 37000 137000
d 141000 125000
d 71000 3000
d 97000 159000
r 1200 136 145000 39000
d 39000 31000
d 137000 33000
d 189000 197000
r 1600 406 67000 55000
d 163000 111000
d 53000 99000
d 55000 15000
r 1800 249 151000 81000
d 67000 119000
d 115000 31000
d 91000 101000
r 1800 453 193000 7000
d 195000 89000
d 7000 95000
d 177000 83000
r 1600 370 31000 29000
d 21000 157000
d 161000 151000
d 183000 157000
r 1200 316 185000 85000
d 129000 103000
d 141000 123000
d 161000 185000
r 1000 276 187000 127000
d 77000 47000
d 153000 35000
d 147000 163000
r 1400 465 153000 147000
d 9000 183000
d 13000 1000
d 111000 183000
r 1400 351 95000 93000
d 121000 103000
d 163000 141000
d 147000 63000
r 1000 225 125000 121000
d 9000 33000
d 153000 169000
d 183000 25000
r 1400 187 51000 119000
d 61000 17000
d 81000 113000
d 81000 37000
r 1400 241 19000 153000
d 75000 17000
d 107000 169000
d 127000 19000
r 1200 306 103000 59000
d 181000 131000
d 153000 153000
d 127000 29000
r 1200 400 147000 177000
d 151000 25000
d 39000 1000
d 37000 173000
r 1800 114 143000 111000
d 39000 7000
d 193000 25000
d 119000 27000
r 1000 423 39000 69000
d 167000 43000
d 55000 185000
d 109000 137000
r 1200 204 143000 61000
d 3000 53000
d 185000 129000
d 117000 71000
r 1000 463 133000 5000
d 133000 131000
d 105000 157000
d 167000 17000
r 1200 125 185000 95000
d 59000 135000
d 21000 155000
d 19000 177000
r 1800 381 79000 185000
d 77000 75000
d 25000 121000
d 103000 31000
r 1800 333 13000 103000
d 135000 111000
d 183000 111000
d 117000 81000
r 1000 148 173000 167000
d 171000 37000
d 51000 197000
d 55000 33000
r 1600 181 63000 185000
d 81000 167000
d 55000 1000
d 183000 79000
r 1800 146 23000 67000
d 43000 191000
d 137000 163000
d 77000 191000
r 1600 148 69000 163000
d 191000 87000
d 51000 63000
d 97000 175000
r 1000 126 33000 185000
d 73000 7000
d 107000 191000
d 139000 187000
r 1800 367 39000 83000
d 77000 193000
d 49000 169000
d 103000 101000
r 1200 314 47000 63000
d 125000 71000
d 57000 147000
d 25000 137000
r 1600 304 119000 41000
d 187000 165000
d 163000 177000
d 99000 5000
r 1600 252 145000 13000
d 39000 49000
d 15000 25000
d 75000 141000
r 1600 424 193000 109000
d 99000 187000
d 185000 85000
d 159000 101000
r 1800 416 3000 179000
d 185000 137000
d 55000 117000
d 161000 53000
r 1600 233 77000 49000
d 153000 83000
d 117000 13000
d 1000 149000
r 1200 377 139000 151000
d 131000 99000
d 51000 101000
d 77000 45000
r 1000 241 65000 175000
d 127000 181000
d 73000 159000
d 79000 185000
r 1200 447 73000 185000
d 3000 65000
d 181000 129000
d 93000 167000
r 1800 218 29000 165000
d 171000 79000
d 19000 21000
d 9000 7000
r 1800 429 79000 101000
d 107000 85000
d 77000 189000
d 33000 61000
r 1400 342 65000 139000
d 57000 39000
d 1000 37000
d 143000 197000
r 1800 104 5000 95000
d 67000 97000
d 177000 171000
d 151000 55000
r 1600 291 83000 177000
d 159000 41000
d 137000 53000
d 185000 1000
r 1400 398 31000 45000
d 143000 37000
d 21000 187000
d 83000 41000
r 1000 225 191000 29000
d 163000 27000
d 69000 179000
d 19000 147000
r 1200 455 161000 109000
d 149000 197000
d 121000 27000
d 67000 99000
r 1400 451 115000 27000
d 119000 111000
d 95000 121000
d 155000 45000
r 1200 456 53000 157000
d 129000 151000
d 23000 165000
d 135000 35000
r 1200 126 63000 31000
d 121000 113000
d 167000 89000
d 169000 79000
r 1200 113 185000 173000
d 69000 35000
d 65000 171000
d 159000 3000
r 1600 427 137000 161000
d 197000 125000
d 151000 187000
d 71000 127000
r 1800 312 193000 145000
d 179000 39000
d 123000 131000
d 7000 57000
r 1200 371 89000 25000
d 59000 71000
d 147000 65000
d 147000 5000
r 1200 266 147000 153000
d 5000 171000
d 173000 185000
d 165000 165000
r 1200 175 69000 149000
d 89000 115000
d 31000 195000
d 103000 101000
r 1800 216 75000 145000
d 137000 189000
d 139000 45000
d 37000 101000
r 1600 294 73000 51000
d 107000 17000
d 25000 169000
d 31000 197000
r 1800 140 185000 15000
d 47000 145000
d 143000 165000
d 33000 55000
r 1200 169 191000 35000
d 133000 159000
d 65000 27000
d 7000 87000
r 1200 431 63000 159000
d 29000 191000
d 163000 85000
d 163000 117000
r 1800 370 51000 63000
d 95000 87000
d 125000 155000
d 107000 21000
r 1200 117 91000 167000
d 133000 119000
d 147000 39000
d 187000 39000
r 1000 402 7000 51000
d 125000 195000
d 133000 57000
d 175000 55000
r 1800 134 37000 153000
d 107000 111000
d 17000 167000
d 101000 67000
r 1400 114 153000 91000
d 75000 135000
d 185000 177000
d 197000 17000
r 1200 380 129000 171000
d 41000 9000
d 129000 91000
d 141000 9000
r 1000 241 125000 3000
d 189000 165000
d 171000 169000
d 51000 179000
r 1000 318 13000 67000
d 155000 161000
d 163000 59000
d 133000 65000
r 1400 294 113000 187000
d 95000 23000
d 143000 5000
d 97000 193000
r 1000 474 197000 65000
d 109000 195000
d 79000 167000
d 29000 143000
r 1000 311 195000 93000
d 183000 139000
d 167000 121000
d 145000 15000
r 1000 207 65000 159000
d 109000 135000
d 189000 99000
d 81000 103000
r 1800 420 117000 137000
d 27000 101000
d 1000 41000
d 9000 89000
r 1400 116 53000 39000
d 167000 197000
d 13000 155000
d 141000 7000
r 1600 275 15000 37000
d 153000 111000
d 15000 33000
d 71000 83000
r 1400 133 49000 29000
d 67000 41000
d 103000 121000
d 73000 149000
r 1800 272 9000 153000
d 159000 187000
d 99000 159000
d 71000 193000
r 1200 171 5000 153000
d 189000 129000
d 63000 109000
d 127000 89000
r 1000 134 79000 153000
d 37000 87000
d 149000 145000
d 33000 13000
r 1000 394 73000 99000
d 141000 197000
d 119000 63000
d 175000 189000
r 1400 137 159000 197000
d 187000 57000
d 161000 93000
d 107000 189000
r 1600 201 49000 11000
d 39000 59000
d 93000 93000
d 37000 101000
r 1400 188 33000 33000
d 163000 113000
d 89000 77000
d 7000 101000
r 1800 443 71000 175000
d 83000 119000
d 37000 53000
d 109000 9000
r 1400 294 45000 7000
d 153000 43000
d 121000 159000
d 149000 47000
r 1600 191 117000 109000
d 65000 83000
d 149000 145000
d 83000 95000
r 1200 296 121000 135000
d 59000 63000
d 111000 161000
d 171000 127000
r 1800 135 163000 25000
d 165000 11000
d 171000 63000
d 23000 29000
r 1600 185 137000 83000
d 169000 147000
d 7000 197000
d 169000 151000
r 1600 318 143000 1000
d 183000 45000
d 121000 35000
d 7000 19000
r 1600 479 193000 63000
d 189000 129000
d 195000 127000
d 97000 141000
r 1400 327 13000 123000
d 159000 183000
d 137000 49000
d 135000 153000
r 1200 271 37000 117000
d 105000 157000
d 183000 19000
d 45000 145000
r 1800 266 73000 155000
d 131000 151000
d 37000 179000
d 177000 197000
r 1000 308 15000 95000
d 151000 37000
d 27000 33000
d 187000 25000
r 1000 369 25000 47000
d 7000 41000
d 13000 165000
d 107000 81000
r 1800 425 67000 37000
d 9000 173000
d 73000 131000
d 145000 169000
r 1000 136 165000 91000
d 19000 169000
d 115000 195000
d 93000 167000
r 1400 458 9000 79000
d 65000 155000
d 171000 35000
d 97000 141000
r 1800 172 79000 141000
d 55000 51000
d 117000 145000
d 39000 183000
r 1600 194 39000 35000
d 13000 71000
d 141000 61000
d 101000 33000
r 1600 348 93000 39000
d 171000 171000
d 9000 169000
d 141000 131000
r 1800 290 107000 5000
d 117000 167000
d 51000 171000
d 131000 15000
r 1000 170 155000 53000
d 141000 39000
d 71000 101000
d 93000 103000
r 1200 292 11000 29000
d 79000 173000
d 13000 89000
d 121000 17000
r 1000 409 131000 79000
d 101000 147000
d 119000 7000
d 87000 177000
r 1600 121 195000 101000
d 129000 91000
d 141000 97000
d 127000 3000
r 1600 384 159000 117000
d 93000 41000
d 79000 23000
d 183000 125000
r 1800 301 29000 187000
d 17000 123000
d 171000 161000
d 57000 117000
r 1000 115 149000 1000
d 93000 73000
d 195000 95000
d 115000 151000
r 1400 430 71000 145000
d 169000 123000
d 49000 35000
d 19000 51000
r 1000 192 143000 185000
d 81000 171000
d 43000 97000
d 129000 75000
r 1600 321 139000 145000
d 121000 107000
d 23000 1000
d 173000 155000
r 1000 266 175000 149000
d 109000 65000
d 97000 67000
d 157000 77000
r 1400 476 27000 27000
d 109000 191000
d 45000 5000
d 163000 3000
r 1200 391 103000 89000
d 185000 89000
d 97000 107000
d 187000 43000
r 1800 155 81000 47000
d 183000 57000
d 143000 97000
d 21000 133000
r 1200 408 195000 43000
d 23000 167000
d 127000 165000
d 115000 173000
r 1400 352 155000 123000
d 191000 53000
d 101000 71000
d 193000 149000
r 1200 295 67000 49000
d 21000 77000
d 117000 81000
d 183000 141000
r 1400 343 167000 163000
d 5000 155000
d 49000 61000
d 17000 27000
r 1400 334 195000 147000
d 105000 45000
d 101000 125000
d 197000 55000
r 1600 156 51000 159000
d 11000 15000
d 31000 53000
d 93000 33000
r 1400 399 193000 99000
d 63000 159000
d 13000 161000
d 59000 149000
r 1400 259 27000 3000
d 159000 71000
d 153000 35000
d 89000 125000
r 1800 387 89000 67000
d 21000 89000
d 149000 43000
d 195000 191000
r 1200 141 29000 185000
d 3000 35000
d 127000 181000
d 183000 125000
r 1400 487 103000 11000
d 89000 3000
d 7000 81000
d 153000 7000
r 1200 434 81000 25000
d 95000 65000
d 157000 29000
d 161000 105000
r 1200 483 191000 155000
d 105000 7000
d 151000 97000
d 109000 11000
r 1000 384 137000 117000
d 5000 35000
d 147000 7000
d 121000 193000
r 1800 205 15000 61000
d 25000 101000
d 127000 133000
d 153000 25000
r 1600 386 31000 89000
d 83000 41000
d 115000 9000
d 49000 197000
r 1000 261 99000 161000
d 147000 9000
d 121000 13000
d 11000 17000
r 1600 141 67000 13000
d 165000 173000
d 1000 99000
d 103000 153000
r 1600 336 115000 109000
d 145000 179000
d 55000 21000
d 69000 127000
r 1200 110 155000 177000
d 193000 189000
d 147000 183000
d 177000 197000
r 1200 125 7000 7000
d 9000 15000
d 59000 27000
d 105000 113000
r 1800 280 53000 51000
d 177000 37000
d 127000 11000
d 115000 51000
r 1600 250 95000 37000
d 73000 67000
d 103000 111000
d 95000 37000
r 1200 327 71000 177000
d 69000 133000
d 95000 75000
d 51000 153000
r 1000 118 107000 171000
d 61000 55000
d 25000 35000
d 45000 67000
r 1200 140 17000 111000
d 15000 193000
d 103000 179000
d 153000 47000
r 1600 172 21000 37000
d 171000 69000
d 125000 73000
d 29000 25000
r 1000 170 167000 13000
d 27000 21000
d 181000 5000
d 99000 163000
r 1200 212 121000 69000
d 27000 131000
d 171000 75000
d 107000 115000
r 1400 228 187000 45000
d 99000 93000
d 89000 27000
d 117000 53000
r 1200 182 187000 53000
d 29000 197000
d 175000 49000
d 5000 165000
r 1400 189 61000 165000
d 115000 55000
d 195000 65000
d 115000 101000
r 1800 161 153000 109000
d 173000 47000
d 91000 125000
d 25000 179000
r 1400 409 123000 17000
d 41000 115000
d 13000 23000
d 77000 21000
r 1600 113 113000 79000
d 35000 71000
d 55000 193000
d 57000 81000
r 1000 246 103000 73000
d 129000 121000
d 1000 157000
d 87000 189000
r 1400 283 33000 159000
d 189000 131000
d 149000 113000
d 39000 137000
r 1000 357 123000 109000
d 119000 59000
d 97000 73000
d 31000 115000
r 1200 361 135000 185000
d 37000 161000
d 117000 117000
d 73000 5000
r 1800 304 145000 165000
d 19000 105000
d 191000 21000
d 87000 123000
r 1600 260 125000 25000
d 45000 49000
d 191000 193000
d 87000 167000
r 1600 354 183000 153000
d 67000 195000
d 81000 115000
d 171000 47000
r 1800 191 39000 193000
d 151000 69000
d 17000 37000
d 133000 153000
r 1800 477 139000 17000
d 187000 41000
d 51000 61000
d 87000 109000
r 1800 354 167000 171000
d 49000 95000
d 31000 187000
d 27000 37000
r 1600 156 23000 165000
d 31000 145000
d 13000 5000
d 163000 165000
r 1200 294 173000 77000
d 15000 103000
d 71000 109000
d 193000 175000
r 1200 241 107000 29000
d 149000 1000
d 191000 145000
d 139000 113000
r 1600 487 13000 101000
d 29000 147000
d 73000 91000
d 155000 151000
r 1400 480 193000 21000
d 117000 103000
d 87000 13000
d 19000 109000
r 1000 445 187000 157000
d 17000 75000
d 161000 67000
d 17000 25000
r 1800 429 109000 143000
d 69000 97000
d 197000 179000
d 53000 17000
r 1400 446 45000 81000
d 111000 69000
d 29000 109000
d 125000 181000
r 1000 500 187000 193000
d 157000 119000
d 57000 35000
d 45000 165000
r 1800 401 85000 73000
d 19000 25000
d 127000 85000
d 59000 53000
r 1000 412 11000 65000
d 43000 155000
d 143000 5000
d 121000 133000
r 1000 336 195000 169000
d 23000 71000
d 179000 95000
d 107000 45000
r 1600 457 117000 19000
d 129000 109000
d 19000 169000
d 141000 73000
r 1000 399 189000 1000
d 33000 159000
d 119000 79000
d 83000 157000
r 1800 247 93000 15000
d 71000 3000
d 41000 75000
d 67000 37000
r 1800 326 169000 11000
d 57000 145000
d 191000 91000
d 17000 63000
r 1600 398 95000 47000
d 23000 135000
d 61000 41000
d 91000 25000
r 1000 331 59000 183000
d 147000 129000
d 127000 63000
d 73000 27000
r 1400 132 107000 53000
d 99000 125000
d 145000 45000
d 117000 85000
r 1000 102 23000 171000
d 83000 167000
d 135000 85000
d 135000 141000
r 1400 388 109000 77000
d 149000 71000
d 77000 71000
d 121000 101000
r 1800 250 71000 73000
d 147000 71000
d 115000 195000
d 109000 193000
r 1600 223 73000 93000
d 41000 189000
d 95000 19000
d 191000 63000
r 1400 373 123000 163000
d 187000 11000
d 71000 167000
d 105000 127000
r 1800 336 91000 99000
d 163000 183000
d 161000 183000
d 11000 21000
r 1600 467 159000 167000
d 137000 175000
d 195000 19000
d 135000 109000
r 1400 233 183000 71000
d 49000 159000
d 39000 177000
d 129000 1000
r 1400 500 61000 125000
d 55000 51000
d 7000 151000
d 21000 175000
r 1200 289 127000 165000
d 119000 87000
d 169000 193000
d 29000 97000
r 1600 300 125000 191000
d 11000 141000
d 185000 29000
d 25000 99000
r 1400 340 53000 81000
d 119000 169000
d 47000 105000
d 149000 161000
r 1800 134 77000 21000
d 25000 25000
d 9000 135000
d 71000 39000
r 1000 281 145000 95000
d 157000 93000
d 81000 69000
d 47000 95000
r 1000 390 19000 53000
d 35000 149000
d 29000 177000
d 185000 141000
r 1400 353 157000 99000
d 25000 125000
d 159000 143000
d 7000 107000
r 1800 433 29000 101000
d 159000 79000
d 149000 181000
d 101000 87000
r 1000 123 151000 129000
d 123000 15000
d 127000 41000
d 125000 141000
r 1600 158 173000 159000
d 31000 181000
d 123000 73000
d 99000 155000
r 1200 336 159000 63000
d 13000 143000
d 19000 127000
d 119000 11000
r 1000 148 101000 49000
d 173000 19000
d 163000 187000
d 119000 45000
r 1600 334 129000 51000
d 165000 47000
d 83000 83000
d 137000 155000
r 1200 150 193000 183000
d 113000 13000
d 111000 137000
d 69000 145000
r 1400 311 59000 159000
d 147000 129000
d 111000 149000
d 57000 197000
r 1000 182 79000 93000
d 13000 71000
d 147000 37000
d 69000 103000
r 1800 456 149000 57000
d 135000 161000
d 195000 159000
d 139000 111000
r 1200 284 159000 139000
d 163000 57000
d 117000 147000
d 45000 35000
r 1800 329 91000 117000
d 153000 165000
d 193000 21000
d 187000 181000
r 1000 140 141000 31000
d 111000 105000
d 91000 65000
d 29000 127000
r 1000 278 155000 81000
d 53000 107000
d 109000 25000
d 57000 35000
r 1800 458 23000 99000
d 69000 67000
d 15000 139000
d 3000 153000
r 1200 323 177000 53000
d 5000 177000
d 99000 3000
d 177000 75000
r 1400 258 145000 11000
d 77000 79000
d 181000 27000
d 119000 179000
r 1600 128 141000 135000
d 73000 169000
d 179000 85000
d 145000 73000
r 1600 151 135000 171000
d 75000 9000
d 149000 43000
d 105000 133000
r 1800 435 3000 25000
d 149000 53000
d 117000 197000
d 43000 61000
r 1200 424 181000 95000
d 65000 185000
d 177000 33000
d 45000 153000
r 1000 259 161000 127000
d 115000 35000
d 127000 175000
d 27000 5000
r 1000 157 75000 149000
d 85000 111000
d 1000 87000
d 149000 109000
r 1400 315 171000 21000
d 181000 149000
d 125000 111000
d 93000 169000
r 1600 433 7000 171000
d 5000 89000
d 161000 17000
d 187000 73000
r 1000 164 37000 43000
d 65000 195000
d 119000 111000
d 169000 71000
r 1800 355 143000 3000
d 105000 61000
d 111000 101000
d 1000 13000
r 1000 297 137000 73000
d 141000 131000
d 189000 141000
d 191000 47000
r 1200 463 59000 185000
d 111000 81000
d 151000 141000
d 55000 19000
r 1000 377 87000 105000
d 141000 21000
d 133000 41000
d 91000 107000
r 1000 431 161000 187000
d 59000 95000
d 83000 115000
d 113000 29000
r 1800 354 57000 161000
d 65000 181000
d 133000 57000
d 157000 163000
r 1200 358 21000 63000
d 13000 11000
d 93000 193000
d 97000 161000
r 1400 405 53000 53000
d 129000 101000
d 87000 85000
d 137000 37000
r 1000 289 169000 175000
d 195000 49000
d 187000 9000
d 121000 95000
r 1200 345 27000 99000
d 99000 43000
d 125000 153000
d 43000 13000
r 1800 165 129000 119000
d 187000 43000
d 69000 139000
d 91000 147000
r 1600 171 127000 167000
d 59000 123000
d 113000 133000
d 127000 69000
r 1600 491 39000 181000
d 155000 145000
d 17000 5000
d 161000 161000
r 1600 355 147000 29000
d 35000 193000
d 151000 11000
d 137000 143000
r 1600 302 23000 193000
d 133000 53000
d 65000 151000
d 39000 13000
r 1800 105 159000 153000
d 73000 89000
d 127000 117000
d 1000 87000
r 1000 238 55000 57000
d 155000 95000
d 89000 55000
d 143000 9000
r 1600 488 13000 27000
d 175000 175000
d 11000 33000
d 45000 87000
r 1800 399 77000 75000
d 195000 179000
d 71000 135000
d 111000 5000
r 1200 141 167000 157000
d 25000 95000
d 177000 181000
d 97000 63000
r 1000 373 69000 167000
d 161000 181000
d 29000 97000
d 121000 185000
r 1200 283 25000 113000
d 171000 87000
d 61000 127000
d 75000 181000
r 1400 439 111000 49000
d 17000 17000
d 195000 41000
d 19000 117000
r 1400 100 37000 57000
d 129000 149000
d 169000 181000
d 135000 119000
r 1200 496 29000 79000
d 113000 41000
d 67000 65000
d 101000 67000
r 1000 344 175000 33000
d 183000 37000
d 5000 85000
d 97000 177000
r 1800 432 95000 1000
d 127000 173000
d 149000 15000
d 73000 149000
r 1200 273 127000 145000
d 33000 99000
d 85000 45000
d 43000 91000
r 1000 208 61000 79000
d 63000 55000
d 165000 37000
d 159000 141000
r 1000 101 101000 47000
d 113000 99000
d 185000 169000
d 125000 169000
r 1400 308 155000 1000
d 111000 83000
d 155000 161000
d 37000 117000
r 1400 185 93000 141000
d 95000 51000
d 51000 43000
d 19000 123000
r 1600 343 1000 29000
d 85000 115000
d 129000 43000
d 85000 109000
r 1400 455 141000 177000
d 25000 97000
d 157000 29000
d 83000 43000
r 1600 160 129000 69000
d 65000 145000
d 23000 187000
d 21000 17000
r 1600 329 17000 171000
d 25000 191000
d 129000 17000
d 55000 137000
r 1800 466 197000 189000
d 181000 119000
d 33000 15000
d 139000 119000
r 1400 278 39000 13000
d 137000 179000
d 175000 53000
d 193000 151000
r 1800 143 81000 149000
d 41000 73000
d 117000 141000
d 163000 23000
r 1200 154 7000 131000
d 23000 9000
d 187000 153000
d 81000 97000
r 1000 485 165000 151000
d 65000 149000
d 65000 91000
d 97000 165000
r 1400 334 95000 173000
d 143000 141000
d 171000 115000
d 103000 161000
r 1400 259 9000 151000
d 129000 65000
d 131000 129000
d 185000 25000
r 1200 299 47000 95000
d 179000 153000
d 167000 197000
d 185000 23000
r 1600 494 17000 85000
d 53000 161000
d 111000 189000
d 133000 145000
r 1200 278 27000 47000
d 141000 197000
d 93000 35000
d 165000 179000
r 1000 216 181000 147000
d 95000 43000
d 177000 179000
d 19000 25000
r 1400 449 25000 183000
d 183000 197000
d 129000 13000
d 169000 51000
r 1800 133 19000 59000
d 101000 27000
d 51000 43000
d 85000 103000
r 1800 317 43000 63000
d 159000 61000
d 27000 93000
d 177000 165000
r 1800 498 13000 13000
d 147000 87000
d 131000 79000
d 181000 193000
r 1200 463 9000 143000
d 119000 191000
d 9000 141000
d 167000 183000
r 1600 190 105000 65000
d 19000 197000
d 119000 43000
d 61000 139000
r 1000 408 103000 43000
d 15000 69000
d 169000 119000
d 163000 135000
r 1000 394 179000 5000
d 77000 133000
d 175000 1000
d 41000 25000
r 1400 192 95000 147000
d 9000 3000
d 191000 185000
d 159000 79000
r 1200 353 13000 147000
d 43000 89000
d 41000 121000
d 63000 159000
r 1200 128 147000 109000
d 139000 83000
d 31000 113000
d 163000 35000
r 1600 239 141000 7000
d 187000 111000
d 179000 53000
d 107000 75000
r 1800 375 173000 75000
d 43000 7000
d 53000 89000
d 121000 179000
r 1000 430 1000 53000
d 13000 167000
d 57000 37000
d 23000 195000
r 1000 158 103000 193000
d 103000 101000
d 109000 67000
d 69000 53000
r 1400 206 63000 39000
d 131000 157000
d 103000 71000
d 163000 53000
r 1600 362 11000 127000
d 183000 187000
d 129000 139000
d 167000 27000
r 1800 460 143000 79000
d 19000 157000
d 103000 9000
d 17000 197000
r 1400 390 9000 21000
d 187000 159000
d 169000 15000
d 107000 5000
r 1800 478 69000 45000
d 15000 185000
d 105000 131000
d 185000 193000
r 1800 127 21000 83000
d 181000 33000
d 115000 99000
d 45000 67000
r 1400 212 117000 195000
d 81000 173000
d 151000 19000
d 135000 45000
r 1200 104 131000 115000
d 71000 173000
d 95000 185000
d 175000 57000
r 1200 285 109000 91000
d 55000 175000
d 165000 47000
d 37000 57000
r 1600 307 101000 33000
d 111000 135000
d 61000 67000
d 7000 9000
r 1200 413 171000 157000
d 65000 15000
d 175000 157000
d 33000 19000
r 1800 481 133000 59000
d 47000 147000
d 117000 129000
d 41000 7000
r 1800 488 159000 43000
d 197000 193000
d 33000 87000
d 41000 47000
r 1400 363 149000 163000
d 1000 187000
d 33000 59000
d 135000 171000
r 1400 134 127000 95000
d 73000 195000
d 39000 147000
d 47000 3000
r 1200 428 189000 13000
d 77000 187000
d 9000 173000
d 55000 167000
r 1400 285 9000 103000
d 51000 171000
d 157000 127000
d 145000 133000
r 1400 316 155000 33000
d 175000 49000
d 61000 97000
d 105000 27000
r 1600 184 139000 39000
d 153000 147000
d 101000 89000
d 19000 179000
r 1400 354 21000 17000
d 113000 153000
d 101000 93000
d 191000 83000
r 1600 415 193000 73000
d 75000 193000
d 93000 13000
d 125000 11000
r 1200 423 177000 111000
d 63000 187000
d 175000 41000
d 191000 191000
r 1200 441 151000 119000
d 153000 177000
d 3000 51000
d 71000 93000
r 1400 132 121000 183000
d 27000 81000
d 77000 133000
d 149000 79000
r 1800 256 111000 185000
d 123000 107000
d 105000 87000
d 69000 95000
r 1200 361 57000 179000
d 37000 49000
d 147000 9000
d 41000 5000
r 1000 415 173000 123000
d 137000 41000
d 135000 91000
d 103000 15000
r 1800 385 117000 75000
d 163000 185000
d 5000 83000
d 53000 51000
r 1000 481 83000 193000
d 57000 13000
d 141000 189000
d 1000 23000
r 1800 446 189000 123000
d 89000 193000
d 51000 171000
d 29000 195000
r 1600 279 83000 49000
d 197000 115000
d 89000 167000
d 177000 183000
r 1800 473 149000 113000
d 113000 39000
d 113000 45000
d 121000 9000
r 1000 459 49000 165000
d 85000 41000
d 109000 117000
d 39000 1000
r 1200 319 123000 65000
d 137000 5000
d 137000 143000
d 155000 57000
r 1800 434 17000 181000
d 3000 115000
d 13000 157000
d 105000 121000
r 1400 145 45000 113000
d 107000 91000
d 87000 163000
d 183000 71000
r 1400 356 197000 197000
d 79000 143000
d 163000 127000
d 31000 157000
r 1800 451 113000 73000
d 45000 191000
d 65000 153000
d 15000 121000
r 1400 257 89000 31000
d 7000 13000
d 143000 169000
d 137000 65000
r 1600 220 99000 105000
d 47000 19000
d 57000 49000
d 175000 91000
r 1000 447 155000 159000
d 175000 11000
d 129000 167000
d 17000 23000
r 1400 289 45000 27000
d 187000 129000
d 183000 171000
d 57000 55000
r 1800 163 187000 143000
d 153000 27000
d 63000 193000
d 139000 105000
r 1000 129 35000 65000
d 57000 111000
d 31000 49000
d 123000 105000
r 1000 103 37000 19000
d 109000 41000
d 31000 79000
d 135000 195000
r 1600 455 47000 115000
d 147000 41000
d 167000 109000
d 127000 89000
r 1400 472 19000 185000
d 67000 77000
d 107000 93000
d 147000 163000
r 1800 261 109000 105000
d 21000 127000
d 183000 65000
d 157000 165000
r 1600 239 77000 155000
d 15000 67000
d 25000 101000
d 25000 5000
r 1400 148 95000 23000
d 191000 183000
d 91000 65000
d 151000 185000
r 1200 125 39000 179000
d 37000 13000
d 13000 191000
d 3000 89000
r 1800 186 99000 73000
d 77000 193000
d 85000 153000
d 193000 129000
r 1400 496 101000 59000
d 113000 11000
d 115000 183000
d 5000 125000
r 1800 290 123000 165000
d 147000 71000
d 167000 157000
d 137000 173000
r 1800 362 85000 187000
d 133000 3000
d 147000 33000
d 21000 71000
r 1800 363 115000 191000
d 197000 49000
d 131000 173000
d 17000 151000
r 1600 158 45000 75000
d 177000 23000
d 103000 129000
d 49000 73000
r 1600 302 39000 143000
d 35000 25000
d 145000 13000
d 111000 81000
r 1400 477 81000 17000
d 99000 19000
d 77000 25000
d 41000 25000
r 1600 262 3000 87000
d 71000 35000
d 89000 1000
d 75000 151000
r 1800 396 131000 5000
d 91000 143000
d 121000 85000
d 61000 187000
r 1800 243 113000 9000
d 77000 47000
d 187000 35000
d 181000 179000
r 1000 124 85000 83000
d 91000 21000
d 5000 19000
d 125000 95000
r 1400 196 105000 3000
d 75000 193000
d 181000 55000
d 3000 83000
r 1400 450 145000 35000
d 115000 143000
d 79000 5000
d 97000 1000
r 1400 441 57000 103000
d 141000 127000
d 85000 165000
d 15000 147000
r 1200 148 167000 33000
d 193000 119000
d 3000 173000
d 141000 71000
r 1200 161 21000 39000
d 141000 141000
d 139000 153000
d 19000 175000
r 1400 333 123000 21000
d 147000 115000
d 109000 107000
d 9000 145000
r 1000 455 11000 45000
d 49000 65000
d 103000 55000
d 41000 15000
r 1400 102 195000 59000
d 103000 59000
d 119000 101000
d 193000 133000
r 1200 239 133000 19000
d 183000 79000
d 59000 107000
d 139000 79000
r 1400 454 127000 89000
d 111000 163000
d 13000 15000
d 191000 109000
r 1400 255 23000 197000
d 7000 81000
d 99000 157000
d 93000 165000
r 1800 303 15000 85000
d 47000 15000
d 27000 91000
d 91000 23000
r 1200 132 93000 67000
d 75000 81000
d 167000 141000
d 93000 121000
r 1400 351 117000 135000
d 189000 75000
d 31000 25000
d 165000 135000
r 1800 379 73000 117000
d 63000 177000
d 111000 127000
d 179000 85000
r 1400 307 179000 149000
d 3000 175000
d 87000 81000
d 129000 123000
r 1000 336 3000 41000
d 129000 135000
d 181000 17000
d 169000 143000
r 1000 381 85000 111000
d 91000 9000
d 133000 35000
d 27000 83000
r 1800 388 53000 1000
d 105000 63000
d 195000 23000
d 187000 21000
r 1400 447 99000 53000
d 143000 29000
d 89000 5000
d 175000 129000
r 1000 362 55000 55000
d 89000 153000
d 147000 51000
d 161000 171000
r 1800 434 179000 139000
d 163000 67000
d 185000 113000
d 121000 29000
r 1400 152 105000 151000
d 43000 105000
d 67000 113000
d 85000 127000
r 1800 302 191000 41000
d 25000 85000
d 141000 75000
d 99000 165000
r 1600 439 119000 179000
d 21000 151000
d 43000 131000
d 101000 89000
r 1400 469 191000 67000
d 87000 177000
d 39000 27000
d 143000 29000
r 1400 369 179000 169000
d 181000 185000
d 59000 131000
d 87000 123000
r 1000 472 11000 59000
d 79000 39000
d 187000 193000
d 107000 13000
r 1600 339 179000 111000
d 107000 47000
d 17000 133000
d 169000 179000
r 1000 479 47000 59000
d 137000 133000
d 159000 139000
d 157000 5000
r 1800 336 5000 189000
d 173000 57000
d 1000 111000
d 89000 197000
r 1600 122 67000 167000
d 151000 175000
d 79000 51000
d 145000 143000
r 1800 198 189000 129000
d 71000 87000
d 157000 55000
d 25000 135000
r 1400 336 113000 63000
d 45000 75000
d 149000 115000
d 165000 11000
r 1200 424 173000 11000
d 59000 111000
d 139000 179000
d 97000 101000
r 1200 135 45000 147000
d 57000 115000
d 67000 101000
d 139000 127000
r 1000 192 21000 75000
d 185000 175000
d 173000 101000
d 41000 107000
r 1400 268 29000 75000
d 35000 79000
d 147000 27000
d 117000 187000
r 1400 311 187000 61000
d 65000 133000
d 109000 103000
d 125000 127000
r 1800 230 113000 83000
d 1000 11000
d 75000 35000
d 11000 127000
r 1400 237 151000 9000
d 65000 5000
d 165000 185000
d 175000 25000
r 1200 235 183000 189000
d 77000 155000
d 65000 63000
d 21000 107000
r 1400 308 97000 101000
d 73000 157000
d 183000 145000
d 39000 197000
r 1800 270 161000 51000
d 25000 179000
d 135000 143000
d 69000 173000
r 1000 382 189000 95000
d 105000 109000
d 181000 189000
d 93000 131000
r 1200 120 145000 63000
d 107000 191000
d 197000 11000
d 53000 63000
r 1000 199 7000 153000
d 185000 99000
d 59000 87000
d 19000 51000
r 1000 423 39000 27000
d 187000 165000
d 17000 133000
d 71000 179000
r 1200 300 109000 195000
d 71000 133000
d 139000 121000
d 169000 117000
r 1400 350 149000 97000
d 101000 191000
d 141000 109000
d 113000 181000
r 1800 112 29000 127000
d 51000 111000
d 127000 177000
d 197000 103000
r 1400 278 57000 99000
d 169000 197000
d 51000 51000
d 33000 145000
r 1200 240 125000 53000
d 139000 83000
d 5000 135000
d 63000 39000
r 1400 104 115000 87000
d 33000 59000
d 47000 111000
d 57000 101000
r 1800 170 117000 51000
d 177000 183000
d 1000 115000
d 31000 29000
r 1000 217 131000 175000
d 75000 197000
d 85000 47000
d 107000 45000
r 1400 490 63000 177000
d 177000 179000
d 127000 41000
d 129000 143000
r 1800 396 155000 131000
d 65000 163000
d 83000 129000
d 161000 155000
r 1200 383 37000 27000
d 87000 7000
d 73000 47000
d 71000 161000
r 1800 248 181000 53000
d 163000 97000
d 95000 197000
d 93000 57000
r 1000 106 165000 55000
d 79000 125000
d 111000 143000
d 161000 115000
r 1000 285 89000 165000
d 41000 193000
d 49000 129000
d 121000 155000
r 1600 272 55000 89000
d 41000 1000
d 49000 67000
d 63000 117000
r 1200 152 1000 111000
d 15000 67000
d 159000 33000
d 53000 37000
r 1600 141 49000 139000
d 135000 45000
d 47000 49000
d 15000 37000
r 1800 196 145000 85000
d 109000 149000
d 39000 41000
d 31000 181000
r 1800 308 91000 37000
d 37000 185000
d 135000 85000
d 23000 85000
r 1800 180 47000 145000
d 117000 157000
d 113000 15000
d 25000 91000
r 1000 297 3000 117000
d 109000 15000
d 125000 7000
d 11000 55000
r 1000 270 21000 115000
d 147000 115000
d 87000 95000
d 195000 25000
r 1000 437 23000 91000
d 147000 37000
d 145000 41000
d 77000 57000
r 1200 200 85000 3000
d 189000 195000
d 47000 159000
d 169000 43000
r 1000 236 133000 159000
d 117000 161000
d 63000 187000
d 115000 135000
r 1000 147 81000 13000
d 13000 171000
d 75000 121000
d 133000 59000
r 1200 390 135000 69000
d 179000 51000
d 119000 101000
d 185000 117000
r 1600 165 137000 113000
d 151000 15000
d 99000 71000
d 43000 189000
r 1000 158 141000 97000
d 197000 67000
d 161000 99000
d 25000 89000
r 1800 446 55000 79000
d 135000 107000
d 99000 45000
d 151000 87000
r 1800 180 175000 37000
d 55000 43000
d 163000 17000
d 145000 41000
r 1000 498 147000 47000
d 7000 179000
d 13000 93000
d 121000 157000
r 1600 384 33000 5000
d 83000 13000
d 77000 57000
d 29000 183000
r 1600 129 33000 131000
d 133000 79000
d 25000 161000
d 107000 111000
r 1600 470 171000 65000
d 107000 195000
d 105000 91000
d 139000 151000
r 1400 477 161000 73000
d 87000 49000
d 21000 35000
d 119000 85000
r 1800 242 105000 141000
d 43000 27000
d 159000 39000
d 57000 81000
r 1600 234 157000 111000
d 179000 39000
d 191000 55000
d 155000 71000
r 1000 439 161000 137000
d 71000 193000
d 163000 99000
d 191000 39000
r 1400 468 17000 81000
d 55000 9000
d 141000 7000
d 19000 123000
r 1200 488 169000 15000
d 175000 11000
d 129000 3000
d 21000 49000
r 1600 159 81000 105000
d 177000 63000
d 163000 145000
d 79000 173000
r 1400 471 103000 55000
d 63000 99000
d 21000 135000
d 111000 123000
r 1000 243 197000 9000
d 171000 175000
d 185000 3000
d 183000 175000
r 1200 347 125000 95000
d 117000 177000
d 111000 1000
d 1000 55000
r 1400 414 63000 65000
d 191000 43000
d 143000 175000
d 81000 171000
r 1400 296 1000 91000
d 57000 83000
d 163000 79000
d 191000 27000
r 1400 477 163000 101000
d 61000 17000
d 177000 75000
d 105000 1000
r 1400 168 143000 179000
d 145000 145000
d 193000 65000
d 197000 55000
r 1400 341 139000 191000
d 115000 153000
d 35000 85000
d 167000 111000
r 1000 334 17000 77000
d 87000 63000
d 103000 115000
d 47000 55000
r 1600 177 115000 33000
d 43000 99000
d 151000 139000
d 139000 123000
r 1000 297 111000 195000
d 23000 93000
d 93000 95000
d 1000 15000
r 1400 270 31000 81000
d 181000 29000
d 181000 129000
d 119000 85000
r 1400 183 179000 131000
d 181000 79000
d 9000 53000
d 25000 111000
r 1200 477 131000 171000
d 191000 35000
d 161000 157000
d 43000 115000
r 1400 434 125000 169000
d 43000 149000
d 75000 33000
d 43000 181000
r 1000 115 145000 97000
d 53000 37000
d 163000 101000
d 167000 105000
r 1800 318 7000 163000
d 85000 137000
d 95000 103000
d 173000 5000
r 1600 270 53000 183000
d 65000 175000
d 159000 107000
d 93000 99000
r 1000 429 145000 93000
d 103000 193000
d 185000 147000
d 37000 153000
r 1800 215 177000 175000
d 75000 73000
d 161000 107000
d 157000 109000
r 1400 470 151000 35000
d 183000 125000
d 173000 179000
d 163000 27000
r 1400 419 13000 143000
d 79000 175000
d 73000 89000
d 85000 135000
r 1400 382 67000 177000
d 51000 149000
d 197000 99000
d 171000 81000
r 1600 254 111000 191000
d 113000 169000
d 117000 143000
d 143000 115000
r 1200 177 119000 65000
d 171000 105000
d 29000 161000
d 81000 69000
r 1000 488 147000 185000
d 5000 29000
d 67000 163000
d 103000 173000
r 1400 411 133000 91000
d 115000 193000
d 43000 139000
d 163000 9000
r 1000 487 167000 117000
d 153000 143000
d 15000 113000
d 125000 105000
r 1800 277 155000 121000
d 177000 79000
d 55000 105000
d 93000 169000
r 1200 167 169000 69000
d 121000 63000
d 47000 187000
d 181000 53000
r 1600 188 139000 47000
d 149000 189000
d 181000 9000
d 5000 141000
r 1800 434 25000 177000
d 109000 13000
d 193000 169000
d 31000 1000
r 1400 103 183000 139000
d 83000 147000
d 13000 193000
d 47000 83000
r 1200 132 149000 21000
d 83000 197000
d 49000 85000
d 53000 97000
r 1800 183 111000 197000
d 169000 123000
d 75000 103000
d 61000 187000
r 1600 145 3000 101000
d 25000 173000
d 95000 147000
d 129000 155000
r 1000 279 101000 155000
d 113000 57000
d 65000 17000
d 61000 87000
r 1000 314 35000 157000
d 195000 159000
d 11000 111000
d 29000 37000
r 1200 319 3000 191000
d 65000 137000
d 67000 129000
d 7000 193000
r 1200 267 65000 65000
d 73000 97000
d 87000 175000
d 195000 43000
r 1200 367 77000 13000
d 29000 125000
d 147000 113000
d 155000 19000
r 1600 238 177000 79000
d 165000 65000
d 51000 49000
d 159000 127000
r 1000 181 133000 145000
d 59000 193000
d 59000 45000
d 105000 95000
r 1200 349 179000 165000
d 99000 169000
d 159000 59000
d 67000 185000
r 1000 345 149000 63000
d 5000 107000
d 121000 161000
d 103000 47000
r 1600 166 121000 147000
d 191000 75000
d 57000 23000
d 69000 37000
r 1800 257 111000 69000
d 181000 1000
d 165000 123000
d 95000 97000
r 1000 308 55000 75000
d 37000 197000
d 127000 93000
d 101000 3000
r 1000 451 21000 107000
d 159000 77000
d 93000 141000
d 21000 105000
r 1000 121 183000 121000
d 173000 125000
d 85000 75000
d 71000 51000
r 1400 278 19000 27000
d 111000 11000
d 125000 155000
d 195000 105000
r 1400 350 43000 165000
d 11000 31000
d 157000 151000
d 35000 131000
r 1000 338 77000 185000
d 23000 97000
d 145000 19000
d 155000 191000
r 1200 118 125000 49000
d 179000 19000
d 73000 95000
d 165000 187000
r 1200 416 3000 81000
d 99000 151000
d 129000 63000
d 113000 31000
r 1600 139 7000 99000
d 59000 173000
d 183000 117000
d 15000 59000
r 1000 114 131000 163000
d 81000 15000
d 135000 167000
d 73000 27000
r 1000 459 89000 119000
d 147000 133000
d 27000 69000
d 59000 107000
r 1400 151 23000 31000
d 119000 121000
d 53000 5000
d 81000 65000
r 1000 475 105000 195000
d 79000 127000
d 157000 39000
d 37000 19000
r 1000 168 49000 137000
d 71000 61000
d 97000 167000
d 185000 81000
r 1800 498 37000 55000
d 195000 127000
d 181000 81000
d 13000 55000
r 1200 207 67000 23000
d 61000 179000
d 55000 189000
d 85000 115000
r 1000 402 21000 81000
d 161000 63000
d 95000 87000
d 157000 63000
r 1400 271 69000 21000
d 161000 127000
d 113000 145000
d 179000 69000
r 1000 334 55000 155000
d 23000 189000
d 59000 167000
d 5000 9000
r 1800 470 49000 143000
d 165000 147000
d 55000 49000
d 71000 61000
r 1400 497 173000 131000
d 147000 109000
d 109000 57000
d 43000 129000
r 1600 306 93000 7000
d 95000 113000
d 197000 189000
d 95000 91000
r 1000 256 109000 7000
d 135000 35000
d 1000 197000
d 95000 21000
r 1400 246 59000 43000
d 93000 25000
d 143000 87000
d 195000 171000
r 1000 102 109000 61000
d 175000 53000
d 185000 115000
d 81000 111000
r 1200 423 117000 23000
d 173000 191000
d 19000 163000
d 195000 23000
r 1000 228 23000 47000
d 57000 75000
d 91000 17000
d 49000 133000
r 1800 433 47000 103000
d 189000 19000
d 49000 49000
d 143000 99000
r 1400 202 11000 115000
d 145000 55000
d 169000 127000
d 67000 159000
r 1400 211 131000 161000
d 27000 9000
d 139000 55000
d 109000 137000
r 1200 199 27000 117000
d 41000 193000
d 145000 137000
d 127000 59000
r 1200 479 51000 27000
d 59000 167000
d 177000 149000
d 47000 159000
r 1200 371 65000 13000
d 23000 191000
d 53000 43000
d 155000 65000
r 1600 209 89000 91000
d 5000 185000
d 65000 69000
d 149000 111000
r 1000 130 69000 73000
d 133000 135000
d 145000 7000
d 93000 105000
r 1800 465 65000 123000
d 135000 183000
d 151000 89000
d 9000 29000
r 1800 466 41000 37000
d 159000 123000
d 153000 93000
d 165000 47000
r 1600 488 177000 157000
d 77000 193000
d 15000 67000
d 177000 155000
r 1800 229 175000 143000
d 9000 153000
d 119000 95000
d 85000 161000
r 1600 212 197000 13000
d 73000 153000
d 31000 155000
d 123000 75000
r 1200 395 181000 185000
d 61000 123000
d 163000 145000
d 81000 29000
r 1600 293 183000 165000
d 23000 181000
d 97000 45000
d 169000 187000
r 1800 360 49000 87000
d 47000 19000
d 81000 81000
d 29000 175000
r 1600 235 115000 25000
d 23000 141000
d 53000 17000
d 101000 103000
r 1600 398 135000 147000
d 75000 19000
d 91000 19000
d 141000 155000
r 1200 219 191000 101000
d 163000 83000
d 151000 127000
d 157000 55000
r 1600 495 55000 9000
d 123000 49000
d 175000 51000
d 159000 107000
r 1400 300 101000 65000
d 181000 157000
d 73000 11000
d 121000 35000
r 1600 429 65000 135000
d 121000 65000
d 133000 187000
d 91000 97000
r 1800 478 53000 175000
d 63000 21000
d 89000 27000
d 65000 3000
r 1400 373 51000 125000
d 173000 125000
d 19000 63000
d 59000 143000
r 1600 477 43000 153000
d 91000 191000
d 177000 161000
d 63000 95000
r 1000 157 95000 185000
d 195000 37000
d 163000 9000
d 95000 21000
r 1400 246 65000 149000
d 177000 49000
d 191000 195000
d 155000 151000
r 1400 157 113000 173000
d 121000 59000
d 43000 127000
d 121000 183000
r 1000 341 143000 119000
d 81000 101000
d 133000 81000
d 161000 183000
r 1800 419 137000 45000
d 71000 51000
d 51000 11000
d 33000 63000
r 1600 327 169000 189000
d 7000 177000
d 181000 147000
d 15000 91000
r 1200 230 23000 5000
d 103000 67000
d 177000 17000
d 45000 151000
r 1800 203 153000 47000
d 129000 97000
d 55000 91000
d 37000 159000
r 1400 383 59000 5000
d 153000 155000
d 83000 183000
d 45000 143000
r 1400 458 173000 95000
d 149000 149000
d 121000 41000
d 75000 51000
r 1400 342 97000 125000
d 31000 107000
d 185000 143000
d 81000 101000
r 1200 266 107000 51000
d 105000 17000
d 163000 187000
d 107000 109000
r 1000 410 37000 121000
d 149000 81000
d 23000 171000
d 119000 171000
r 1400 459 31000 119000
d 83000 109000
d 87000 101000
d 183000 63000
r 1200 186 47000 57000
d 95000 131000
d 35000 137000
d 51000 187000
r 1400 432 187000 57000
d 99000 173000
d 53000 13000
d 103000 3000
r 1800 470 59000 109000
d 125000 65000
d 91000 27000
d 191000 33000
r 1000 329 71000 27000
d 71000 19000
d 159000 23000
d 111000 77000
r 1600 493 3000 47000
d 5000 151000
d 177000 93000
d 167000 69000
r 1600 135 111000 67000
d 105000 29000
d 9000 159000
d 181000 33000
r 1800 139 79000 155000
d 7000 87000
d 123000 33000
d 77000 43000
r 1200 220 113000 97000
d 17000 185000
d 181000 155000
d 27000 61000
r 1800 185 123000 157000
d 43000 149000
d 183000 43000
d 145000 7000
r 1400 131 99000 57000
d 85000 1000
d 129000 47000
d 67000 89000
r 1000 416 171000 93000
d 91000 3000
d 181000 93000
d 9000 33000
r 1800 383 109000 17000
d 125000 93000
d 117000 193000
d 47000 47000
r 1600 492 145000 161000
d 43000 121000
d 145000 171000
d 171000 147000
r 1400 443 65000 183000
d 21000 97000
d 145000 139000
d 143000 169000
r 1000 462 21000 169000
d 63000 55000
d 117000 97000
d 131000 137000
r 1200 244 61000 67000
d 73000 181000
d 13000 43000
d 105000 127000
r 1800 233 15000 77000
d 97000 137000
d 57000 29000
d 127000 121000
r 1600 334 125000 125000
d 19000 183000
d 171000 63000
d 31000 17000
r 1000 235 195000 35000
d 183000 81000
d 181000 175000
d 115000 197000
r 1800 412 19000 7000
d 23000 93000
d 149000 123000
d 155000 75000
r 1600 125 149000 191000
d 41000 39000
d 69000 43000
d 85000 125000
r 1000 458 37000 183000
d 97000 133000
d 19000 89000
d 43000 93000
r 1400 106 145000 143000
d 193000 69000
d 187000 173000
d 189000 91000
r 1200 266 107000 163000
d 125000 159000
d 1000 115000
d 1000 163000
r 1800 484 179000 69000
d 163000 79000
d 103000 111000
d 177000 51000
r 1600 125 13000 119000
d 127000 5000
d 31000 91000
d 151000 129000
r 1000 122 97000 197000
d 161000 179000
d 61000 3000
d 63000 125000
r 1600 424 197000 15000
d 119000 9000
d 49000 153000
d 125000 173000
r 1600 300 73000 165000
d 47000 163000
d 1000 187000
d 61000 123000
r 1600 483 59000 3000
d 7000 179000
d 137000 175000
d 1000 97000
r 1200 178 163000 1000
d 69000 19000
d 7000 149000
d 169000 183000
r 1200 263 29000 107000
d 87000 9000
d 85000 125000
d 161000 121000
r 1000 125 171000 107000
d 69000 95000
d 163000 113000
d 95000 3000
r 1200 139 39000 183000
d 117000 169000
d 65000 1000
d 9000 79000
r 1200 475 53000 35000
d 41000 1000
d 85000 111000
d 173000 121000
r 1400 300 141000 99000
d 125000 83000
d 139000 131000
d 67000 191000
r 1000 358 59000 161000
d 61000 191000
d 7000 171000
d 129000 27000
r 1400 352 155000 5000
d 97000 45000
d 151000 7000
d 85000 83000
r 1000 202 149000 61000
d 115000 127000
d 31000 97000
d 111000 69000
r 1000 450 197000 129000
d 69000 9000
d 63000 129000
d 171000 83000
r 1200 122 159000 151000
d 117000 185000
d 101000 113000
d 151000 197000
r 1400 166 147000 139000
d 173000 131000
d 185000 81000
d 13000 157000
r 1400 450 147000 195000
d 55000 71000
d 141000 137000
d 195000 87000
r 1800 347 1000 161000
d 157000 179000
d 173000 167000
d 81000 21000
r 1600 183 13000 25000
d 53000 21000
d 195000 75000
d 113000 111000
r 1600 389 99000 185000
d 67000 113000
d 19000 83000
d 51000 41000
r 1200 229 35000 181000
d 91000 111000
d 37000 69000
d 21000 13000
r 1800 482 31000 109000
d 139000 117000
d 147000 153000
d 165000 101000
r 1200 331 109000 15000
d 21000 155000
d 43000 47000
d 15000 133000
r 1200 297 23000 195000
d 47000 139000
d 37000 121000
d 77000 123000
r 1400 283 71000 57000
d 51000 115000
d 95000 123000
d 191000 67000
r 1200 128 91000 53000
d 129000 171000
d 135000 47000
d 41000 69000
r 1400 257 121000 107000
d 113000 195000
d 133000 7000
d 169000 127000
r 1600 206 15000 93000
d 105000 53000
d 187000 117000
d 79000 147000
r 1400 184 183000 117000
d 129000 189000
d 41000 131000
d 39000 29000
r 1800 142 121000 91000
d 115000 161000
d 131000 141000
d 149000 87000
r 1000 100 151000 39000
d 155000 67000
d 175000 83000
d 193000 157000
r 1200 340 169000 85000
d 77000 5000
d 73000 115000
d 39000 17000
r 1200 484 167000 9000
d 189000 189000
d 87000 39000
d 49000 39000
r 1600 360 165000 73000
d 81000 89000
d 39000 169000
d 107000 111000
r 1600 482 55000 53000
d 87000 73000
d 77000 57000
d 13000 73000
r 1600 397 1000 99000
d 141000 103000
d 71000 159000
d 81000 73000
r 1400 202 11000 51000
d 159000 195000
d 27000 69000
d 181000 57000
r 1800 427 89000 59000
d 93000 195000
d 185000 169000
d 31000 111000
r 1800 331 183000 125000
d 85000 115000
d 77000 69000
d 135000 89000
r 1800 448 157000 35000
d 149000 183000
d 71000 79000
d 27000 9000
r 1200 114 19000 169000
d 177000 159000
d 185000 23000
d 197000 23000
r 1600 113 161000 101000
d 9000 131000
d 97000 17000
d 143000 11000
r 1200 181 103000 65000
d 149000 189000
d 75000 1000
d 125000 193000
r 1200 301 19000 107000
d 75000 23000
d 5000 59000
d 65000 65000
r 1000 485 97000 19000
d 191000 85000
d 41000 139000
d 91000 53000
r 1600 489 187000 129000
d 165000 161000
d 47000 191000
d 81000 17000
r 1400 124 125000 75000
d 169000 121000
d 17000 147000
d 59000 11000
r 1800 206 107000 183000
d 165000 191000
d 181000 187000
d 3000 139000
r 1200 243 63000 105000
d 147000 135000
d 113000 7000
d 153000 167000
r 1600 200 187000 115000
d 103000 151000
d 97000 107000
d 67000 33000
r 1600 353 17000 163000
d 89000 181000
d 179000 43000
d 185000 115000
r 1000 375 41000 97000
d 171000 15000
d 79000 177000
d 51000 25000
r 1400 371 135000 105000
d 179000 147000
d 79000 107000
d 39000 43000
r 1200 382 119000 191000
d 117000 135000
d 159000 21000
d 171000 31000
r 1600 391 167000 185000
d 129000 99000
d 145000 181000
d 173000 191000
r 1200 187 135000 191000
d 159000 121000
d 37000 83000
d 61000 3000
r 1800 155 39000 103000
d 175000 95000
d 71000 143000
d 131000 145000
r 1200 234 141000 123000
d 67000 181000
d 129000 111000
d 187000 97000
r 1200 180 183000 81000
d 91000 23000
d 185000 161000
d 75000 179000
r 1600 104 9000 173000
d 181000 53000
d 27000 95000
d 135000 115000
r 1800 426 29000 171000
d 131000 117000
d 109000 9000
d 143000 157000
r 1400 193 191000 139000
d 15000 95000
d 17000 193000
d 95000 125000
r 1800 387 59000 189000
d 143000 113000
d 69000 15000
d 193000 175000
r 1000 295 145000 149000
d 139000 151000
d 151000 91000
d 151000 197000
r 1400 153 113000 143000
d 53000 125000
d 155000 47000
d 119000 93000
r 1200 234 57000 169000
d 33000 171000
d 183000 149000
d 23000 23000
r 1200 474 155000 149000
d 17000 93000
d 133000 137000
d 65000 123000
r 1000 451 41000 181000
d 193000 45000
d 131000 39000
d 89000 167000
r 1200 336 131000 157000
d 137000 153000
d 35000 91000
d 117000 65000
r 1000 386 35000 23000
d 145000 7000
d 21000 17000
d 119000 181000
r 1200 111 75000 197000
d 33000 145000
d 19000 63000
d 45000 79000
r 1000 300 133000 13000
d 91000 135000
d 93000 131000
d 183000 35000
r 1200 343 171000 131000
d 15000 25000
d 183000 91000
d 105000 155000
r 1000 413 93000 49000
d 115000 69000
d 57000 37000
d 3000 75000
r 1200 157 41000 91000
d 17000 27000
d 3000 49000
d 57000 29000
r 1200 119 15000 167000
d 181000 95000
d 125000 147000
d 187000 109000
r 1200 265 183000 101000
d 25000 111000
d 87000 75000
d 83000 115000
r 1200 460 107000 1000
d 197000 105000
d 15000 47000
d 1000 27000
r 1600 134 15000 187000
d 191000 99000
d 47000 51000
d 177000 141000
r 1000 351 171000 133000
d 175000 155000
d 151000 83000
d 165000 9000
r 1600 175 1000 163000
d 53000 35000
d 65000 69000
d 105000 155000
r 1000 433 1000 27000
d 125000 9000
d 131000 191000
d 169000 139000
r 1600 342 57000 107000
d 153000 37000
d 13000 3000
d 109000 113000
r 1200 101 25000 137000
d 71000 149000
d 19000 19000
d 187000 193000
r 1800 297 153000 51000
d 75000 99000
d 57000 177000
d 101000 7000
r 1400 194 89000 29000
d 157000 191000
d 153000 35000
d 109000 157000
r 1400 281 79000 121000
d 125000 189000
d 123000 157000
d 169000 37000
r 1400 399 145000 159000
d 67000 179000
d 9000 51000
d 153000 143000
r 1000 184 135000 175000
d 79000 77000
d 165000 157000
d 81000 133000
r 1600 181 79000 109000
d 169000 155000
d 91000 31000
d 19000 133000
r 1000 317 63000 187000
d 11000 193000
d 43000 75000
d 89000 137000
r 1000 423 151000 47000
d 43000 35000
d 87000 3000
d 91000 5000
r 1400 275 157000 173000
d 57000 139000
d 89000 187000
d 105000 191000
r 1800 226 65000 141000
d 125000 1000
d 97000 169000
d 29000 73000
r 1600 381 179000 31000
d 61000 97000
d 29000 121000
d 137000 9000
r 1800 153 121000 67000
d 11000 51000
d 141000 79000
d 57000 105000
