g 60 60 2000
r 1200 306 7000 79000
d 49000 79000
d 13000 61000
d 33000 3000
r 1600 460 81000 111000
d 111000 43000
d 109000 105000
d 57000 3000
r 1000 144 49000 75000
d 81000 23000
d 31000 33000
d 115000 87000
r 1000 340 59000 105000
d 31000 13000
d 89000 19000
d 29000 115000
r 1600 219 41000 109000
d 39000 65000
d 79000 23000
d 107000 75000
r 1400 299 59000 55000
d 25000 13000
d 59000 69000
d 117000 5000
r 1000 289 93000 47000
d 7000 7000
d 101000 11000
d 61000 37000
r 1200 486 9000 65000
d 5000 107000
d 25000 47000
d 31000 17000
r 1000 128 83000 19000
d 103000 9000
d 39000 37000
d 83000 61000
r 1000 215 1000 39000
d 53000 25000
d 77000 11000
d 1000 49000
r 1800 298 85000 47000
d 19000 15000
d 59000 85000
d 29000 39000
r 1000 473 115000 89000
d 37000 111000
d 53000 27000
d 103000 71000
r 1600 322 87000 93000
d 45000 53000
d 99000 25000
d 3000 103000
r 1000 454 41000 83000
d 63000 93000
d 1000 105000
d 81000 15000
r 1200 238 23000 93000
d 91000 83000
d 101000 117000
d 73000 93000
r 1600 419 115000 25000
d 85000 45000
d 81000 15000
d 15000 13000
r 1200 323 53000 101000
d 41000 111000
d 23000 51000
d 65000 43000
r 1600 262 57000 117000
d 65000 103000
d 101000 95000
d 33000 3000
r 1800 168 47000 111000
d 27000 23000
d 71000 65000
d 1000 103000
r 1000 389 55000 59000
d 57000 15000
d 85000 99000
d 7000 93000
r 1000 298 5000 89000
d 77000 89000
d 13000 7000
d 15000 103000
r 1400 162 41000 69000
d 97000 1000
d 115000 83000
d 3000 67000
r 1000 453 23000 61000
d 115000 97000
d 17000 93000
d 9000 81000
r 1000 257 53000 51000
d 105000 61000
d 47000 85000
d 45000 25000
r 1600 173 113000 5000
d 23000 3000
d 25000 75000
d 17000 113000
r 1600 142 5000 87000
d 51000 13000
d 41000 17000
d 99000 77000
r 1400 288 17000 25000
d 7000 39000
d 63000 21000
d 25000 43000
r 1400 297 105000 21000
d 55000 31000
d 49000 17000
d 41000 71000
r 1800 101 99000 79000
d 45000 65000
d 45000 49000
d 89000 93000
r 1800 340 5000 97000
d 115000 113000
d 109000 33000
d 25000 71000
r 1800 478 105000 61000
d 113000 23000
d 79000 69000
d 25000 9000
r 1600 195 81000 67000
d 35000 1000
d 75000 61000
d 41000 49000
r 1400 295 101000 25000
d 75000 91000
d 21000 85000
d 109000 47000
r 1800 383 17000 63000
d 29000 113000
d 11000 27000
d 89000 59000
r 1600 178 39000 75000
d 51000 5000
d 73000 27000
d 3000 67000
r 1200 431 73000 69000
d 59000 33000
d 41000 39000
d 87000 61000
r 1800 450 35000 59000
d 33000 9000
d 77000 79000
d 109000 99000
r 1200 417 103000 27000
d 5000 1000
d 51000 23000
d 43000 105000
r 1600 294 39000 69000
d 73000 11000
d 25000 19000
d 9000 59000
r 1600 121 35000 9000
d 45000 109000
d 29000 103000
d 47000 87000
r 1800 320 61000 63000
d 107000 107000
d 95000 3000
d 45000 77000
r 1400 456 3000 107000
d 85000 43000
d 37000 69000
d 27000 89000
r 1000 288 13000 59000
d 31000 43000
d 1000 115000
d 53000 87000
r 1400 117 3000 59000
d 61000 117000
d 51000 49000
d 41000 111000
r 1800 207 61000 89000
d 51000 71000
d 99000 105000
d 15000 31000
r 1800 271 1000 51000
d 47000 9000
d 97000 59000
d 49000 103000
r 1000 265 105000 37000
d 75000 81000
d 107000 79000
d 89000 9000
r 1600 273 73000 113000
d 91000 71000
d 5000 35000
d 65000 99000
r 1400 383 55000 13000
d 111000 45000
d 83000 27000
d 93000 33000
r 1200 284 103000 23000
d 63000 33000
d 61000 19000
d 87000 25000
r 1600 262 87000 79000
d 99000 95000
d 51000 91000
d 99000 13000
r 1600 257 101000 89000
d 5000 7000
d 3000 93000
d 15000 61000
r 1200 374 63000 19000
d 9000 89000
d 33000 77000
d 101000 37000
r 1000 223 83000 73000
d 63000 61000
d 35000 23000
d 63000 63000
r 1000 405 55000 97000
d 107000 13000
d 91000 89000
d 109000 101000
r 1000 248 31000 93000
d 31000 83000
d 117000 63000
d 89000 65000
r 1400 441 87000 35000
d 103000 17000
d 115000 3000
d 71000 11000
r 1400 423 31000 11000
d 69000 21000
d 5000 69000
d 13000 97000
r 1600 299 11000 65000
d 93000 17000
d 63000 103000
d 107000 61000
r 1800 106 5000 9000
d 35000 49000
d 99000 65000
d 25000 47000
r 1200 432 5000 13000
d 45000 81000
d 103000 5000
d 117000 51000
r 1200 103 101000 51000
d 81000 39000
d 17000 39000
d 117000 77000
r 1400 303 13000 65000
d 109000 13000
d 59000 33000
d 69000 17000
r 1000 168 51000 27000
d 19000 23000
d 79000 95000
d 33000 75000
r 1800 144 51000 89000
d 27000 95000
d 57000 11000
d 39000 33000
r 1000 415 19000 91000
d 57000 101000
d 79000 45000
d 63000 33000
r 1600 295 7000 33000
d 15000 113000
d 103000 81000
d 97000 61000
r 1400 317 43000 95000
d 79000 53000
d 47000 117000
d 31000 37000
r 1600 409 41000 89000
d 55000 91000
d 1000 51000
d 107000 37000
r 1000 161 99000 75000
d 103000 37000
d 65000 75000
d 81000 1000
r 1600 139 63000 109000
d 57000 43000
d 99000 103000
d 21000 93000
r 1600 265 91000 107000
d 99000 99000
d 39000 7000
d 31000 79000
r 1200 322 107000 5000
d 25000 31000
d 29000 67000
d 109000 115000
r 1800 330 109000 87000
d 39000 43000
d 101000 67000
d 109000 51000
r 1000 499 111000 53000
d 85000 65000
d 63000 23000
d 43000 91000
r 1400 319 41000 13000
d 105000 51000
d 11000 3000
d 73000 117000
r 1000 234 85000 93000
d 107000 55000
d 53000 87000
d 7000 11000
r 1600 327 7000 67000
d 109000 61000
d 89000 13000
d 115000 115000
r 1600 260 55000 57000
d 69000 89000
d 67000 81000
d 15000 79000
r 1400 235 81000 57000
d 11000 33000
d 97000 71000
d 27000 1000
r 1600 465 35000 101000
d 53000 85000
d 63000 53000
d 51000 13000
r 1800 203 29000 81000
d 87000 11000
d 59000 87000
d 65000 59000
r 1800 137 107000 57000
d 55000 45000
d 87000 11000
d 93000 101000
r 1800 191 5000 11000
d 3000 43000
d 111000 101000
d 19000 85000
r 1600 480 89000 23000
d 115000 31000
d 85000 115000
d 109000 81000
r 1200 287 89000 55000
d 17000 101000
d 25000 19000
d 45000 87000
r 1400 481 19000 63000
d 75000 11000
d 95000 117000
d 77000 7000
r 1000 404 59000 5000
d 9000 109000
d 17000 11000
d 95000 23000
r 1400 371 83000 9000
d 43000 59000
d 23000 105000
d 41000 91000
r 1200 162 77000 117000
d 25000 115000
d 105000 33000
d 97000 93000
r 1400 319 51000 55000
d 83000 19000
d 25000 21000
d 41000 5000
r 1800 308 31000 67000
d 75000 65000
d 67000 5000
d 73000 95000
r 1400 397 3000 1000
d 53000 25000
d 49000 117000
d 15000 73000
r 1400 498 107000 47000
d 85000 85000
d 3000 19000
d 47000 3000
r 1000 309 21000 67000
d 85000 43000
d 81000 59000
d 41000 57000
r 1000 425 41000 27000
d 65000 97000
d 27000 61000
d 115000 85000
r 1400 107 77000 23000
d 83000 17000
d 117000 45000
d 7000 11000
r 1200 330 49000 13000
d 75000 35000
d 103000 107000
d 23000 75000
r 1400 264 117000 117000
d 45000 87000
d 37000 57000
d 5000 113000
r 1000 406 31000 19000
d 21000 11000
d 95000 91000
d 51000 91000
r 1800 312 11000 95000
d 83000 113000
d 73000 29000
d 85000 47000
r 1800 382 71000 49000
d 53000 87000
d 33000 93000
d 103000 79000
r 1200 426 113000 111000
d 53000 31000
d 113000 43000
d 13000 85000
r 1400 481 49000 41000
d 57000 109000
d 75000 87000
d 107000 35000
r 1400 417 113000 29000
d 45000 35000
d 77000 73000
d 57000 17000
r 1400 467 103000 73000
d 109000 17000
d 13000 19000
d 51000 95000
r 1400 153 21000 85000
d 31000 71000
d 9000 61000
d 5000 53000
r 1200 268 25000 51000
d 19000 9000
d 97000 79000
d 49000 97000
r 1000 434 95000 87000
d 39000 67000
d 47000 31000
d 19000 103000
r 1000 165 111000 15000
d 31000 1000
d 25000 57000
d 83000 79000
r 1600 172 89000 1000
d 61000 73000
d 25000 47000
d 65000 35000
r 1600 469 47000 67000
d 39000 63000
d 77000 43000
d 51000 17000
r 1200 293 75000 99000
d 39000 107000
d 39000 59000
d 23000 79000
r 1000 345 109000 39000
d 77000 15000
d 11000 89000
d 29000 107000
r 1800 453 97000 79000
d 11000 61000
d 63000 15000
d 21000 117000
r 1400 322 13000 91000
d 73000 9000
d 55000 35000
d 53000 11000
r 1000 387 103000 15000
d 37000 9000
d 35000 97000
d 23000 109000
r 1400 479 69000 21000
d 95000 85000
d 41000 5000
d 87000 15000
r 1400 247 3000 67000
d 37000 55000
d 63000 73000
d 87000 55000
r 1400 228 69000 57000
d 111000 15000
d 117000 81000
d 107000 7000
r 1000 475 15000 55000
d 81000 111000
d 105000 89000
d 39000 11000
r 1600 174 7000 107000
d 5000 17000
d 115000 81000
d 115000 13000
r 1800 494 95000 51000
d 29000 13000
d 7000 3000
d 63000 13000
r 1800 356 49000 35000
d 97000 83000
d 33000 35000
d 107000 35000
r 1000 327 29000 23000
d 69000 87000
d 21000 41000
d 55000 95000
r 1200 385 85000 21000
d 47000 71000
d 107000 33000
d 55000 3000
r 1200 277 111000 29000
d 37000 51000
d 63000 55000
d 91000 9000
r 1400 270 9000 91000
d 3000 73000
d 93000 55000
d 97000 85000
r 1800 424 1000 87000
d 35000 5000
d 49000 63000
d 31000 115000
r 1000 426 91000 103000
d 61000 63000
d 37000 29000
d 41000 31000
r 1400 307 41000 115000
d 39000 25000
d 91000 59000
d 109000 105000
r 1000 271 117000 29000
d 69000 17000
d 43000 83000
d 13000 25000
r 1200 396 51000 29000
d 19000 71000
d 45000 71000
d 99000 19000
r 1000 228 15000 79000
d 111000 43000
d 37000 57000
d 19000 65000
r 1200 442 35000 73000
d 107000 95000
d 63000 83000
d 33000 75000
r 1400 276 117000 51000
d 15000 77000
d 9000 13000
d 97000 17000
r 1600 150 59000 1000
d 17000 27000
d 95000 37000
d 91000 31000
r 1800 454 109000 83000
d 45000 93000
d 105000 93000
d 5000 19000
r 1600 292 113000 9000
d 83000 97000
d 115000 11000
d 95000 63000
r 1800 286 107000 9000
d 27000 85000
d 81000 11000
d 91000 91000
r 1800 110 75000 111000
d 31000 95000
d 117000 107000
d 35000 15000
r 1800 214 39000 25000
d 53000 97000
d 41000 13000
d 19000 5000
r 1800 316 45000 37000
d 91000 1000
d 43000 107000
d 1000 77000
r 1400 348 17000 93000
d 9000 55000
d 35000 97000
d 109000 117000
r 1000 408 65000 13000
d 11000 93000
d 11000 99000
d 31000 83000
r 1400 263 51000 79000
d 29000 33000
d 79000 45000
d 33000 69000
r 1000 339 13000 11000
d 29000 41000
d 5000 17000
d 91000 23000
r 1200 298 93000 83000
d 59000 67000
d 47000 41000
d 101000 23000
r 1800 243 19000 67000
d 51000 21000
d 63000 111000
d 45000 69000
r 1800 168 17000 95000
d 101000 21000
d 31000 7000
d 91000 33000
r 1200 246 63000 7000
d 55000 81000
d 49000 109000
d 5000 77000
r 1600 327 9000 99000
d 49000 51000
d 61000 111000
d 5000 113000
r 1600 491 45000 61000
d 57000 97000
d 51000 83000
d 63000 103000
r 1000 235 33000 81000
d 47000 107000
d 61000 1000
d 35000 21000
r 1000 110 83000 75000
d 53000 23000
d 115000 7000
d 87000 117000
r 1200 491 13000 105000
d 47000 113000
d 13000 39000
d 11000 21000
r 1200 392 27000 37000
d 25000 11000
d 97000 39000
d 17000 117000
r 1000 489 41000 87000
d 33000 55000
d 109000 61000
d 27000 75000
r 1600 279 83000 117000
d 5000 57000
d 89000 91000
d 85000 107000
r 1200 399 113000 91000
d 95000 23000
d 37000 35000
d 49000 15000
r 1200 229 77000 17000
d 109000 93000
d 99000 1000
d 111000 115000
r 1800 135 47000 117000
d 1000 39000
d 29000 35000
d 13000 39000
r 1400 478 3000 33000
d 21000 89000
d 111000 59000
d 93000 65000
r 1800 184 53000 97000
d 75000 61000
d 87000 99000
d 7000 71000
r 1600 362 117000 115000
d 29000 9000
d 31000 21000
d 9000 59000
r 1800 309 13000 13000
d 13000 77000
d 3000 93000
d 11000 11000
r 1600 420 11000 89000
d 95000 41000
d 61000 59000
d 9000 103000
r 1400 253 23000 35000
d 55000 43000
d 89000 87000
d 33000 33000
r 1200 358 41000 95000
d 55000 19000
d 29000 31000
d 67000 79000
r 1200 386 71000 43000
d 61000 13000
d 103000 89000
d 29000 65000
r 1200 200 69000 91000
d 63000 31000
d 79000 27000
d 57000 27000
r 1200 485 55000 83000
d 17000 101000
d 13000 11000
d 69000 69000
r 1000 382 43000 9000
d 21000 45000
d 15000 27000
d 13000 7000
r 1400 434 33000 117000
d 3000 99000
d 103000 67000
d 3000 25000
r 1800 391 25000 99000
d 75000 105000
d 79000 101000
d 9000 25000
r 1600 187 43000 85000
d 25000 19000
d 97000 53000
d 107000 23000
r 1000 138 101000 57000
d 61000 45000
d 41000 69000
d 73000 73000
r 1600 218 67000 91000
d 33000 61000
d 29000 39000
d 39000 65000
r 1200 455 23000 39000
d 35000 1000
d 89000 43000
d 73000 7000
r 1000 122 85000 29000
d 117000 23000
d 5000 55000
d 67000 33000
