g 70 70 2000
r 1200 306 125000 39000
d 51000 131000
d 103000 121000
d 77000 21000
r 1600 460 51000 49000
d 3000 17000
d 1000 127000
d 87000 79000
r 1000 144 45000 127000
d 101000 25000
d 53000 37000
d 81000 97000
r 1000 340 59000 65000
d 93000 1000
d 103000 101000
d 119000 135000
r 1600 219 63000 81000
d 117000 53000
d 83000 23000
d 111000 59000
r 1400 299 41000 101000
d 5000 3000
d 97000 5000
d 113000 79000
r 1000 289 135000 111000
d 77000 11000
d 105000 101000
d 31000 11000
r 1200 486 9000 53000
d 71000 5000
d 121000 57000
d 135000 125000
r 1000 128 13000 15000
d 29000 115000
d 101000 57000
d 73000 79000
r 1000 215 113000 69000
d 111000 131000
d 43000 5000
d 53000 93000
r 1800 298 27000 5000
d 99000 21000
d 115000 13000
d 47000 61000
r 1000 473 41000 77000
d 79000 45000
d 59000 123000
d 129000 47000
r 1600 322 3000 111000
d 107000 79000
d 77000 83000
d 115000 115000
r 1000 454 13000 131000
d 77000 111000
d 115000 113000
d 9000 111000
r 1200 238 7000 57000
d 17000 69000
d 9000 91000
d 49000 69000
r 1600 419 41000 113000
d 135000 71000
d 71000 105000
d 51000 29000
r 1200 323 111000 83000
d 29000 119000
d 113000 37000
d 63000 23000
r 1600 262 33000 117000
d 101000 21000
d 41000 113000
d 137000 7000
r 1800 168 19000 69000
d 89000 69000
d 75000 117000
d 123000 131000
r 1000 389 21000 33000
d 7000 73000
d 15000 51000
d 99000 37000
r 1000 298 55000 43000
d 79000 87000
d 17000 33000
d 123000 103000
r 1400 162 71000 85000
d 77000 15000
d 35000 13000
d 135000 9000
r 1000 453 23000 133000
d 13000 55000
d 137000 27000
d 113000 109000
r 1000 257 91000 87000
d 3000 109000
d 103000 119000
d 9000 51000
r 1600 173 91000 95000
d 23000 47000
d 41000 49000
d 91000 69000
r 1600 142 65000 33000
d 105000 3000
d 107000 101000
d 41000 45000
r 1400 288 65000 97000
d 71000 55000
d 69000 9000
d 39000 47000
r 1400 297 125000 91000
d 37000 111000
d 3000 129000
d 129000 125000
r 1800 101 109000 121000
d 129000 25000
d 1000 135000
d 33000 39000
r 1800 340 33000 123000
d 71000 75000
d 7000 129000
d 121000 5000
r 1800 478 1000 33000
d 67000 37000
d 59000 81000
d 33000 91000
r 1600 195 127000 27000
d 121000 63000
d 137000 77000
d 85000 81000
r 1400 295 63000 51000
d 65000 59000
d 23000 77000
d 65000 35000
r 1800 383 47000 101000
d 113000 67000
d 3000 73000
d 87000 123000
r 1600 178 61000 91000
d 63000 35000
d 99000 67000
d 115000 51000
r 1200 431 105000 1000
d 115000 63000
d 127000 123000
d 3000 77000
r 1800 450 25000 43000
d 111000 37000
d 79000 45000
d 39000 19000
r 1200 417 127000 9000
d 111000 73000
d 67000 87000
d 43000 37000
r 1600 294 119000 31000
d 3000 15000
d 13000 21000
d 3000 99000
r 1600 121 55000 57000
d 21000 55000
d 49000 105000
d 93000 107000
r 1800 320 9000 21000
d 21000 33000
d 133000 13000
d 31000 117000
r 1400 456 25000 95000
d 53000 109000
d 59000 31000
d 113000 55000
r 1000 288 67000 119000
d 69000 9000
d 119000 25000
d 1000 37000
r 1400 117 79000 19000
d 119000 21000
d 3000 17000
d 29000 25000
r 1800 207 111000 107000
d 83000 99000
d 67000 101000
d 53000 95000
r 1800 271 77000 35000
d 117000 133000
d 97000 107000
d 65000 111000
r 1000 265 113000 105000
d 15000 83000
d 93000 1000
d 113000 73000
r 1600 273 43000 63000
d 75000 53000
d 117000 129000
d 135000 15000
r 1400 383 83000 19000
d 55000 101000
d 113000 51000
d 9000 61000
r 1200 284 47000 9000
d 131000 105000
d 67000 71000
d 21000 95000
r 1600 262 107000 25000
d 45000 81000
d 115000 115000
d 127000 11000
r 1600 257 107000 67000
d 9000 103000
d 103000 19000
d 119000 105000
r 1200 374 19000 41000
d 75000 21000
d 127000 123000
d 125000 129000
r 1000 223 53000 97000
d 57000 69000
d 37000 59000
d 27000 29000
r 1000 405 55000 63000
d 33000 19000
d 81000 33000
d 25000 41000
r 1000 248 55000 117000
d 59000 35000
d 49000 117000
d 53000 95000
r 1400 441 43000 79000
d 87000 13000
d 87000 23000
d 103000 37000
r 1400 423 95000 23000
d 91000 49000
d 59000 107000
d 61000 27000
r 1600 299 23000 81000
d 61000 51000
d 33000 85000
d 15000 61000
r 1800 106 11000 15000
d 113000 57000
d 9000 3000
d 31000 59000
r 1200 432 135000 69000
d 67000 7000
d 11000 99000
d 103000 93000
r 1200 103 107000 41000
d 51000 67000
d 77000 73000
d 17000 11000
r 1400 303 133000 53000
d 133000 9000
d 119000 45000
d 131000 93000
r 1000 168 9000 37000
d 61000 47000
d 121000 129000
d 129000 13000
r 1800 144 21000 15000
d 55000 81000
d 15000 31000
d 45000 105000
r 1000 415 51000 83000
d 113000 39000
d 87000 37000
d 59000 87000
r 1600 295 31000 17000
d 79000 85000
d 21000 59000
d 73000 83000
r 1400 317 63000 115000
d 43000 135000
d 65000 1000
d 135000 127000
r 1600 409 51000 33000
d 35000 115000
d 7000 67000
d 37000 97000
r 1000 161 97000 133000
d 45000 129000
d 93000 67000
d 65000 99000
r 1600 139 43000 23000
d 123000 31000
d 11000 97000
d 65000 69000
r 1600 265 5000 21000
d 65000 41000
d 93000 123000
d 65000 7000
r 1200 322 111000 133000
d 125000 47000
d 113000 115000
d 121000 47000
r 1800 330 129000 99000
d 83000 79000
d 95000 83000
d 101000 123000
r 1000 499 69000 51000
d 53000 73000
d 91000 31000
d 73000 119000
r 1400 319 117000 39000
d 135000 67000
d 85000 83000
d 71000 71000
r 1000 234 11000 45000
d 53000 75000
d 115000 95000
d 47000 61000
r 1600 327 87000 83000
d 43000 15000
d 69000 15000
d 135000 137000
r 1600 260 33000 129000
d 13000 37000
d 109000 7000
d 19000 7000
r 1400 235 125000 7000
d 51000 25000
d 119000 33000
d 71000 45000
r 1600 465 49000 113000
d 79000 133000
d 17000 45000
d 67000 47000
r 1800 203 37000 55000
d 89000 115000
d 7000 39000
d 127000 91000
r 1800 137 113000 85000
d 121000 49000
d 19000 43000
d 15000 43000
r 1800 191 97000 105000
d 39000 101000
d 1000 43000
d 49000 15000
r 1600 480 67000 93000
d 71000 51000
d 51000 31000
d 61000 77000
r 1200 287 45000 41000
d 109000 27000
d 137000 107000
d 71000 51000
r 1400 481 111000 99000
d 117000 95000
d 63000 41000
d 39000 51000
r 1000 404 109000 77000
d 37000 113000
d 127000 59000
d 85000 137000
r 1400 371 89000 105000
d 5000 67000
d 85000 81000
d 119000 3000
r 1200 162 15000 9000
d 39000 105000
d 135000 9000
d 123000 39000
r 1400 319 93000 49000
d 23000 49000
d 65000 41000
d 85000 97000
r 1800 308 75000 111000
d 77000 117000
d 71000 107000
d 121000 91000
r 1400 397 79000 71000
d 105000 45000
d 91000 125000
d 29000 49000
r 1400 498 95000 11000
d 13000 5000
d 115000 91000
d 103000 97000
r 1000 309 31000 131000
d 63000 99000
d 87000 67000
d 111000 89000
r 1000 425 47000 7000
d 47000 15000
d 101000 9000
d 49000 135000
r 1400 107 13000 65000
d 69000 77000
d 49000 83000
d 67000 13000
r 1200 330 135000 31000
d 133000 43000
d 3000 89000
d 79000 27000
r 1400 264 129000 43000
d 85000 1000
d 137000 9000
d 87000 69000
r 1000 406 57000 23000
d 51000 21000
d 105000 95000
d 77000 101000
r 1800 312 121000 99000
d 107000 25000
d 15000 93000
d 25000 7000
r 1800 382 137000 47000
d 7000 127000
d 77000 121000
d 65000 17000
r 1200 426 1000 15000
d 95000 21000
d 67000 9000
d 113000 51000
r 1400 481 75000 107000
d 85000 29000
d 127000 9000
d 55000 89000
r 1400 417 137000 63000
d 5000 77000
d 81000 125000
d 75000 11000
r 1400 467 53000 101000
d 131000 129000
d 29000 83000
d 119000 13000
r 1400 153 27000 93000
d 39000 47000
d 3000 117000
d 113000 135000
r 1200 268 105000 29000
d 31000 73000
d 45000 131000
d 99000 33000
r 1000 434 105000 9000
d 19000 111000
d 101000 33000
d 115000 15000
r 1000 165 13000 55000
d 63000 123000
d 63000 55000
d 17000 131000
r 1600 172 39000 73000
d 87000 39000
d 81000 97000
d 7000 39000
r 1600 469 91000 17000
d 5000 85000
d 5000 35000
d 111000 129000
r 1200 293 87000 119000
d 5000 59000
d 133000 81000
d 55000 57000
r 1000 345 9000 11000
d 35000 89000
d 47000 71000
d 137000 59000
r 1800 453 99000 21000
d 43000 41000
d 79000 107000
d 119000 43000
r 1400 322 91000 21000
d 19000 71000
d 135000 103000
d 11000 137000
r 1000 387 133000 59000
d 97000 53000
d 27000 111000
d 61000 127000
r 1400 479 109000 1000
d 37000 77000
d 11000 83000
d 135000 27000
r 1400 247 99000 41000
d 25000 11000
d 47000 49000
d 89000 27000
r 1400 228 113000 13000
d 15000 93000
d 119000 63000
d 85000 117000
r 1000 475 137000 17000
d 97000 129000
d 55000 7000
d 79000 47000
r 1600 174 5000 61000
d 15000 79000
d 119000 113000
d 137000 119000
r 1800 494 33000 105000
d 73000 89000
d 73000 101000
d 43000 133000
r 1800 356 5000 53000
d 49000 19000
d 61000 39000
d 123000 121000
r 1000 327 81000 45000
d 37000 81000
d 21000 25000
d 1000 117000
r 1200 385 137000 131000
d 77000 33000
d 109000 15000
d 93000 17000
r 1200 277 71000 111000
d 29000 47000
d 87000 79000
d 67000 49000
r 1400 270 57000 65000
d 25000 81000
d 31000 73000
d 121000 7000
r 1800 424 107000 33000
d 105000 51000
d 99000 35000
d 11000 103000
r 1000 426 41000 13000
d 79000 65000
d 29000 31000
d 75000 77000
r 1400 307 21000 65000
d 123000 21000
d 19000 95000
d 59000 23000
r 1000 271 79000 129000
d 103000 65000
d 37000 87000
d 47000 107000
r 1200 396 47000 127000
d 51000 119000
d 45000 67000
d 67000 25000
r 1000 228 49000 9000
d 103000 3000
d 51000 5000
d 109000 43000
r 1200 442 55000 59000
d 95000 1000
d 89000 23000
d 71000 95000
r 1400 276 33000 9000
d 95000 73000
d 105000 129000
d 105000 51000
r 1600 150 5000 69000
d 59000 35000
d 15000 91000
d 117000 137000
r 1800 454 135000 135000
d 33000 9000
d 49000 97000
d 25000 97000
r 1600 292 59000 87000
d 137000 71000
d 23000 121000
d 87000 105000
r 1800 286 63000 119000
d 101000 125000
d 33000 111000
d 137000 17000
r 1800 110 135000 79000
d 89000 87000
d 107000 37000
d 21000 71000
r 1800 214 69000 69000
d 49000 81000
d 39000 65000
d 125000 69000
r 1800 316 95000 93000
d 27000 115000
d 37000 79000
d 105000 7000
r 1400 348 13000 11000
d 25000 21000
d 53000 77000
d 109000 89000
r 1000 408 113000 75000
d 55000 47000
d 123000 99000
d 9000 111000
r 1400 263 39000 1000
d 55000 63000
d 107000 119000
d 73000 57000
r 1000 339 55000 11000
d 113000 71000
d 63000 57000
d 77000 89000
r 1200 298 123000 15000
d 31000 97000
d 75000 23000
d 85000 131000
r 1800 243 129000 121000
d 119000 137000
d 105000 59000
d 25000 11000
r 1800 168 21000 133000
d 133000 51000
d 79000 127000
d 53000 25000
r 1200 246 77000 1000
d 89000 35000
d 71000 35000
d 89000 57000
r 1600 327 121000 107000
d 25000 137000
d 15000 131000
d 67000 49000
r 1600 491 49000 125000
d 55000 31000
d 29000 29000
d 121000 115000
r 1000 235 17000 117000
d 71000 7000
d 79000 97000
d 123000 75000
r 1000 110 3000 107000
d 119000 83000
d 131000 83000
d 93000 97000
r 1200 491 135000 33000
d 17000 137000
d 93000 25000
d 29000 109000
r 1200 392 67000 37000
d 87000 53000
d 91000 111000
d 117000 125000
r 1000 489 115000 23000
d 127000 37000
d 123000 113000
d 137000 67000
r 1600 279 15000 121000
d 69000 21000
d 13000 39000
d 55000 125000
r 1200 399 41000 73000
d 23000 67000
d 105000 63000
d 29000 119000
r 1200 229 81000 5000
d 55000 133000
d 101000 97000
d 51000 109000
r 1800 135 133000 17000
d 11000 7000
d 73000 97000
d 63000 91000
r 1400 478 21000 35000
d 89000 123000
d 83000 55000
d 87000 19000
r 1800 184 79000 107000
d 77000 39000
d 17000 9000
d 87000 23000
r 1600 362 39000 57000
d 35000 5000
d 93000 37000
d 125000 3000
r 1800 309 73000 55000
d 95000 15000
d 53000 123000
d 83000 69000
r 1600 420 29000 121000
d 135000 129000
d 119000 7000
d 63000 119000
r 1400 253 45000 37000
d 7000 21000
d 93000 17000
d 3000 67000
r 1200 358 109000 97000
d 115000 125000
d 47000 109000
d 61000 3000
r 1200 386 53000 107000
d 35000 81000
d 103000 63000
d 129000 55000
r 1200 200 107000 99000
d 115000 37000
d 95000 121000
d 61000 43000
r 1200 485 15000 11000
d 125000 111000
d 123000 1000
d 7000 71000
r 1000 382 3000 37000
d 69000 69000
d 61000 87000
d 95000 49000
r 1400 434 63000 3000
d 27000 103000
d 91000 69000
d 77000 15000
r 1800 391 81000 91000
d 125000 113000
d 29000 125000
d 17000 9000
r 1600 187 97000 59000
d 89000 1000
d 91000 65000
d 61000 29000
r 1000 138 55000 111000
d 31000 53000
d 103000 57000
d 99000 67000
r 1600 218 71000 117000
d 53000 135000
d 97000 103000
d 83000 59000
r 1200 455 113000 5000
d 31000 119000
d 23000 63000
d 101000 63000
r 1000 122 55000 53000
d 125000 99000
d 19000 121000
d 107000 5000
r 1200 412 135000 107000
d 71000 113000
d 125000 91000
d 53000 97000
r 1200 174 83000 83000
d 73000 57000
d 107000 129000
d 73000 133000
r 1600 177 63000 39000
d 55000 7000
d 3000 115000
d 95000 37000
r 1600 460 13000 93000
d 1000 81000
d 135000 63000
d 101000 83000
r 1800 282 129000 45000
d 61000 109000
d 117000 131000
d 119000 53000
r 1400 482 133000 13000
d 123000 59000
d 31000 89000
d 45000 43000
r 1200 470 5000 105000
d 11000 47000
d 27000 107000
d 65000 111000
r 1600 348 13000 47000
d 7000 7000
d 115000 65000
d 1000 91000
r 1000 500 13000 7000
d 133000 65000
d 59000 129000
d 131000 73000
r 1000 213 47000 105000
d 89000 55000
d 131000 33000
d 53000 113000
r 1800 410 109000 47000
d 39000 17000
d 91000 51000
d 57000 93000
r 1200 216 73000 1000
d 43000 83000
d 125000 49000
d 57000 97000
r 1200 119 21000 83000
d 59000 31000
d 5000 33000
d 65000 99000
r 1400 103 61000 53000
d 27000 131000
d 59000 45000
d 19000 29000
r 1800 174 95000 27000
d 61000 25000
d 33000 3000
d 25000 13000
r 1200 428 23000 31000
d 93000 123000
d 99000 5000
d 89000 65000
r 1800 128 117000 105000
d 11000 65000
d 23000 89000
d 45000 105000
r 1400 389 125000 81000
d 31000 49000
d 131000 41000
d 37000 79000
r 1800 104 51000 59000
d 33000 121000
d 7000 127000
d 89000 69000
r 1400 155 77000 123000
d 29000 75000
d 19000 61000
d 135000 133000
r 1200 256 129000 23000
d 65000 111000
d 67000 125000
d 113000 1000
r 1400 435 131000 51000
d 129000 15000
d 37000 3000
d 19000 109000
r 1400 117 71000 11000
d 79000 79000
d 109000 15000
d 119000 111000
r 1400 299 43000 11000
d 113000 89000
d 87000 63000
d 7000 63000
r 1600 358 115000 29000
d 75000 25000
d 85000 115000
d 9000 77000
r 1400 357 31000 29000
d 123000 23000
d 101000 9000
d 19000 39000
r 1800 465 127000 23000
d 119000 55000
d 105000 53000
d 97000 9000
r 1000 151 37000 121000
d 37000 87000
d 117000 21000
d 115000 71000
r 1600 217 1000 1000
d 61000 3000
d 109000 113000
d 29000 21000
r 1200 302 119000 77000
d 105000 95000
d 87000 89000
d 43000 95000
r 1200 442 45000 53000
d 127000 5000
d 137000 57000
d 23000 93000
r 1200 484 71000 21000
d 81000 29000
d 117000 21000
d 99000 135000
r 1400 449 65000 55000
d 103000 79000
d 95000 83000
d 67000 15000
r 1200 430 107000 103000
d 9000 69000
d 121000 45000
d 29000 97000
r 1400 393 33000 31000
d 69000 33000
d 115000 5000
d 71000 9000
r 1000 231 79000 11000
d 33000 129000
d 133000 49000
d 13000 97000
r 1200 281 77000 119000
d 131000 89000
d 13000 53000
d 91000 125000
r 1800 428 37000 97000
d 71000 47000
d 121000 57000
d 1000 3000
r 1200 485 9000 23000
d 77000 119000
d 3000 21000
d 3000 79000
r 1600 253 23000 121000
d 91000 7000
d 7000 77000
d 7000 19000
r 1200 224 137000 35000
d 109000 39000
d 39000 111000
d 87000 19000
r 1600 257 83000 33000
d 91000 7000
d 43000 11000
d 87000 131000
r 1200 252 109000 33000
d 93000 69000
d 23000 123000
d 97000 69000
r 1000 444 103000 79000
d 37000 63000
d 87000 35000
d 65000 101000
r 1600 384 95000 79000
d 63000 107000
d 103000 83000
d 17000 87000
r 1000 446 25000 11000
d 137000 89000
d 135000 115000
d 111000 51000
r 1800 242 7000 137000
d 97000 115000
d 113000 41000
d 13000 125000
r 1400 102 107000 125000
d 61000 17000
d 115000 21000
d 105000 19000
r 1800 365 61000 127000
d 83000 123000
d 35000 43000
d 29000 5000
r 1800 484 119000 1000
d 63000 69000
d 97000 47000
d 77000 137000
r 1400 290 29000 9000
d 5000 23000
d 79000 23000
d 45000 103000
r 1400 297 89000 113000
d 25000 73000
d 45000 39000
d 133000 135000
r 1000 484 1000 23000
d 97000 79000
d 33000 1000
d 123000 53000
r 1600 210 55000 87000
d 57000 113000
d 45000 43000
d 41000 65000
r 1200 322 45000 113000
d 111000 63000
d 45000 59000
d 19000 51000
r 1400 215 21000 57000
d 109000 53000
d 109000 83000
d 91000 29000
r 1000 160 51000 81000
d 49000 29000
d 89000 91000
d 135000 5000
r 1400 147 109000 23000
d 55000 67000
d 135000 27000
d 15000 127000
r 1800 284 37000 103000
d 85000 37000
d 91000 1000
d 69000 109000
r 1200 127 77000 11000
d 127000 83000
d 35000 65000
d 53000 41000
r 1400 230 53000 17000
d 45000 133000
d 23000 117000
d 91000 91000
r 1600 277 55000 103000
d 11000 9000
d 11000 107000
d 85000 11000
r 1800 227 107000 65000
d 79000 97000
d 121000 45000
d 95000 99000
r 1600 172 31000 1000
d 51000 21000
d 95000 83000
d 89000 93000
r 1800 426 37000 59000
d 57000 5000
d 9000 61000
d 25000 67000
