g 50 50 2000
r 1200 454 43000 27000
d 11000 89000
d 5000 87000
d 13000 27000
r 1800 404 71000 81000
d 27000 71000
d 47000 67000
d 65000 25000
r 1800 243 95000 11000
d 73000 57000
d 47000 19000
d 93000 97000
r 1200 130 1000 41000
d 9000 3000
d 1000 13000
d 51000 21000
r 1600 331 45000 57000
d 55000 89000
d 63000 19000
d 95000 57000
r 1000 118 67000 61000
d 85000 29000
d 61000 55000
d 67000 11000
r 1200 284 67000 59000
d 43000 35000
d 81000 33000
d 87000 39000
r 1400 179 11000 49000
d 59000 73000
d 1000 31000
d 5000 31000
r 1000 430 1000 65000
d 11000 89000
d 91000 75000
d 15000 41000
r 1800 478 61000 39000
d 37000 79000
d 1000 3000
d 79000 11000
r 1800 465 65000 31000
d 51000 33000
d 5000 51000
d 73000 93000
r 1600 350 7000 79000
d 87000 15000
d 81000 1000
d 51000 75000
r 1400 425 77000 37000
d 19000 7000
d 65000 97000
d 89000 83000
r 1800 200 7000 81000
d 1000 67000
d 85000 17000
d 37000 51000
r 1200 118 29000 15000
d 3000 45000
d 45000 69000
d 5000 81000
r 1400 458 49000 43000
d 3000 73000
d 21000 87000
d 85000 5000
r 1400 451 45000 49000
d 3000 75000
d 61000 79000
d 73000 49000
r 1200 128 83000 29000
d 53000 81000
d 57000 59000
d 91000 19000
r 1200 425 71000 95000
d 25000 73000
d 73000 51000
d 45000 23000
r 1200 343 31000 73000
d 9000 23000
d 71000 87000
d 83000 47000
r 1200 321 11000 11000
d 65000 43000
d 3000 95000
d 33000 93000
r 1600 443 15000 11000
d 87000 25000
d 91000 51000
d 57000 57000
r 1400 390 93000 69000
d 17000 57000
d 13000 57000
d 53000 75000
r 1000 319 37000 93000
d 35000 43000
d 5000 61000
d 63000 71000
r 1800 371 59000 95000
d 51000 65000
d 81000 97000
d 55000 91000
r 1000 386 53000 63000
d 51000 89000
d 87000 87000
d 15000 61000
r 1000 133 21000 77000
d 61000 23000
d 57000 35000
d 63000 53000
r 1000 242 91000 37000
d 91000 43000
d 95000 51000
d 59000 67000
r 1200 392 43000 33000
d 61000 57000
d 71000 19000
d 19000 87000
r 1200 366 41000 93000
d 63000 9000
d 1000 15000
d 25000 61000
r 1600 453 73000 17000
d 57000 29000
d 85000 79000
d 73000 89000
r 1000 203 55000 37000
d 21000 23000
d 75000 7000
d 33000 41000
r 1000 425 81000 67000
d 39000 23000
d 59000 5000
d 41000 77000
r 1200 322 65000 41000
d 55000 3000
d 77000 55000
d 59000 49000
r 1400 312 67000 93000
d 29000 53000
d 7000 43000
d 37000 55000
r 1800 179 27000 3000
d 37000 3000
d 25000 5000
d 43000 21000
r 1800 404 11000 65000
d 49000 25000
d 11000 93000
d 83000 65000
r 1400 359 93000 43000
d 67000 47000
d 3000 35000
d 61000 35000
r 1200 343 77000 65000
d 21000 23000
d 79000 39000
d 39000 87000
r 1800 331 51000 97000
d 19000 77000
d 31000 33000
d 19000 45000
r 1000 205 91000 59000
d 29000 41000
d 17000 59000
d 87000 79000
r 1400 274 15000 73000
d 77000 97000
d 49000 39000
d 57000 41000
r 1600 229 71000 21000
d 83000 37000
d 61000 93000
d 85000 91000
r 1400 225 51000 13000
d 59000 53000
d 73000 35000
d 69000 73000
r 1800 457 69000 91000
d 57000 39000
d 89000 67000
d 85000 49000
r 1400 494 7000 19000
d 1000 61000
d 55000 89000
d 37000 9000
r 1600 231 65000 65000
d 13000 55000
d 69000 73000
d 59000 1000
r 1200 425 19000 33000
d 59000 47000
d 17000 21000
d 25000 33000
r 1800 301 69000 53000
d 61000 43000
d 41000 53000
d 23000 17000
r 1600 279 61000 15000
d 35000 47000
d 77000 33000
d 57000 77000
