g 90 90 2000
r 1200 306 89000 145000
d 69000 85000
d 83000 83000
d 123000 177000
r 1600 460 67000 13000
d 3000 11000
d 33000 67000
d 95000 169000
r 1000 144 115000 11000
d 125000 51000
d 167000 57000
d 107000 43000
r 1000 340 107000 149000
d 119000 155000
d 153000 127000
d 137000 7000
r 1600 219 83000 13000
d 155000 171000
d 145000 13000
d 39000 129000
r 1400 299 167000 65000
d 115000 99000
d 11000 89000
d 153000 41000
r 1000 289 151000 117000
d 11000 63000
d 47000 97000
d 117000 69000
r 1200 486 101000 21000
d 93000 133000
d 17000 111000
d 55000 55000
r 1000 128 127000 173000
d 43000 103000
d 169000 147000
d 155000 155000
r 1000 215 79000 161000
d 33000 7000
d 23000 45000
d 141000 39000
r 1800 298 121000 167000
d 63000 3000
d 9000 143000
d 91000 5000
r 1000 473 103000 173000
d 173000 175000
d 157000 113000
d 37000 107000
r 1600 322 151000 73000
d 39000 77000
d 5000 15000
d 125000 177000
r 1000 454 167000 167000
d 115000 71000
d 7000 21000
d 119000 1000
r 1200 238 163000 49000
d 173000 21000
d 87000 69000
d 111000 169000
r 1600 419 5000 17000
d 1000 99000
d 173000 81000
d 77000 81000
r 1200 323 97000 21000
d 71000 55000
d 95000 45000
d 133000 11000
r 1600 262 153000 63000
d 27000 89000
d 111000 167000
d 175000 23000
r 1800 168 41000 129000
d 113000 61000
d 103000 113000
d 45000 23000
r 1000 389 89000 125000
d 9000 147000
d 117000 21000
d 137000 61000
r 1000 298 55000 95000
d 51000 25000
d 167000 19000
d 47000 103000
r 1400 162 33000 61000
d 67000 71000
d 97000 89000
d 29000 169000
r 1000 453 45000 141000
d 75000 107000
d 171000 101000
d 33000 167000
r 1000 257 89000 107000
d 47000 159000
d 57000 127000
d 135000 31000
r 1600 173 83000 93000
d 21000 149000
d 113000 141000
d 105000 91000
r 1600 142 135000 71000
d 53000 51000
d 97000 91000
d 131000 61000
r 1400 288 153000 85000
d 23000 87000
d 17000 153000
d 167000 65000
r 1400 297 75000 139000
d 55000 25000
d 65000 81000
d 25000 91000
r 1800 101 51000 85000
d 101000 69000
d 167000 31000
d 125000 147000
r 1800 340 99000 33000
d 25000 31000
d 89000 83000
d 127000 53000
r 1800 478 75000 37000
d 121000 159000
d 67000 37000
d 19000 153000
r 1600 195 61000 39000
d 137000 119000
d 35000 31000
d 103000 137000
r 1400 295 45000 101000
d 145000 171000
d 41000 79000
d 95000 77000
r 1800 383 171000 173000
d 177000 129000
d 167000 7000
d 69000 67000
r 1600 178 119000 173000
d 37000 159000
d 107000 61000
d 97000 47000
r 1200 431 149000 91000
d 123000 45000
d 157000 171000
d 41000 43000
r 1800 450 43000 7000
d 113000 165000
d 137000 133000
d 11000 99000
r 1200 417 103000 151000
d 53000 79000
d 63000 61000
d 73000 11000
r 1600 294 169000 149000
d 151000 41000
d 173000 39000
d 103000 119000
r 1600 121 119000 87000
d 91000 97000
d 151000 41000
d 139000 117000
r 1800 320 59000 125000
d 163000 133000
d 37000 71000
d 119000 95000
r 1400 456 69000 99000
d 71000 129000
d 115000 61000
d 67000 89000
r 1000 288 133000 155000
d 39000 147000
d 135000 97000
d 23000 115000
r 1400 117 9000 73000
d 1000 3000
d 11000 19000
d 45000 131000
r 1800 207 175000 141000
d 143000 51000
d 99000 77000
d 167000 127000
r 1800 271 155000 97000
d 163000 71000
d 49000 29000
d 101000 169000
r 1000 265 165000 169000
d 149000 57000
d 91000 159000
d 63000 53000
r 1600 273 151000 83000
d 147000 149000
d 69000 151000
d 55000 47000
r 1400 383 171000 155000
d 109000 97000
d 21000 29000
d 153000 127000
r 1200 284 39000 97000
d 119000 41000
d 117000 11000
d 5000 35000
r 1600 262 55000 51000
d 125000 109000
d 65000 143000
d 35000 63000
r 1600 257 145000 101000
d 107000 157000
d 29000 105000
d 107000 87000
r 1200 374 111000 11000
d 35000 9000
d 17000 99000
d 55000 99000
r 1000 223 107000 79000
d 19000 137000
d 61000 159000
d 19000 17000
r 1000 405 9000 77000
d 77000 89000
d 65000 177000
d 15000 25000
r 1000 248 11000 39000
d 1000 81000
d 17000 69000
d 111000 153000
r 1400 441 111000 173000
d 159000 121000
d 159000 51000
d 65000 123000
r 1400 423 25000 33000
d 173000 65000
d 71000 175000
d 145000 21000
r 1600 299 17000 35000
d 39000 101000
d 29000 103000
d 81000 125000
r 1800 106 87000 27000
d 139000 159000
d 127000 1000
d 107000 7000
r 1200 432 19000 105000
d 161000 41000
d 27000 141000
d 57000 23000
r 1200 103 171000 125000
d 161000 61000
d 111000 157000
d 45000 89000
r 1400 303 159000 29000
d 99000 175000
d 103000 149000
d 135000 171000
r 1000 168 115000 31000
d 149000 59000
d 55000 33000
d 147000 25000
r 1800 144 85000 145000
d 103000 69000
d 37000 137000
d 29000 111000
r 1000 415 127000 101000
d 85000 33000
d 7000 25000
d 57000 45000
r 1600 295 15000 177000
d 61000 141000
d 81000 1000
d 127000 109000
r 1400 317 17000 119000
d 145000 59000
d 3000 155000
d 175000 49000
r 1600 409 113000 69000
d 103000 81000
d 41000 79000
d 163000 153000
r 1000 161 87000 23000
d 131000 121000
d 91000 71000
d 119000 33000
r 1600 139 151000 97000
d 111000 135000
d 153000 155000
d 71000 165000
r 1600 265 5000 39000
d 59000 175000
d 117000 165000
d 175000 67000
r 1200 322 145000 105000
d 17000 165000
d 123000 173000
d 31000 43000
r 1800 330 27000 165000
d 123000 129000
d 89000 141000
d 83000 53000
r 1000 499 109000 17000
d 127000 77000
d 149000 95000
d 85000 3000
r 1400 319 79000 17000
d 83000 31000
d 73000 165000
d 37000 79000
r 1000 234 53000 147000
d 5000 123000
d 109000 79000
d 147000 47000
r 1600 327 3000 61000
d 15000 9000
d 99000 49000
d 65000 129000
r 1600 260 139000 127000
d 131000 65000
d 41000 149000
d 101000 151000
r 1400 235 13000 25000
d 57000 57000
d 107000 47000
d 59000 59000
r 1600 465 49000 39000
d 177000 115000
d 5000 159000
d 105000 109000
r 1800 203 105000 113000
d 175000 45000
d 73000 149000
d 165000 97000
r 1800 137 91000 43000
d 157000 85000
d 99000 63000
d 83000 1000
r 1800 191 55000 21000
d 75000 153000
d 39000 69000
d 99000 49000
r 1600 480 13000 63000
d 79000 41000
d 97000 19000
d 155000 31000
r 1200 287 177000 111000
d 161000 143000
d 21000 31000
d 107000 113000
r 1400 481 69000 171000
d 141000 5000
d 27000 69000
d 105000 169000
r 1000 404 69000 15000
d 91000 165000
d 113000 89000
d 169000 85000
r 1400 371 33000 101000
d 33000 101000
d 25000 115000
d 5000 7000
r 1200 162 33000 3000
d 35000 111000
d 87000 95000
d 37000 41000
r 1400 319 11000 167000
d 59000 105000
d 51000 7000
d 127000 95000
r 1800 308 155000 55000
d 147000 149000
d 47000 57000
d 157000 91000
r 1400 397 85000 139000
d 109000 35000
d 41000 61000
d 171000 15000
r 1400 498 73000 33000
d 107000 23000
d 31000 67000
d 143000 123000
r 1000 309 171000 165000
d 57000 127000
d 91000 131000
d 51000 125000
r 1000 425 101000 23000
d 55000 41000
d 97000 99000
d 137000 145000
r 1400 107 63000 91000
d 59000 101000
d 151000 97000
d 51000 153000
r 1200 330 141000 143000
d 127000 125000
d 77000 87000
d 21000 89000
r 1400 264 81000 35000
d 161000 61000
d 115000 43000
d 7000 99000
r 1000 406 125000 97000
d 9000 123000
d 105000 59000
d 123000 161000
r 1800 312 63000 51000
d 67000 159000
d 93000 61000
d 11000 79000
r 1800 382 29000 163000
d 67000 53000
d 91000 137000
d 35000 153000
r 1200 426 163000 109000
d 37000 105000
d 87000 87000
d 63000 167000
r 1400 481 165000 107000
d 73000 49000
d 115000 71000
d 29000 137000
r 1400 417 113000 59000
d 13000 143000
d 77000 5000
d 53000 115000
r 1400 467 41000 125000
d 113000 1000
d 93000 111000
d 155000 139000
r 1400 153 69000 133000
d 57000 53000
d 49000 3000
d 51000 171000
r 1200 268 85000 59000
d 17000 131000
d 25000 105000
d 23000 161000
r 1000 434 127000 119000
d 107000 113000
d 129000 119000
d 49000 123000
r 1000 165 143000 79000
d 97000 133000
d 141000 103000
d 47000 125000
r 1600 172 131000 97000
d 115000 145000
d 107000 51000
d 117000 97000
r 1600 469 151000 155000
d 139000 169000
d 15000 153000
d 159000 51000
r 1200 293 81000 95000
d 7000 149000
d 61000 77000
d 165000 171000
r 1000 345 101000 173000
d 177000 69000
d 135000 73000
d 35000 169000
r 1800 453 115000 127000
d 47000 101000
d 147000 59000
d 139000 47000
r 1400 322 85000 111000
d 159000 9000
d 45000 111000
d 113000 145000
r 1000 387 29000 37000
d 25000 85000
d 95000 123000
d 153000 117000
r 1400 479 151000 141000
d 99000 73000
d 167000 95000
d 177000 153000
r 1400 247 81000 83000
d 149000 91000
d 139000 113000
d 103000 161000
r 1400 228 69000 139000
d 155000 23000
d 123000 115000
d 25000 23000
r 1000 475 163000 95000
d 97000 109000
d 7000 89000
d 93000 87000
r 1600 174 153000 127000
d 75000 71000
d 91000 163000
d 157000 37000
r 1800 494 125000 131000
d 81000 137000
d 135000 37000
d 67000 65000
r 1800 356 111000 123000
d 105000 79000
d 91000 133000
d 23000 17000
r 1000 327 129000 159000
d 47000 161000
d 149000 91000
d 7000 163000
r 1200 385 95000 45000
d 167000 107000
d 113000 63000
d 117000 153000
r 1200 277 121000 91000
d 153000 59000
d 95000 7000
d 135000 115000
r 1400 270 67000 161000
d 131000 151000
d 135000 143000
d 167000 49000
r 1800 424 155000 147000
d 33000 61000
d 43000 37000
d 3000 165000
r 1000 426 79000 113000
d 33000 95000
d 89000 71000
d 7000 17000
r 1400 307 119000 125000
d 91000 119000
d 47000 61000
d 143000 105000
r 1000 271 5000 79000
d 67000 9000
d 161000 111000
d 57000 13000
r 1200 396 11000 41000
d 111000 163000
d 27000 129000
d 21000 161000
r 1000 228 113000 39000
d 101000 177000
d 13000 33000
d 135000 171000
r 1200 442 161000 177000
d 95000 13000
d 151000 39000
d 29000 163000
r 1400 276 169000 7000
d 63000 143000
d 7000 33000
d 19000 103000
r 1600 150 119000 149000
d 165000 55000
d 73000 103000
d 97000 55000
r 1800 454 141000 67000
d 169000 79000
d 35000 77000
d 111000 71000
r 1600 292 75000 21000
d 125000 161000
d 79000 77000
d 99000 161000
r 1800 286 65000 167000
d 71000 17000
d 105000 25000
d 105000 37000
r 1800 110 7000 13000
d 7000 67000
d 113000 75000
d 151000 35000
r 1800 214 153000 171000
d 73000 33000
d 135000 111000
d 79000 7000
r 1800 316 1000 73000
d 133000 103000
d 111000 103000
d 65000 163000
r 1400 348 151000 157000
d 83000 147000
d 9000 159000
d 49000 145000
r 1000 408 161000 85000
d 107000 29000
d 11000 31000
d 37000 41000
r 1400 263 45000 151000
d 109000 139000
d 119000 35000
d 145000 119000
r 1000 339 37000 73000
d 91000 11000
d 101000 19000
d 53000 109000
r 1200 298 157000 129000
d 67000 43000
d 61000 111000
d 51000 177000
r 1800 243 51000 23000
d 1000 11000
d 29000 127000
d 69000 141000
r 1800 168 13000 101000
d 97000 59000
d 7000 81000
d 131000 69000
r 1200 246 129000 63000
d 43000 149000
d 45000 115000
d 7000 121000
r 1600 327 177000 57000
d 43000 25000
d 129000 9000
d 139000 53000
r 1600 491 151000 95000
d 111000 145000
d 61000 153000
d 23000 151000
r 1000 235 177000 95000
d 15000 97000
d 21000 63000
d 119000 47000
r 1000 110 177000 43000
d 23000 97000
d 41000 115000
d 5000 9000
r 1200 491 117000 139000
d 59000 45000
d 27000 155000
d 129000 69000
r 1200 392 99000 109000
d 173000 15000
d 85000 91000
d 33000 161000
r 1000 489 9000 83000
d 13000 169000
d 3000 9000
d 99000 35000
r 1600 279 129000 163000
d 35000 151000
d 67000 153000
d 129000 147000
r 1200 399 149000 151000
d 41000 29000
d 3000 31000
d 77000 159000
r 1200 229 81000 71000
d 85000 27000
d 77000 53000
d 69000 123000
r 1800 135 137000 117000
d 79000 25000
d 31000 55000
d 49000 21000
r 1400 478 173000 89000
d 43000 167000
d 81000 7000
d 159000 57000
r 1800 184 21000 101000
d 71000 43000
d 103000 119000
d 11000 53000
r 1600 362 103000 77000
d 15000 9000
d 43000 101000
d 17000 175000
r 1800 309 127000 83000
d 47000 69000
d 127000 21000
d 61000 5000
r 1600 420 65000 111000
d 163000 177000
d 17000 159000
d 153000 159000
r 1400 253 65000 75000
d 9000 59000
d 49000 95000
d 169000 89000
r 1200 358 143000 117000
d 147000 107000
d 147000 165000
d 71000 25000
r 1200 386 7000 111000
d 85000 133000
d 111000 51000
d 17000 73000
r 1200 200 167000 39000
d 123000 125000
d 69000 23000
d 143000 73000
r 1200 485 47000 107000
d 39000 51000
d 89000 131000
d 57000 145000
r 1000 382 73000 3000
d 75000 145000
d 11000 151000
d 15000 11000
r 1400 434 87000 117000
d 13000 57000
d 51000 79000
d 27000 117000
r 1800 391 81000 105000
d 7000 161000
d 61000 53000
d 93000 99000
r 1600 187 13000 65000
d 75000 153000
d 25000 135000
d 101000 103000
r 1000 138 147000 163000
d 81000 105000
d 81000 153000
d 43000 93000
r 1600 218 93000 151000
d 49000 71000
d 141000 27000
d 141000 69000
r 1200 455 131000 107000
d 143000 19000
d 149000 113000
d 77000 149000
r 1000 122 53000 167000
d 93000 103000
d 19000 129000
d 37000 175000
r 1200 412 141000 135000
d 145000 151000
d 13000 159000
d 173000 41000
r 1200 174 79000 55000
d 59000 29000
d 95000 9000
d 45000 23000
r 1600 177 51000 7000
d 117000 171000
d 173000 117000
d 5000 137000
r 1600 460 67000 93000
d 7000 47000
d 155000 63000
d 71000 55000
r 1800 282 23000 101000
d 57000 117000
d 127000 45000
d 55000 155000
r 1400 482 175000 63000
d 39000 115000
d 87000 159000
d 45000 131000
r 1200 470 9000 173000
d 99000 129000
d 121000 167000
d 19000 39000
r 1600 348 11000 91000
d 95000 173000
d 143000 39000
d 97000 5000
r 1000 500 157000 151000
d 177000 163000
d 85000 47000
d 89000 69000
r 1000 213 25000 147000
d 111000 159000
d 19000 171000
d 77000 113000
r 1800 410 17000 125000
d 127000 25000
d 61000 17000
d 95000 91000
r 1200 216 21000 67000
d 3000 23000
d 87000 169000
d 125000 121000
r 1200 119 67000 177000
d 75000 27000
d 87000 31000
d 43000 119000
r 1400 103 127000 147000
d 141000 149000
d 59000 127000
d 163000 29000
r 1800 174 107000 73000
d 117000 125000
d 105000 69000
d 107000 91000
r 1200 428 11000 57000
d 39000 33000
d 109000 75000
d 171000 139000
r 1800 128 97000 71000
d 123000 131000
d 59000 171000
d 169000 19000
r 1400 389 65000 123000
d 97000 109000
d 155000 11000
d 81000 121000
r 1800 104 137000 35000
d 127000 43000
d 31000 73000
d 51000 29000
r 1400 155 177000 99000
d 165000 5000
d 17000 79000
d 75000 161000
r 1200 256 147000 75000
d 11000 165000
d 149000 93000
d 55000 123000
r 1400 435 115000 135000
d 117000 109000
d 137000 91000
d 173000 159000
r 1400 117 27000 23000
d 175000 37000
d 77000 47000
d 51000 81000
r 1400 299 93000 33000
d 11000 143000
d 41000 77000
d 143000 165000
r 1600 358 155000 3000
d 35000 125000
d 93000 5000
d 147000 169000
r 1400 357 93000 95000
d 123000 45000
d 25000 139000
d 31000 89000
r 1800 465 165000 151000
d 119000 5000
d 147000 169000
d 175000 161000
r 1000 151 21000 63000
d 45000 123000
d 53000 55000
d 171000 123000
r 1600 217 177000 19000
d 23000 43000
d 131000 159000
d 85000 49000
r 1200 302 169000 33000
d 85000 119000
d 1000 101000
d 55000 51000
r 1200 442 99000 25000
d 43000 67000
d 103000 99000
d 55000 117000
r 1200 484 107000 27000
d 73000 103000
d 121000 63000
d 39000 29000
r 1400 449 61000 85000
d 65000 17000
d 97000 93000
d 81000 87000
r 1200 430 69000 3000
d 169000 125000
d 65000 55000
d 17000 37000
r 1400 393 115000 137000
d 177000 113000
d 141000 77000
d 153000 49000
r 1000 231 137000 79000
d 127000 175000
d 51000 13000
d 103000 75000
r 1200 281 167000 105000
d 15000 31000
d 165000 85000
d 175000 53000
r 1800 428 121000 55000
d 63000 95000
d 87000 53000
d 65000 123000
r 1200 485 57000 165000
d 17000 75000
d 143000 71000
d 157000 47000
r 1600 253 141000 153000
d 131000 29000
d 121000 139000
d 109000 3000
r 1200 224 99000 83000
d 167000 173000
d 3000 119000
d 123000 93000
r 1600 257 127000 25000
d 161000 71000
d 159000 23000
d 77000 19000
r 1200 252 151000 81000
d 23000 7000
d 137000 51000
d 41000 165000
r 1000 444 137000 115000
d 93000 7000
d 83000 175000
d 65000 23000
r 1600 384 27000 29000
d 81000 11000
d 5000 163000
d 171000 177000
r 1000 446 21000 35000
d 27000 127000
d 5000 143000
d 113000 173000
r 1800 242 5000 115000
d 51000 129000
d 13000 29000
d 137000 141000
r 1400 102 95000 57000
d 63000 67000
d 119000 97000
d 61000 127000
r 1800 365 133000 111000
d 155000 89000
d 7000 5000
d 43000 81000
r 1800 484 121000 75000
d 91000 69000
d 113000 61000
d 27000 5000
r 1400 290 53000 3000
d 11000 101000
d 133000 91000
d 1000 21000
r 1400 297 147000 25000
d 117000 97000
d 5000 59000
d 19000 85000
r 1000 484 167000 17000
d 127000 47000
d 33000 81000
d 49000 41000
r 1600 210 139000 17000
d 109000 161000
d 93000 119000
d 101000 15000
r 1200 322 45000 15000
d 125000 43000
d 109000 67000
d 105000 61000
r 1400 215 105000 21000
d 93000 23000
d 135000 21000
d 17000 25000
r 1000 160 51000 77000
d 91000 167000
d 129000 81000
d 27000 129000
r 1400 147 109000 121000
d 71000 93000
d 99000 55000
d 27000 143000
r 1800 284 115000 75000
d 73000 85000
d 45000 61000
d 3000 59000
r 1200 127 19000 121000
d 51000 3000
d 125000 89000
d 145000 121000
r 1400 230 7000 139000
d 129000 51000
d 141000 153000
d 143000 53000
r 1600 277 147000 95000
d 119000 165000
d 17000 135000
d 157000 65000
r 1800 227 121000 43000
d 71000 23000
d 105000 63000
d 21000 57000
r 1600 172 125000 27000
d 87000 67000
d 151000 31000
d 93000 135000
r 1800 426 11000 157000
d 109000 17000
d 13000 111000
d 85000 27000
r 1600 172 43000 125000
d 109000 67000
d 161000 145000
d 43000 121000
r 1800 169 173000 57000
d 137000 143000
d 85000 69000
d 39000 81000
r 1000 198 25000 69000
d 83000 47000
d 69000 25000
d 149000 167000
r 1000 390 51000 43000
d 125000 117000
d 71000 71000
d 167000 125000
r 1800 179 61000 123000
d 171000 119000
d 175000 45000
d 69000 123000
r 1400 500 23000 151000
d 51000 61000
d 79000 99000
d 27000 81000
r 1800 296 75000 135000
d 147000 113000
d 45000 33000
d 133000 1000
r 1600 391 159000 145000
d 109000 161000
d 31000 9000
d 45000 45000
r 1600 315 73000 105000
d 81000 93000
d 141000 43000
d 165000 149000
r 1000 481 39000 149000
d 99000 83000
d 69000 155000
d 133000 51000
r 1400 454 61000 129000
d 1000 107000
d 75000 117000
d 165000 1000
r 1400 498 55000 43000
d 21000 75000
d 65000 105000
d 121000 121000
r 1000 169 83000 169000
d 85000 3000
d 113000 5000
d 175000 61000
r 1200 477 157000 69000
d 11000 85000
d 7000 131000
d 39000 139000
r 1000 371 79000 21000
d 175000 161000
d 105000 137000
d 63000 137000
r 1600 317 37000 9000
d 95000 117000
d 27000 95000
d 93000 139000
r 1400 483 73000 25000
d 155000 49000
d 107000 127000
d 117000 119000
r 1000 436 91000 85000
d 143000 151000
d 5000 5000
d 133000 37000
r 1200 479 3000 103000
d 5000 149000
d 47000 103000
d 31000 81000
r 1000 186 171000 139000
d 21000 111000
d 151000 155000
d 39000 11000
r 1200 270 175000 115000
d 77000 15000
d 31000 59000
d 125000 143000
r 1600 312 73000 13000
d 151000 51000
d 163000 129000
d 5000 49000
r 1400 216 133000 109000
d 3000 37000
d 81000 121000
d 101000 127000
r 1200 167 57000 67000
d 7000 33000
d 111000 157000
d 49000 15000
r 1400 241 59000 149000
d 171000 23000
d 29000 43000
d 9000 55000
r 1600 108 59000 51000
d 97000 55000
d 69000 51000
d 133000 83000
r 1400 218 95000 149000
d 1000 169000
d 139000 67000
d 23000 137000
r 1000 500 177000 103000
d 63000 43000
d 171000 77000
d 171000 109000
r 1600 310 147000 131000
d 115000 65000
d 37000 137000
d 167000 173000
r 1400 424 57000 89000
d 15000 47000
d 177000 13000
d 67000 165000
r 1800 175 91000 19000
d 135000 13000
d 5000 153000
d 105000 57000
r 1000 448 127000 19000
d 99000 101000
d 159000 165000
d 81000 15000
r 1600 200 55000 149000
d 153000 105000
d 133000 119000
d 165000 57000
r 1400 131 5000 9000
d 177000 75000
d 85000 9000
d 91000 131000
r 1200 178 81000 31000
d 159000 93000
d 85000 3000
d 113000 51000
r 1000 373 81000 169000
d 71000 47000
d 35000 79000
d 145000 113000
r 1400 288 67000 75000
d 151000 33000
d 45000 91000
d 15000 75000
r 1600 445 21000 169000
d 33000 71000
d 19000 63000
d 137000 91000
r 1600 170 75000 19000
d 23000 37000
d 17000 21000
d 177000 51000
r 1400 180 121000 111000
d 139000 153000
d 115000 81000
d 47000 177000
r 1800 202 33000 91000
d 139000 13000
d 15000 43000
d 3000 163000
r 1400 481 43000 53000
d 137000 163000
d 171000 95000
d 13000 117000
r 1000 252 61000 111000
d 161000 75000
d 51000 55000
d 91000 57000
r 1800 345 137000 51000
d 149000 115000
d 83000 171000
d 1000 123000
r 1200 414 171000 119000
d 19000 59000
d 5000 145000
d 71000 103000
r 1000 267 3000 13000
d 135000 53000
d 95000 121000
d 105000 79000
r 1600 278 71000 63000
d 171000 11000
d 145000 153000
d 75000 55000
r 1200 336 73000 169000
d 51000 157000
d 153000 41000
d 163000 107000
r 1600 473 61000 137000
d 27000 1000
d 155000 17000
d 169000 3000
r 1600 304 11000 151000
d 105000 149000
d 87000 15000
d 151000 129000
r 1400 159 29000 111000
d 53000 69000
d 49000 33000
d 157000 75000
r 1200 230 67000 165000
d 97000 127000
d 117000 15000
d 1000 73000
r 1200 421 21000 55000
d 81000 53000
d 77000 27000
d 139000 95000
r 1400 124 85000 161000
d 113000 41000
d 65000 33000
d 107000 141000
r 1600 251 115000 7000
d 47000 71000
d 135000 171000
d 161000 151000
r 1200 371 33000 93000
d 159000 25000
d 23000 161000
d 25000 147000
r 1000 499 139000 143000
d 23000 157000
d 119000 139000
d 89000 45000
r 1200 276 131000 79000
d 105000 45000
d 51000 31000
d 161000 93000
r 1800 495 47000 79000
d 115000 141000
d 155000 67000
d 161000 53000
r 1000 499 103000 55000
d 99000 123000
d 65000 135000
d 1000 107000
r 1000 355 51000 19000
d 75000 95000
d 55000 5000
d 39000 9000
r 1400 156 21000 103000
d 13000 173000
d 105000 51000
d 157000 15000
r 1000 126 175000 103000
d 49000 169000
d 175000 81000
d 161000 39000
r 1200 388 101000 33000
d 109000 13000
d 161000 163000
d 13000 43000
r 1200 412 83000 109000
d 145000 49000
d 53000 175000
d 121000 175000
r 1600 462 21000 39000
d 53000 43000
d 91000 73000
d 87000 21000
r 1600 472 31000 25000
d 141000 65000
d 13000 89000
d 31000 155000
r 1800 283 51000 103000
d 27000 121000
d 85000 71000
d 109000 93000
r 1800 137 147000 149000
d 5000 1000
d 81000 25000
d 155000 9000
r 1400 410 153000 81000
d 121000 67000
d 27000 161000
d 161000 13000
r 1400 492 71000 79000
d 159000 165000
d 141000 55000
d 15000 91000
r 1800 109 137000 5000
d 111000 11000
d 77000 137000
d 159000 157000
r 1200 306 93000 43000
d 133000 133000
d 79000 13000
d 19000 75000
r 1000 320 173000 95000
d 87000 121000
d 71000 67000
d 61000 117000
r 1400 294 117000 155000
d 39000 163000
d 23000 67000
d 1000 165000
r 1800 302 7000 137000
d 31000 127000
d 29000 87000
d 97000 79000
r 1000 321 81000 17000
d 3000 175000
d 89000 11000
d 135000 3000
r 1200 322 167000 177000
d 177000 121000
d 69000 43000
d 149000 29000
r 1000 103 139000 167000
d 167000 89000
d 75000 23000
d 27000 135000
r 1000 441 69000 71000
d 103000 105000
d 93000 127000
d 175000 7000
r 1800 160 15000 5000
d 165000 57000
d 171000 75000
d 165000 89000
r 1800 108 167000 91000
d 55000 103000
d 53000 109000
d 27000 131000
r 1600 174 107000 5000
d 159000 71000
d 17000 87000
d 133000 157000
r 1400 350 167000 41000
d 131000 1000
d 129000 133000
d 85000 135000
r 1400 105 99000 5000
d 131000 157000
d 21000 37000
d 81000 151000
r 1200 467 123000 69000
d 139000 153000
d 39000 73000
d 161000 41000
r 1800 205 161000 145000
d 63000 135000
d 145000 73000
d 99000 47000
r 1200 115 97000 111000
d 161000 135000
d 159000 71000
d 59000 167000
r 1600 494 99000 75000
d 141000 113000
d 27000 85000
d 173000 21000
r 1800 148 177000 113000
d 129000 129000
d 37000 63000
d 21000 141000
r 1800 133 37000 169000
d 3000 11000
d 45000 117000
d 27000 145000
r 1600 248 53000 131000
d 45000 177000
d 129000 35000
d 21000 77000
r 1400 214 117000 95000
d 145000 23000
d 151000 125000
d 49000 133000
r 1600 330 65000 5000
d 5000 157000
d 111000 91000
d 123000 9000
r 1400 247 99000 57000
d 107000 137000
d 105000 65000
d 105000 139000
r 1600 448 169000 127000
d 137000 109000
d 161000 17000
d 143000 45000
r 1200 396 105000 157000
d 51000 129000
d 27000 99000
d 111000 11000
r 1400 359 117000 147000
d 141000 157000
d 167000 1000
d 23000 45000
r 1600 489 71000 133000
d 49000 149000
d 159000 159000
d 59000 169000
r 1200 239 27000 85000
d 21000 159000
d 135000 67000
d 1000 131000
r 1600 167 37000 35000
d 123000 17000
d 151000 157000
d 79000 127000
r 1400 330 139000 101000
d 167000 63000
d 11000 151000
d 139000 69000
r 1000 479 99000 85000
d 21000 169000
d 7000 109000
d 107000 147000
r 1400 202 19000 51000
d 159000 163000
d 83000 11000
d 163000 163000
r 1200 209 171000 43000
d 151000 101000
d 61000 59000
d 15000 81000
r 1000 166 89000 161000
d 11000 127000
d 141000 105000
d 93000 155000
r 1000 118 3000 173000
d 23000 125000
d 105000 157000
d 59000 169000
r 1000 287 117000 99000
d 113000 113000
d 29000 95000
d 77000 69000
r 1000 326 27000 79000
d 129000 73000
d 59000 149000
d 71000 81000
r 1200 342 53000 173000
d 123000 177000
d 63000 79000
d 45000 139000
r 1000 149 125000 95000
d 127000 123000
d 97000 147000
d 143000 81000
r 1200 346 43000 101000
d 129000 127000
d 47000 133000
d 45000 113000
r 1800 333 163000 147000
d 19000 23000
d 107000 147000
d 167000 101000
r 1000 390 173000 107000
d 11000 41000
d 49000 21000
d 91000 175000
r 1200 385 1000 81000
d 33000 153000
d 63000 161000
d 121000 73000
r 1400 388 95000 29000
d 33000 9000
d 125000 51000
d 139000 127000
r 1400 261 139000 169000
d 161000 13000
d 175000 175000
d 37000 11000
r 1800 473 5000 11000
d 57000 169000
d 109000 13000
d 147000 45000
r 1600 136 71000 3000
d 5000 61000
d 131000 89000
d 57000 39000
r 1000 187 41000 53000
d 109000 33000
d 57000 61000
d 15000 27000
r 1800 114 105000 67000
d 7000 129000
d 47000 87000
d 165000 71000
r 1800 451 133000 77000
d 123000 61000
d 115000 111000
d 165000 31000
r 1600 122 1000 155000
d 137000 167000
d 45000 151000
d 59000 83000
r 1200 452 81000 67000
d 75000 79000
d 109000 7000
d 15000 97000
r 1800 493 29000 39000
d 117000 123000
d 71000 127000
d 161000 161000
r 1400 347 127000 77000
d 29000 115000
d 167000 41000
d 43000 105000
r 1600 452 79000 125000
d 71000 55000
d 153000 103000
d 37000 123000
r 1600 151 101000 119000
d 131000 171000
d 71000 41000
d 149000 111000
r 1600 289 79000 151000
d 21000 15000
d 11000 71000
d 61000 91000
r 1600 117 27000 51000
d 93000 95000
d 153000 5000
d 25000 143000
r 1400 216 111000 93000
d 95000 103000
d 13000 7000
d 83000 57000
r 1200 129 169000 61000
d 173000 21000
d 67000 25000
d 129000 141000
r 1400 334 109000 47000
d 151000 33000
d 59000 143000
d 9000 41000
r 1600 321 153000 33000
d 45000 111000
d 155000 51000
d 47000 27000
r 1800 491 97000 157000
d 57000 95000
d 133000 63000
d 127000 145000
r 1200 299 159000 155000
d 107000 1000
d 177000 69000
d 83000 81000
r 1200 500 111000 135000
d 155000 157000
d 27000 55000
d 155000 117000
r 1200 103 29000 3000
d 131000 9000
d 79000 77000
d 31000 161000
r 1600 383 1000 137000
d 73000 57000
d 59000 13000
d 175000 155000
r 1600 451 5000 103000
d 159000 27000
d 95000 139000
d 161000 63000
r 1000 166 37000 17000
d 159000 41000
d 65000 35000
d 137000 143000
r 1200 415 149000 37000
d 47000 125000
d 145000 21000
d 31000 177000
r 1800 246 167000 83000
d 147000 19000
d 77000 113000
d 171000 145000
r 1600 241 83000 49000
d 71000 47000
d 59000 35000
d 167000 103000
r 1000 329 55000 57000
d 95000 149000
d 67000 1000
d 5000 105000
r 1400 321 141000 169000
d 7000 55000
d 123000 43000
d 165000 5000
r 1400 122 69000 103000
d 35000 59000
d 145000 61000
d 167000 57000
r 1600 455 173000 65000
d 49000 117000
d 103000 145000
d 79000 129000
r 1000 251 43000 67000
d 59000 113000
d 129000 101000
d 95000 63000
r 1600 141 163000 11000
d 89000 43000
d 107000 143000
d 157000 113000
r 1600 259 79000 169000
d 45000 93000
d 51000 133000
d 123000 3000
r 1000 142 43000 135000
d 41000 7000
d 151000 105000
d 3000 99000
r 1000 260 151000 169000
d 157000 13000
d 75000 63000
d 115000 147000
r 1800 257 9000 57000
d 157000 163000
d 77000 61000
d 7000 103000
r 1000 226 129000 123000
d 135000 13000
d 139000 41000
d 151000 25000
r 1000 492 33000 137000
d 5000 59000
d 81000 49000
d 119000 45000
r 1200 139 99000 167000
d 95000 129000
d 63000 79000
d 13000 71000
r 1000 312 161000 69000
d 117000 57000
d 133000 119000
d 175000 9000
r 1800 219 33000 71000
d 49000 117000
d 175000 101000
d 7000 39000
r 1000 379 157000 77000
d 1000 73000
d 153000 55000
d 35000 3000
r 1800 197 97000 149000
d 15000 101000
d 5000 103000
d 33000 143000
r 1800 375 27000 1000
d 31000 35000
d 159000 169000
d 89000 147000
r 1000 306 61000 151000
d 101000 89000
d 105000 103000
d 119000 13000
r 1800 147 35000 135000
d 121000 31000
d 107000 65000
d 1000 67000
r 1800 199 69000 157000
d 155000 115000
d 33000 11000
d 109000 77000
r 1800 168 165000 47000
d 171000 161000
d 141000 165000
d 111000 129000
r 1200 417 65000 69000
d 55000 27000
d 23000 169000
d 131000 61000
r 1800 384 119000 43000
d 117000 49000
d 53000 95000
d 151000 67000
r 1000 433 129000 93000
d 13000 57000
d 3000 33000
d 143000 39000
r 1200 457 35000 91000
d 31000 147000
d 1000 111000
d 29000 39000
r 1600 373 41000 89000
d 55000 15000
d 151000 3000
d 79000 89000
r 1400 186 121000 3000
d 87000 37000
d 85000 11000
d 75000 121000
r 1000 285 101000 45000
d 157000 99000
d 125000 131000
d 41000 83000
r 1200 185 103000 97000
d 103000 85000
d 67000 165000
d 55000 101000
r 1200 128 171000 131000
d 125000 125000
d 39000 113000
d 127000 49000
r 1400 233 13000 31000
d 21000 129000
d 61000 93000
d 49000 77000
r 1000 145 55000 119000
d 79000 7000
d 173000 147000
d 33000 159000
r 1600 446 23000 31000
d 119000 41000
d 3000 161000
d 175000 15000
r 1200 266 39000 131000
d 147000 37000
d 67000 41000
d 113000 95000
r 1400 370 161000 101000
d 61000 5000
d 149000 137000
d 173000 145000
r 1400 337 91000 31000
d 47000 169000
d 101000 93000
d 35000 47000
r 1000 493 55000 71000
d 95000 119000
d 133000 115000
d 49000 5000
r 1800 173 49000 55000
d 35000 99000
d 59000 43000
d 89000 107000
r 1200 354 161000 45000
d 85000 29000
d 151000 173000
d 51000 29000
r 1000 454 63000 145000
d 23000 133000
d 69000 177000
d 9000 159000
r 1800 259 75000 93000
d 171000 107000
d 39000 135000
d 5000 125000
r 1200 288 73000 171000
d 97000 3000
d 177000 129000
d 107000 7000
r 1600 318 91000 101000
d 157000 7000
d 127000 41000
d 93000 113000
r 1800 432 111000 39000
d 57000 81000
d 95000 109000
d 81000 91000
r 1800 300 5000 87000
d 57000 121000
d 137000 51000
d 149000 57000
r 1400 336 75000 13000
d 171000 67000
d 159000 109000
d 163000 11000
r 1600 340 89000 83000
d 101000 159000
d 155000 145000
d 123000 127000
r 1600 444 123000 27000
d 3000 171000
d 77000 163000
d 121000 89000
r 1000 104 91000 103000
d 53000 121000
d 41000 165000
d 171000 29000
r 1600 331 133000 135000
d 75000 89000
d 17000 107000
d 63000 89000
r 1000 194 41000 165000
d 79000 161000
d 137000 47000
d 29000 29000
r 1400 179 139000 141000
d 167000 153000
d 27000 111000
d 101000 65000
r 1000 274 123000 49000
d 31000 167000
d 165000 129000
d 123000 105000
r 1800 286 19000 93000
d 153000 169000
d 41000 51000
d 79000 85000
r 1000 267 39000 57000
d 101000 107000
d 103000 173000
d 79000 143000
r 1600 472 75000 33000
d 7000 145000
d 51000 71000
d 37000 159000
r 1000 203 145000 5000
d 109000 19000
d 145000 157000
d 35000 101000
r 1600 365 11000 123000
d 145000 55000
d 49000 123000
d 85000 7000
r 1600 458 117000 145000
d 97000 57000
d 89000 75000
d 29000 135000
r 1600 146 5000 31000
d 173000 111000
d 11000 131000
d 37000 139000
r 1800 128 43000 113000
d 19000 79000
d 161000 113000
d 33000 29000
r 1600 252 167000 163000
d 21000 177000
d 157000 75000
d 71000 83000
r 1000 281 17000 55000
d 163000 173000
d 119000 67000
d 17000 163000
r 1400 174 159000 151000
d 93000 111000
d 95000 23000
d 87000 101000
r 1800 472 15000 65000
d 77000 173000
d 51000 89000
d 119000 69000
r 1600 297 63000 93000
d 59000 101000
d 155000 45000
d 51000 57000
r 1400 199 37000 63000
d 109000 27000
d 145000 107000
d 27000 3000
r 1600 140 129000 87000
d 15000 99000
d 105000 121000
d 61000 151000
r 1800 484 113000 67000
d 43000 121000
d 139000 97000
d 37000 77000
r 1600 434 117000 153000
d 111000 123000
d 19000 69000
d 147000 127000
r 1600 372 87000 1000
d 81000 9000
d 161000 37000
d 115000 155000
r 1600 191 109000 131000
d 79000 29000
d 43000 5000
d 49000 23000
r 1200 132 99000 73000
d 117000 149000
d 55000 147000
d 107000 149000
r 1000 375 27000 131000
d 45000 159000
d 131000 173000
d 35000 59000
r 1400 388 139000 159000
d 39000 169000
d 71000 99000
d 137000 91000
r 1800 444 15000 7000
d 21000 9000
d 53000 137000
d 35000 91000
r 1800 336 13000 15000
d 19000 161000
d 55000 99000
d 113000 99000
r 1800 345 49000 99000
d 89000 83000
d 1000 99000
d 63000 119000
r 1000 131 25000 25000
d 75000 17000
d 141000 93000
d 29000 125000
r 1600 413 49000 101000
d 83000 165000
d 37000 21000
d 135000 131000
r 1400 418 43000 171000
d 113000 67000
d 15000 91000
d 163000 101000
r 1000 477 29000 173000
d 17000 85000
d 43000 39000
d 71000 137000
r 1600 412 85000 93000
d 165000 43000
d 1000 61000
d 67000 103000
r 1800 217 147000 45000
d 137000 67000
d 17000 69000
d 73000 131000
r 1400 200 171000 103000
d 119000 161000
d 151000 85000
d 3000 93000
r 1800 203 103000 35000
d 63000 109000
d 61000 137000
d 77000 81000
r 1400 243 157000 67000
d 73000 43000
d 9000 91000
d 163000 107000
r 1000 403 15000 103000
d 119000 153000
d 145000 61000
d 153000 23000
r 1000 113 123000 107000
d 145000 9000
d 127000 157000
d 177000 141000
r 1800 358 47000 21000
d 177000 85000
d 89000 117000
d 59000 141000
r 1600 128 27000 151000
d 155000 75000
d 95000 95000
d 123000 43000
r 1000 155 91000 109000
d 75000 161000
d 35000 37000
d 125000 19000
r 1400 310 137000 29000
d 9000 155000
d 167000 13000
d 27000 33000
r 1600 351 89000 89000
d 111000 7000
d 57000 29000
d 85000 73000
r 1600 336 127000 21000
d 55000 77000
d 121000 115000
d 91000 41000
r 1600 364 69000 45000
d 45000 9000
d 25000 63000
d 135000 41000
r 1600 269 169000 75000
d 29000 81000
d 91000 141000
d 15000 99000
r 1200 480 61000 141000
d 53000 37000
d 155000 167000
d 117000 85000
r 1600 361 89000 59000
d 65000 121000
d 151000 59000
d 89000 39000
r 1600 477 1000 159000
d 105000 33000
d 39000 95000
d 123000 19000
r 1000 496 129000 45000
d 35000 155000
d 87000 65000
d 133000 137000
r 1600 191 151000 99000
d 177000 3000
d 89000 35000
d 41000 39000
r 1000 228 99000 91000
d 79000 31000
d 13000 149000
d 53000 5000
r 1800 464 161000 93000
d 17000 37000
d 107000 113000
d 123000 9000
r 1200 139 7000 57000
d 47000 113000
d 17000 155000
d 59000 155000
r 1400 138 153000 1000
d 47000 143000
d 81000 169000
d 25000 115000
r 1800 366 119000 51000
d 43000 127000
d 17000 69000
d 63000 75000
r 1200 135 31000 99000
d 157000 145000
d 99000 101000
d 83000 133000
r 1200 266 149000 127000
d 81000 159000
d 9000 1000
d 103000 29000
r 1600 421 29000 33000
d 111000 57000
d 131000 139000
d 125000 163000
r 1400 152 75000 125000
d 23000 141000
d 133000 81000
d 45000 33000
r 1000 275 15000 171000
d 83000 43000
d 39000 39000
d 135000 85000
r 1600 396 81000 141000
d 21000 109000
d 91000 47000
d 119000 77000
r 1600 354 47000 143000
d 77000 113000
d 19000 143000
d 43000 59000
r 1600 453 169000 129000
d 165000 29000
d 141000 133000
d 19000 43000
r 1200 184 87000 89000
d 5000 33000
d 161000 47000
d 115000 169000
r 1200 272 93000 139000
d 9000 37000
d 65000 45000
d 125000 77000
r 1200 232 105000 173000
d 107000 177000
d 1000 39000
d 39000 31000
r 1000 220 119000 77000
d 141000 165000
d 53000 51000
d 73000 15000
r 1200 102 157000 25000
d 1000 175000
d 65000 103000
d 75000 161000
r 1800 299 53000 121000
d 21000 49000
d 27000 151000
d 103000 69000
r 1200 229 135000 171000
d 55000 7000
d 57000 163000
d 103000 139000
r 1200 197 65000 93000
d 85000 155000
d 113000 71000
d 117000 165000
r 1000 482 11000 105000
d 141000 61000
d 125000 41000
d 103000 73000
r 1800 441 125000 23000
d 167000 107000
d 121000 127000
d 55000 95000
r 1800 151 19000 159000
d 141000 65000
d 173000 41000
d 141000 107000
r 1600 304 91000 163000
d 35000 99000
d 57000 105000
d 135000 107000
r 1400 358 5000 13000
d 173000 163000
d 107000 129000
d 167000 111000
r 1200 430 123000 59000
d 13000 15000
d 117000 149000
d 81000 157000
r 1000 307 33000 111000
d 143000 53000
d 169000 21000
d 175000 139000
r 1400 490 27000 149000
d 143000 101000
d 31000 57000
d 153000 19000
r 1200 126 71000 65000
d 143000 145000
d 27000 141000
d 101000 17000
r 1400 112 141000 119000
d 51000 93000
d 21000 107000
d 159000 1000
r 1600 244 7000 177000
d 61000 91000
d 133000 115000
d 111000 175000
r 1400 423 69000 129000
d 157000 147000
d 157000 123000
d 165000 91000
r 1400 368 11000 147000
d 161000 13000
d 141000 51000
d 55000 15000
r 1000 293 101000 153000
d 89000 99000
d 121000 95000
d 75000 41000
r 1000 277 107000 57000
d 167000 145000
d 77000 137000
d 147000 109000
r 1200 302 3000 105000
d 57000 87000
d 73000 31000
d 75000 75000
r 1200 341 145000 39000
d 115000 5000
d 135000 7000
d 109000 91000
r 1800 228 93000 157000
d 19000 131000
d 83000 41000
d 165000 107000
r 1400 440 149000 141000
d 17000 163000
d 159000 133000
d 35000 33000
r 1000 472 135000 19000
d 125000 85000
d 151000 49000
d 43000 115000
r 1200 450 157000 49000
d 85000 73000
d 55000 29000
d 153000 141000
r 1800 279 45000 131000
d 51000 89000
d 19000 77000
d 13000 77000
r 1400 441 121000 115000
d 67000 11000
d 77000 155000
d 177000 163000
r 1600 158 9000 19000
d 35000 17000
d 137000 89000
d 59000 111000
r 1000 417 133000 175000
d 163000 159000
d 7000 97000
d 23000 37000
r 1200 146 91000 45000
d 93000 145000
d 107000 111000
d 3000 89000
r 1600 377 173000 139000
d 107000 125000
d 47000 127000
d 155000 171000
r 1800 297 1000 1000
d 109000 111000
d 97000 171000
d 99000 127000
r 1000 232 39000 113000
d 101000 69000
d 41000 161000
d 69000 117000
r 1400 447 133000 143000
d 171000 43000
d 71000 143000
d 165000 113000
r 1400 129 119000 147000
d 21000 59000
d 59000 159000
d 141000 111000
r 1000 481 71000 33000
d 145000 7000
d 95000 97000
d 73000 85000
r 1200 464 147000 89000
d 55000 157000
d 177000 131000
d 15000 79000
r 1200 186 157000 47000
d 175000 55000
d 33000 119000
d 129000 39000
r 1000 118 83000 171000
d 97000 169000
d 17000 121000
d 7000 39000
r 1200 497 143000 21000
d 163000 47000
d 15000 49000
d 141000 141000
r 1200 200 7000 101000
d 155000 75000
d 103000 159000
d 45000 173000
r 1800 383 165000 51000
d 7000 41000
d 19000 107000
d 145000 9000
r 1600 459 13000 81000
d 123000 73000
d 77000 109000
d 7000 159000
r 1200 406 67000 1000
d 35000 163000
d 111000 145000
d 139000 47000
r 1000 434 167000 119000
d 85000 73000
d 77000 141000
d 155000 137000
r 1800 223 111000 31000
d 75000 139000
d 51000 103000
d 69000 117000
r 1400 449 53000 65000
d 23000 127000
d 35000 147000
d 155000 79000
r 1000 294 63000 103000
d 23000 103000
d 169000 11000
d 61000 115000
r 1200 134 157000 5000
d 123000 37000
d 21000 135000
d 123000 17000
r 1200 339 37000 171000
d 151000 113000
d 163000 29000
d 65000 161000
r 1600 127 177000 23000
d 73000 99000
d 79000 51000
d 67000 81000
r 1600 500 145000 125000
d 167000 77000
d 99000 125000
d 45000 83000
r 1200 198 155000 41000
d 95000 133000
d 31000 111000
d 159000 125000
r 1400 100 29000 139000
d 161000 167000
d 149000 51000
d 5000 35000
r 1600 408 163000 137000
d 167000 73000
d 155000 39000
d 161000 65000
r 1000 153 99000 141000
d 35000 177000
d 107000 69000
d 81000 25000
r 1800 398 117000 69000
d 147000 105000
d 7000 141000
d 145000 27000
r 1600 465 119000 93000
d 35000 103000
d 67000 95000
d 81000 101000
r 1800 248 115000 91000
d 73000 165000
d 169000 71000
d 77000 145000
r 1400 131 25000 155000
d 9000 5000
d 133000 107000
d 91000 111000
r 1400 362 97000 35000
d 105000 73000
d 5000 27000
d 53000 105000
r 1000 436 81000 21000
d 35000 117000
d 137000 91000
d 59000 13000
r 1800 275 177000 91000
d 101000 75000
d 5000 51000
d 129000 87000
r 1600 103 33000 45000
d 33000 133000
d 143000 117000
d 59000 157000
r 1200 113 75000 157000
d 161000 69000
d 45000 19000
d 77000 99000
r 1800 426 145000 1000
d 47000 113000
d 71000 59000
d 89000 15000
r 1200 262 169000 31000
d 3000 147000
d 121000 99000
d 7000 59000
r 1200 433 85000 99000
d 113000 21000
d 119000 41000
d 159000 69000
r 1600 214 147000 49000
d 129000 119000
d 7000 145000
d 167000 173000
r 1200 193 117000 103000
d 133000 39000
d 21000 45000
d 47000 45000
r 1400 404 159000 67000
d 3000 15000
d 57000 5000
d 129000 13000
r 1000 170 17000 175000
d 95000 101000
d 119000 111000
d 83000 109000
r 1800 370 141000 13000
d 59000 37000
d 111000 139000
d 143000 143000
r 1400 213 141000 85000
d 123000 149000
d 11000 67000
d 5000 55000
r 1800 125 37000 53000
d 115000 77000
d 153000 87000
d 113000 103000
r 1200 436 149000 133000
d 7000 85000
d 111000 51000
d 51000 45000
r 1400 278 57000 21000
d 125000 107000
d 81000 43000
d 51000 125000
r 1200 272 7000 167000
d 11000 123000
d 89000 45000
d 37000 141000
r 1000 398 101000 157000
d 19000 135000
d 77000 51000
d 75000 109000
r 1200 467 1000 43000
d 111000 95000
d 57000 63000
d 177000 133000
r 1200 297 57000 87000
d 125000 155000
d 43000 117000
d 49000 67000
r 1600 491 113000 137000
d 41000 95000
d 133000 67000
d 89000 37000
r 1400 109 39000 111000
d 81000 57000
d 173000 29000
d 107000 173000
r 1400 174 55000 143000
d 127000 115000
d 161000 125000
d 145000 137000
r 1000 390 123000 65000
d 95000 63000
d 3000 99000
d 153000 129000
r 1800 328 121000 33000
d 33000 51000
d 89000 85000
d 129000 31000
r 1800 186 1000 41000
d 101000 39000
d 107000 59000
d 39000 153000
r 1200 428 45000 29000
d 51000 9000
d 77000 61000
d 177000 35000
r 1000 414 87000 53000
d 89000 145000
d 95000 145000
d 13000 121000
r 1400 218 23000 113000
d 141000 3000
d 89000 159000
d 107000 41000
r 1600 117 11000 19000
d 177000 61000
d 87000 29000
d 47000 77000
r 1600 131 83000 43000
d 51000 25000
d 97000 75000
d 29000 93000
r 1200 324 1000 167000
d 119000 79000
d 31000 83000
d 173000 135000
r 1400 204 45000 171000
d 81000 67000
d 123000 49000
d 43000 175000
r 1400 294 147000 33000
d 119000 9000
d 151000 157000
d 61000 13000
r 1000 439 61000 21000
d 15000 139000
d 119000 143000
d 81000 9000
r 1000 279 23000 85000
d 139000 161000
d 151000 139000
d 29000 99000
r 1000 393 83000 79000
d 67000 89000
d 63000 145000
d 169000 57000
r 1000 347 71000 167000
d 157000 49000
d 35000 117000
d 89000 153000
r 1200 373 29000 93000
d 65000 7000
d 131000 105000
d 37000 15000
r 1600 497 29000 145000
d 129000 29000
d 25000 115000
d 19000 11000
r 1200 313 177000 87000
d 27000 121000
d 151000 167000
d 149000 49000
r 1000 198 97000 121000
d 165000 47000
d 145000 55000
d 29000 13000
r 1800 411 149000 69000
d 19000 41000
d 93000 45000
d 31000 83000
r 1600 253 131000 49000
d 15000 41000
d 35000 145000
d 135000 93000
r 1600 229 63000 19000
d 111000 11000
d 23000 45000
d 163000 133000
r 1400 266 147000 93000
d 103000 89000
d 149000 91000
d 85000 19000
r 1200 325 73000 39000
d 151000 153000
d 5000 83000
d 117000 145000
r 1800 304 77000 15000
d 163000 163000
d 23000 101000
d 147000 51000
r 1600 421 147000 13000
d 121000 127000
d 75000 91000
d 117000 87000
r 1000 372 101000 131000
d 107000 59000
d 55000 89000
d 103000 7000
r 1000 455 19000 171000
d 79000 117000
d 101000 117000
d 135000 41000
r 1200 492 57000 25000
d 59000 63000
d 81000 161000
d 157000 23000
r 1400 385 67000 69000
d 53000 175000
d 63000 63000
d 65000 47000
r 1400 360 73000 165000
d 1000 61000
d 39000 9000
d 25000 113000
r 1000 152 15000 111000
d 87000 75000
d 99000 43000
d 67000 103000
r 1200 332 139000 47000
d 111000 157000
d 173000 99000
d 61000 95000
r 1600 104 43000 131000
d 97000 167000
d 177000 27000
d 77000 51000
r 1200 102 67000 115000
d 133000 63000
d 43000 139000
d 77000 105000
r 1400 191 87000 133000
d 5000 31000
d 49000 157000
d 101000 167000
r 1200 360 5000 173000
d 97000 41000
d 27000 47000
d 173000 117000
r 1000 310 139000 105000
d 99000 47000
d 127000 61000
d 177000 167000
r 1000 374 147000 135000
d 107000 163000
d 169000 41000
d 145000 87000
r 1200 382 103000 175000
d 33000 95000
d 81000 99000
d 61000 151000
r 1600 165 99000 17000
d 161000 113000
d 23000 27000
d 123000 169000
r 1200 486 149000 59000
d 49000 87000
d 143000 127000
d 27000 135000
r 1800 228 39000 81000
d 115000 169000
d 79000 125000
d 87000 59000
r 1200 324 169000 83000
d 161000 39000
d 31000 13000
d 137000 37000
r 1400 346 21000 3000
d 23000 65000
d 161000 35000
d 97000 95000
r 1400 135 7000 3000
d 29000 19000
d 59000 57000
d 61000 79000
r 1400 287 27000 77000
d 71000 159000
d 155000 33000
d 13000 35000
r 1000 467 123000 19000
d 115000 33000
d 119000 151000
d 27000 67000
r 1000 425 159000 17000
d 105000 31000
d 141000 51000
d 83000 155000
r 1000 291 115000 117000
d 25000 49000
d 39000 47000
d 33000 59000
r 1600 466 21000 117000
d 55000 135000
d 65000 111000
d 177000 105000
r 1800 136 165000 9000
d 129000 159000
d 31000 141000
d 43000 53000
r 1800 151 5000 155000
d 139000 7000
d 133000 31000
d 177000 77000
r 1200 143 155000 63000
d 149000 3000
d 49000 83000
d 173000 93000
r 1200 451 129000 35000
d 157000 9000
d 117000 143000
d 3000 173000
r 1600 351 177000 89000
d 177000 137000
d 53000 45000
d 125000 33000
r 1000 363 103000 163000
d 65000 21000
d 75000 97000
d 109000 177000
r 1200 112 5000 35000
d 155000 3000
d 103000 51000
d 141000 109000
r 1800 260 51000 21000
d 121000 119000
d 9000 25000
d 141000 45000
r 1400 191 5000 33000
d 71000 45000
d 163000 71000
d 173000 7000
r 1600 286 171000 63000
d 7000 143000
d 47000 127000
d 105000 33000
r 1600 286 13000 113000
d 59000 93000
d 129000 173000
d 53000 71000
r 1000 169 15000 51000
d 165000 103000
d 119000 61000
d 145000 61000
r 1400 431 165000 45000
d 41000 5000
d 67000 57000
d 67000 111000
r 1800 500 7000 49000
d 87000 91000
d 89000 101000
d 81000 89000
r 1400 348 105000 171000
d 81000 143000
d 105000 81000
d 63000 23000
r 1800 360 125000 45000
d 29000 47000
d 137000 1000
d 129000 175000
r 1400 286 169000 35000
d 119000 53000
d 127000 73000
d 101000 97000
r 1800 450 123000 153000
d 5000 123000
d 15000 33000
d 153000 105000
r 1400 388 7000 31000
d 165000 115000
d 17000 89000
d 151000 15000
r 1200 346 165000 137000
d 143000 153000
d 167000 129000
d 129000 153000
r 1400 325 163000 57000
d 121000 9000
d 117000 45000
d 11000 95000
r 1400 119 103000 157000
d 103000 7000
d 91000 175000
d 5000 43000
r 1600 321 47000 27000
d 127000 15000
d 111000 11000
d 113000 107000
r 1200 112 11000 49000
d 139000 141000
d 47000 59000
d 21000 139000
r 1200 463 103000 121000
d 49000 13000
d 175000 11000
d 35000 161000
r 1400 269 149000 41000
d 141000 75000
d 97000 155000
d 103000 73000
r 1600 499 89000 153000
d 1000 43000
d 167000 101000
d 149000 131000
r 1000 130 9000 175000
d 71000 127000
d 35000 53000
d 165000 85000
r 1800 438 127000 141000
d 119000 13000
d 139000 69000
d 17000 57000
r 1200 320 75000 75000
d 19000 115000
d 27000 139000
d 161000 117000
r 1000 239 129000 67000
d 85000 31000
d 155000 125000
d 49000 9000
r 1800 302 3000 149000
d 57000 121000
d 139000 71000
d 95000 27000
r 1000 236 101000 39000
d 3000 63000
d 19000 3000
d 35000 47000
r 1800 259 159000 161000
d 43000 69000
d 97000 47000
d 133000 13000
r 1600 180 55000 131000
d 77000 35000
d 157000 73000
d 139000 107000
r 1400 169 49000 59000
d 153000 79000
d 3000 85000
d 49000 75000
r 1000 323 151000 145000
d 19000 113000
d 49000 111000
d 57000 101000
r 1000 204 51000 109000
d 165000 23000
d 165000 3000
d 157000 77000
r 1800 114 53000 127000
d 153000 111000
d 109000 89000
d 89000 7000
r 1400 342 73000 47000
d 63000 7000
d 167000 23000
d 75000 169000
r 1800 135 73000 131000
d 147000 47000
d 45000 147000
d 29000 97000
r 1400 424 35000 87000
d 93000 171000
d 139000 97000
d 13000 75000
r 1200 165 117000 125000
d 55000 61000
d 149000 15000
d 91000 165000
r 1400 314 147000 77000
d 1000 19000
d 17000 175000
d 135000 49000
r 1200 258 147000 39000
d 115000 23000
d 173000 35000
d 101000 37000
r 1200 278 11000 171000
d 157000 37000
d 29000 97000
d 49000 175000
r 1800 310 91000 23000
d 123000 67000
d 23000 63000
d 35000 115000
r 1600 461 103000 5000
d 109000 153000
d 175000 31000
d 139000 19000
r 1800 419 51000 129000
d 109000 135000
d 157000 155000
d 13000 57000
r 1200 232 55000 111000
d 163000 3000
d 121000 1000
d 59000 111000
r 1800 461 131000 165000
d 161000 115000
d 37000 137000
d 79000 21000
r 1800 461 31000 61000
d 45000 73000
d 11000 15000
d 81000 111000
r 1600 158 59000 137000
d 57000 165000
d 69000 11000
d 47000 57000
r 1800 296 25000 151000
d 103000 11000
d 33000 13000
d 109000 77000
r 1000 169 35000 167000
d 121000 1000
d 67000 51000
d 163000 145000
r 1200 472 47000 69000
d 173000 129000
d 147000 63000
d 1000 143000
r 1800 103 75000 107000
d 113000 57000
d 55000 105000
d 171000 23000
r 1200 493 153000 73000
d 159000 43000
d 155000 3000
d 109000 109000
r 1200 256 103000 169000
d 109000 123000
d 9000 173000
d 165000 133000
r 1000 101 91000 47000
d 103000 71000
d 165000 63000
d 67000 143000
r 1000 500 27000 59000
d 101000 167000
d 131000 121000
d 71000 57000
r 1600 298 75000 51000
d 29000 33000
d 59000 11000
d 97000 43000
r 1600 246 3000 59000
d 139000 161000
d 91000 63000
d 161000 15000
r 1400 160 35000 141000
d 131000 169000
d 25000 145000
d 169000 67000
r 1800 381 23000 155000
d 111000 37000
d 149000 159000
d 47000 121000
r 1000 441 159000 71000
d 139000 11000
d 55000 77000
d 21000 71000
r 1400 265 163000 89000
d 59000 13000
d 169000 135000
d 57000 159000
r 1200 154 125000 57000
d 177000 67000
d 47000 15000
d 173000 27000
r 1800 154 71000 5000
d 39000 165000
d 51000 61000
d 47000 15000
r 1000 439 49000 63000
d 15000 33000
d 75000 33000
d 13000 29000
r 1600 168 125000 61000
d 173000 43000
d 75000 49000
d 147000 175000
r 1400 432 25000 95000
d 17000 103000
d 139000 115000
d 73000 35000
r 1000 373 59000 49000
d 49000 99000
d 125000 165000
d 105000 29000
r 1200 139 31000 161000
d 19000 81000
d 117000 91000
d 35000 37000
r 1200 321 29000 49000
d 175000 153000
d 75000 29000
d 93000 109000
r 1800 429 137000 175000
d 141000 35000
d 141000 73000
d 163000 127000
r 1600 176 163000 83000
d 149000 35000
d 107000 77000
d 109000 37000
r 1200 220 13000 35000
d 35000 155000
d 119000 175000
d 99000 127000
r 1800 406 97000 23000
d 105000 89000
d 95000 29000
d 127000 15000
r 1200 274 21000 121000
d 167000 101000
d 43000 145000
d 121000 15000
r 1600 500 63000 133000
d 101000 83000
d 143000 87000
d 167000 155000
r 1600 187 137000 43000
d 71000 139000
d 87000 13000
d 153000 83000
r 1600 269 165000 133000
d 63000 145000
d 99000 33000
d 101000 125000
r 1200 478 37000 93000
d 85000 177000
d 123000 23000
d 19000 83000
r 1200 102 177000 167000
d 149000 145000
d 133000 147000
d 153000 67000
r 1600 443 143000 115000
d 91000 55000
d 39000 67000
d 43000 53000
r 1400 132 103000 23000
d 155000 171000
d 161000 97000
d 165000 137000
r 1000 481 87000 71000
d 15000 43000
d 153000 157000
d 61000 79000
r 1000 276 33000 73000
d 113000 107000
d 23000 3000
d 79000 15000
r 1800 157 75000 57000
d 17000 161000
d 45000 139000
d 155000 45000
r 1200 121 129000 9000
d 127000 119000
d 129000 7000
d 55000 119000
r 1200 282 103000 93000
d 49000 63000
d 105000 131000
d 51000 17000
r 1400 415 129000 167000
d 53000 141000
d 89000 171000
d 117000 79000
r 1800 331 57000 157000
d 101000 67000
d 163000 139000
d 153000 63000
r 1000 259 33000 103000
d 137000 77000
d 137000 177000
d 11000 99000
r 1000 185 79000 39000
d 115000 63000
d 15000 85000
d 107000 79000
r 1200 353 53000 33000
d 91000 151000
d 113000 109000
d 41000 51000
r 1200 392 151000 105000
d 59000 89000
d 171000 35000
d 117000 133000
r 1400 210 85000 83000
d 17000 31000
d 141000 115000
d 13000 161000
r 1600 477 15000 37000
d 165000 131000
d 87000 47000
d 173000 173000
r 1600 351 29000 59000
d 89000 61000
d 77000 73000
d 175000 35000
r 1400 351 17000 69000
d 61000 149000
d 137000 61000
d 123000 51000
r 1400 231 75000 85000
d 65000 35000
d 37000 173000
d 87000 5000
r 1000 341 91000 79000
d 67000 31000
d 63000 21000
d 55000 35000
r 1600 494 55000 23000
d 45000 155000
d 97000 145000
d 121000 47000
r 1200 412 83000 23000
d 61000 63000
d 125000 17000
d 31000 71000
r 1800 217 139000 25000
d 175000 39000
d 107000 63000
d 51000 33000
r 1800 483 163000 159000
d 107000 173000
d 97000 111000
d 87000 15000
r 1000 463 129000 143000
d 89000 159000
d 47000 129000
d 9000 11000
r 1400 491 31000 107000
d 107000 167000
d 155000 21000
d 163000 51000
r 1200 466 89000 71000
d 155000 33000
d 41000 73000
d 105000 89000
r 1000 173 109000 11000
d 153000 33000
d 103000 73000
d 17000 157000
r 1600 374 99000 171000
d 153000 97000
d 121000 101000
d 105000 161000
r 1800 345 129000 7000
d 69000 101000
d 151000 89000
d 143000 15000
r 1600 255 93000 73000
d 151000 99000
d 135000 113000
d 105000 19000
r 1800 225 161000 63000
d 145000 33000
d 151000 45000
d 133000 163000
r 1400 345 31000 65000
d 97000 117000
d 91000 167000
d 109000 27000
r 1400 392 61000 115000
d 161000 67000
d 149000 3000
d 167000 105000
r 1800 416 103000 149000
d 1000 135000
d 17000 173000
d 77000 51000
r 1200 472 79000 165000
d 139000 123000
d 83000 61000
d 45000 125000
r 1600 115 61000 165000
d 103000 139000
d 139000 1000
d 23000 27000
r 1200 271 117000 167000
d 77000 135000
d 157000 113000
d 13000 73000
r 1400 113 127000 127000
d 35000 33000
d 79000 55000
d 1000 77000
r 1800 432 61000 113000
d 163000 159000
d 27000 97000
d 125000 137000
r 1200 106 97000 91000
d 45000 177000
d 5000 91000
d 33000 27000
r 1000 389 47000 115000
d 69000 149000
d 35000 73000
d 139000 145000
r 1400 280 119000 167000
d 129000 19000
d 77000 115000
d 5000 81000
r 1200 245 133000 67000
d 151000 3000
d 119000 23000
d 131000 163000
r 1800 228 67000 7000
d 77000 11000
d 77000 37000
d 77000 121000
r 1600 107 99000 101000
d 41000 89000
d 87000 17000
d 83000 145000
r 1000 192 39000 35000
d 147000 151000
d 103000 103000
d 85000 151000
r 1200 260 163000 77000
d 3000 29000
d 69000 11000
d 161000 39000
r 1400 459 43000 43000
d 81000 23000
d 77000 123000
d 29000 135000
r 1800 290 119000 25000
d 127000 71000
d 43000 141000
d 121000 15000
r 1200 203 49000 117000
d 23000 13000
d 151000 47000
d 49000 145000
r 1400 398 65000 7000
d 121000 59000
d 109000 29000
d 91000 143000
r 1800 485 1000 35000
d 139000 147000
d 55000 109000
d 103000 157000
r 1600 476 139000 161000
d 73000 39000
d 151000 85000
d 87000 161000
r 1000 340 41000 63000
d 165000 169000
d 145000 143000
d 1000 129000
r 1000 386 127000 15000
d 83000 49000
d 29000 63000
d 107000 37000
r 1600 410 167000 67000
d 23000 139000
d 77000 113000
d 123000 91000
r 1400 394 89000 103000
d 149000 141000
d 67000 47000
d 85000 123000
r 1400 416 83000 123000
d 63000 117000
d 61000 47000
d 7000 165000
r 1600 238 7000 35000
d 115000 145000
d 11000 19000
d 23000 123000
r 1600 425 143000 65000
d 55000 109000
d 5000 117000
d 77000 85000
r 1800 232 85000 39000
d 75000 39000
d 53000 137000
d 175000 157000
r 1400 440 177000 81000
d 107000 9000
d 53000 99000
d 173000 171000
r 1200 394 9000 37000
d 23000 117000
d 71000 97000
d 85000 77000
r 1800 241 87000 101000
d 51000 81000
d 91000 65000
d 117000 113000
r 1400 232 171000 135000
d 169000 63000
d 23000 143000
d 163000 17000
r 1800 373 71000 107000
d 129000 75000
d 41000 149000
d 153000 59000
r 1800 347 89000 167000
d 19000 73000
d 147000 25000
d 85000 129000
r 1600 310 173000 53000
d 45000 61000
d 81000 51000
d 129000 21000
r 1800 402 5000 171000
d 13000 105000
d 127000 171000
d 135000 123000
r 1200 131 61000 117000
d 109000 155000
d 67000 153000
d 143000 149000
r 1200 432 47000 105000
d 49000 173000
d 157000 171000
d 135000 119000
r 1600 250 125000 91000
d 83000 85000
d 113000 47000
d 165000 149000
r 1600 122 7000 157000
d 51000 139000
d 93000 75000
d 75000 111000
r 1000 185 5000 125000
d 45000 135000
d 139000 143000
d 129000 47000
r 1200 470 121000 29000
d 47000 23000
d 71000 21000
d 61000 115000
r 1000 222 87000 137000
d 11000 109000
d 33000 177000
d 177000 73000
r 1800 181 105000 175000
d 51000 23000
d 69000 123000
d 77000 25000
r 1000 178 151000 1000
d 71000 175000
d 137000 119000
d 41000 173000
r 1400 114 109000 83000
d 91000 25000
d 81000 15000
d 71000 27000
r 1800 442 117000 101000
d 157000 17000
d 105000 51000
d 137000 115000
r 1000 444 117000 137000
d 115000 5000
d 147000 91000
d 23000 71000
