g 40 40 2000
r 1200 454 21000 41000
d 35000 43000
d 71000 5000
d 23000 15000
r 1800 404 7000 75000
d 29000 17000
d 67000 9000
d 45000 29000
r 1800 243 61000 53000
d 75000 35000
d 55000 5000
d 73000 77000
r 1200 130 63000 29000
d 3000 29000
d 5000 21000
d 15000 43000
r 1600 331 75000 67000
d 55000 59000
d 73000 35000
d 31000 29000
r 1000 118 17000 41000
d 37000 69000
d 7000 69000
d 53000 53000
r 1200 284 43000 49000
d 23000 21000
d 13000 19000
d 3000 41000
r 1400 179 77000 45000
d 25000 15000
d 47000 29000
d 39000 69000
r 1000 430 47000 9000
d 43000 25000
d 31000 51000
d 31000 77000
r 1800 478 49000 39000
d 29000 11000
d 41000 75000
d 9000 35000
r 1800 465 21000 69000
d 65000 65000
d 41000 67000
d 41000 31000
r 1600 350 1000 31000
d 65000 45000
d 61000 65000
d 59000 69000
r 1400 425 51000 15000
d 13000 73000
d 19000 39000
d 33000 51000
r 1800 200 63000 19000
d 9000 71000
d 25000 39000
d 67000 59000
r 1200 118 57000 35000
d 41000 15000
d 45000 53000
d 55000 45000
r 1400 458 23000 13000
d 3000 73000
d 31000 31000
d 39000 19000
r 1400 451 13000 57000
d 75000 29000
d 27000 73000
d 51000 57000
r 1200 128 23000 33000
d 57000 69000
d 65000 33000
d 27000 73000
r 1200 425 15000 49000
d 29000 75000
d 53000 61000
d 35000 1000
r 1200 343 47000 73000
d 15000 71000
d 63000 35000
d 31000 59000
r 1200 321 31000 1000
d 41000 37000
d 27000 21000
d 17000 7000
r 1600 443 39000 43000
d 27000 17000
d 77000 77000
d 35000 77000
r 1400 390 45000 3000
d 33000 31000
d 31000 67000
d 65000 71000
r 1000 319 35000 17000
d 61000 11000
d 39000 19000
d 59000 3000
r 1800 371 7000 15000
d 35000 77000
d 71000 47000
d 69000 15000
r 1000 386 35000 37000
d 35000 37000
d 37000 71000
d 29000 71000
r 1000 133 63000 57000
d 53000 7000
d 45000 63000
d 71000 65000
r 1000 242 17000 19000
d 3000 63000
d 25000 41000
d 43000 37000
r 1200 392 41000 9000
d 23000 55000
d 65000 7000
d 27000 41000
r 1200 366 17000 13000
d 63000 63000
d 19000 35000
d 57000 9000
r 1600 453 67000 35000
d 73000 59000
d 59000 3000
d 71000 71000
r 1000 203 29000 19000
d 75000 49000
d 77000 63000
d 41000 43000
r 1000 425 37000 11000
d 61000 65000
d 3000 1000
d 57000 19000
r 1200 322 31000 57000
d 25000 35000
d 27000 43000
d 75000 33000
r 1400 312 61000 29000
d 11000 13000
d 21000 47000
d 47000 53000
r 1800 179 11000 1000
d 77000 49000
d 67000 39000
d 7000 39000
r 1800 404 73000 7000
d 15000 19000
d 17000 71000
d 69000 71000
r 1400 359 1000 11000
d 63000 5000
d 35000 67000
d 19000 31000
r 1200 343 67000 41000
d 25000 37000
d 57000 69000
d 17000 33000
r 1800 331 45000 55000
d 77000 65000
d 31000 57000
d 59000 39000
r 1000 205 53000 15000
d 17000 23000
d 1000 17000
d 65000 51000
r 1400 274 19000 29000
d 75000 1000
d 59000 35000
d 19000 3000
r 1600 229 45000 57000
d 49000 17000
d 39000 67000
d 35000 51000
r 1400 225 55000 71000
d 39000 75000
d 11000 41000
d 23000 73000
r 1800 457 69000 61000
d 19000 45000
d 33000 15000
d 35000 27000
r 1400 494 51000 73000
d 71000 11000
d 25000 55000
d 3000 5000
r 1600 231 45000 27000
d 71000 53000
d 13000 63000
d 31000 23000
r 1200 425 31000 35000
d 1000 51000
d 21000 7000
d 3000 43000
r 1800 301 71000 59000
d 23000 25000
d 15000 63000
d 73000 3000
r 1600 279 71000 65000
d 33000 33000
d 77000 57000
d 35000 71000
r 1800 223 23000 15000
d 31000 33000
d 63000 19000
d 33000 13000
r 1000 445 39000 41000
d 13000 47000
d 27000 45000
d 1000 67000
r 1600 188 41000 57000
d 3000 1000
d 43000 9000
d 35000 3000
r 1800 207 25000 73000
d 47000 49000
d 31000 31000
d 17000 57000
r 1200 276 29000 13000
d 49000 63000
d 1000 71000
d 19000 47000
r 1400 144 13000 31000
d 71000 47000
d 23000 65000
d 43000 3000
r 1000 448 73000 61000
d 47000 43000
d 25000 55000
d 55000 9000
r 1200 427 3000 59000
d 63000 69000
d 51000 3000
d 21000 69000
r 1200 284 37000 41000
d 63000 49000
d 53000 39000
d 37000 5000
r 1600 113 11000 71000
d 47000 41000
d 29000 17000
d 27000 61000
r 1800 162 57000 71000
d 7000 69000
d 37000 39000
d 13000 59000
r 1600 352 63000 31000
d 7000 41000
d 3000 43000
d 39000 9000
r 1600 337 77000 53000
d 45000 65000
d 9000 67000
d 47000 31000
r 1200 156 53000 19000
d 27000 25000
d 29000 71000
d 61000 1000
r 1800 262 73000 65000
d 75000 63000
d 3000 27000
d 51000 51000
r 1400 181 7000 25000
d 7000 17000
d 39000 67000
d 15000 75000
r 1200 211 59000 7000
d 63000 77000
d 1000 27000
d 71000 17000
r 1600 318 65000 77000
d 45000 17000
d 13000 65000
d 23000 57000
r 1000 493 75000 29000
d 45000 11000
d 1000 53000
d 1000 55000
r 1000 214 3000 61000
d 23000 75000
d 35000 5000
d 77000 11000
r 1200 399 41000 37000
d 55000 17000
d 9000 19000
d 63000 17000
r 1600 201 59000 13000
d 45000 43000
d 49000 13000
d 53000 39000
r 1800 378 55000 15000
d 51000 15000
d 73000 3000
d 11000 19000
r 1000 420 33000 69000
d 63000 27000
d 75000 33000
d 33000 11000
r 1000 183 13000 29000
d 9000 1000
d 47000 53000
d 37000 53000
r 1000 115 57000 15000
d 35000 73000
d 51000 27000
d 53000 47000
r 1400 196 1000 35000
d 23000 33000
d 59000 1000
d 9000 9000
r 1200 294 31000 75000
d 47000 13000
d 27000 53000
d 27000 21000
r 1600 448 37000 31000
d 65000 65000
d 33000 19000
d 77000 45000
r 1000 301 7000 39000
d 65000 37000
d 13000 77000
d 25000 47000
r 1600 182 15000 23000
d 41000 29000
d 63000 13000
d 21000 37000
r 1800 269 1000 75000
d 3000 29000
d 5000 29000
d 43000 1000
r 1800 356 1000 39000
d 47000 71000
d 11000 31000
d 55000 65000
r 1000 492 57000 9000
d 33000 11000
d 67000 51000
d 11000 75000
r 1600 298 49000 49000
d 41000 7000
d 35000 33000
d 19000 67000
r 1400 441 49000 61000
d 37000 53000
d 59000 43000
d 15000 37000
r 1800 285 39000 75000
d 23000 67000
d 13000 45000
d 31000 23000
r 1200 218 55000 5000
d 65000 21000
d 41000 65000
d 43000 13000
r 1800 235 71000 7000
d 59000 35000
d 1000 33000
d 45000 75000
r 1800 262 17000 29000
d 39000 25000
d 57000 71000
d 61000 61000
r 1400 437 73000 35000
d 17000 13000
d 69000 27000
d 41000 39000
r 1000 385 55000 11000
d 1000 5000
d 15000 23000
d 65000 73000
r 1200 233 33000 9000
d 47000 5000
d 19000 75000
d 31000 45000
r 1600 347 27000 13000
d 61000 1000
d 65000 59000
d 55000 3000
r 1200 235 23000 9000
d 7000 13000
d 13000 37000
d 21000 65000
r 1000 307 61000 61000
d 35000 71000
d 13000 27000
d 47000 37000
r 1400 352 55000 29000
d 77000 15000
d 55000 45000
d 5000 17000
r 1600 408 11000 17000
d 35000 39000
d 55000 13000
d 55000 37000
r 1200 225 13000 11000
d 41000 49000
d 31000 35000
d 11000 5000
r 1200 254 73000 31000
d 45000 11000
d 45000 37000
d 57000 67000
r 1000 250 51000 9000
d 3000 11000
d 51000 43000
d 25000 75000
r 1200 174 3000 69000
d 7000 67000
d 31000 25000
d 37000 37000
r 1000 352 73000 73000
d 1000 13000
d 35000 43000
d 37000 71000
r 1000 244 49000 5000
d 65000 51000
d 11000 77000
d 37000 67000
r 1600 423 25000 25000
d 33000 71000
d 21000 23000
d 15000 65000
r 1600 483 55000 57000
d 25000 9000
d 7000 37000
d 47000 71000
r 1600 282 57000 5000
d 21000 75000
d 45000 51000
d 21000 35000
r 1400 411 7000 45000
d 29000 57000
d 37000 9000
d 9000 13000
r 1400 485 75000 33000
d 11000 71000
d 17000 19000
d 69000 37000
r 1600 306 65000 27000
d 25000 59000
d 27000 59000
d 61000 45000
r 1600 117 35000 3000
d 69000 25000
d 3000 9000
d 59000 71000
r 1600 397 17000 55000
d 23000 15000
d 13000 5000
d 35000 63000
