g 100 100 2000
r 1800 244 77000 141000
d 79000 167000
d 121000 73000
d 143000 103000
r 1200 122 139000 97000
d 31000 25000
d 31000 179000
d 61000 75000
r 1400 246 43000 69000
d 51000 131000
d 177000 61000
d 95000 27000
r 1800 450 149000 167000
d 91000 147000
d 97000 67000
d 107000 195000
r 1800 383 193000 45000
d 5000 115000
d 163000 123000
d 83000 5000
r 1600 440 71000 55000
d 7000 3000
d 79000 149000
d 173000 97000
r 1800 421 117000 197000
d 53000 79000
d 189000 43000
d 39000 197000
r 1600 261 167000 53000
d 3000 145000
d 17000 63000
d 57000 115000
r 1400 420 123000 101000
d 169000 123000
d 71000 111000
d 139000 189000
r 1000 187 47000 101000
d 119000 121000
d 157000 13000
d 79000 125000
r 1400 491 63000 1000
d 101000 29000
d 195000 111000
d 167000 181000
r 1000 287 49000 9000
d 97000 177000
d 83000 137000
d 167000 59000
r 1200 320 39000 101000
d 77000 165000
d 71000 13000
d 195000 107000
r 1600 372 79000 163000
d 187000 151000
d 157000 145000
d 15000 195000
r 1400 497 171000 87000
d 119000 3000
d 47000 179000
d 121000 179000
r 1200 175 13000 137000
d 17000 179000
d 89000 89000
d 171000 43000
r 1200 368 57000 169000
d 93000 149000
d 191000 133000
d 117000 91000
r 1800 441 105000 139000
d 101000 141000
d 19000 109000
d 3000 143000
r 1600 245 189000 169000
d 87000 127000
d 47000 103000
d 161000 81000
r 1800 210 191000 51000
d 113000 97000
d 191000 117000
d 161000 49000
r 1000 309 7000 39000
d 85000 121000
d 121000 129000
d 37000 81000
r 1200 161 5000 177000
d 43000 127000
d 83000 121000
d 179000 195000
r 1200 442 137000 145000
d 83000 89000
d 113000 75000
d 13000 117000
r 1800 432 157000 185000
d 71000 135000
d 21000 139000
d 155000 141000
r 1800 257 187000 47000
d 59000 45000
d 59000 139000
d 9000 27000
r 1600 112 115000 187000
d 87000 141000
d 83000 117000
d 131000 73000
r 1600 173 21000 31000
d 81000 151000
d 175000 57000
d 3000 121000
r 1600 396 169000 63000
d 49000 123000
d 157000 53000
d 111000 159000
r 1200 398 119000 195000
d 137000 97000
d 59000 187000
d 195000 113000
r 1200 362 109000 161000
d 25000 71000
d 77000 23000
d 39000 179000
r 1400 198 131000 139000
d 183000 93000
d 131000 101000
d 109000 61000
r 1600 239 91000 107000
d 105000 97000
d 107000 159000
d 179000 191000
r 1600 142 69000 179000
d 107000 31000
d 121000 135000
d 147000 99000
r 1200 173 173000 169000
d 141000 189000
d 77000 113000
d 7000 159000
r 1200 500 139000 155000
d 143000 189000
d 175000 103000
d 131000 141000
r 1600 325 19000 11000
d 71000 1000
d 53000 139000
d 43000 141000
r 1800 380 33000 5000
d 67000 31000
d 49000 93000
d 65000 75000
r 1200 271 39000 169000
d 149000 51000
d 179000 59000
d 113000 179000
r 1600 447 119000 155000
d 7000 17000
d 29000 27000
d 157000 111000
r 1200 116 105000 159000
d 83000 11000
d 151000 61000
d 83000 141000
r 1200 136 79000 167000
d 191000 11000
d 179000 159000
d 131000 57000
r 1400 408 135000 153000
d 43000 183000
d 53000 1000
d 19000 103000
r 1000 248 13000 169000
d 105000 115000
d 193000 87000
d 191000 39000
r 1600 307 93000 111000
d 175000 113000
d 157000 165000
d 189000 145000
r 1800 427 85000 101000
d 53000 133000
d 161000 125000
d 23000 107000
r 1000 191 131000 53000
d 13000 181000
d 75000 35000
d 145000 27000
r 1000 323 137000 157000
d 137000 61000
d 175000 119000
d 183000 135000
r 1200 338 27000 89000
d 143000 41000
d 65000 99000
d 137000 109000
r 1800 441 129000 179000
d 55000 23000
d 139000 195000
d 113000 21000
r 1800 235 171000 63000
d 105000 147000
d 145000 89000
d 13000 111000
r 1000 325 63000 97000
d 29000 103000
d 29000 95000
d 103000 111000
r 1000 296 77000 93000
d 57000 97000
d 173000 183000
d 43000 167000
r 1200 335 175000 159000
d 111000 63000
d 115000 47000
d 129000 51000
r 1600 297 173000 157000
d 69000 45000
d 167000 125000
d 39000 13000
r 1800 272 5000 27000
d 177000 195000
d 109000 191000
d 21000 27000
r 1600 490 173000 183000
d 57000 65000
d 117000 83000
d 159000 65000
r 1400 446 77000 111000
d 127000 105000
d 15000 141000
d 99000 161000
r 1800 274 69000 15000
d 19000 163000
d 105000 79000
d 193000 83000
r 1000 192 7000 191000
d 173000 25000
d 97000 121000
d 189000 75000
r 1600 348 149000 151000
d 13000 171000
d 131000 125000
d 137000 127000
r 1600 233 31000 123000
d 111000 99000
d 55000 37000
d 151000 185000
r 1600 447 25000 29000
d 69000 115000
d 183000 21000
d 81000 1000
r 1400 149 73000 119000
d 151000 67000
d 195000 75000
d 13000 179000
r 1200 449 117000 129000
d 153000 55000
d 63000 85000
d 3000 157000
r 1000 156 99000 55000
d 41000 169000
d 5000 75000
d 83000 21000
r 1000 105 97000 1000
d 75000 85000
d 37000 17000
d 161000 169000
r 1800 220 29000 55000
d 41000 129000
d 87000 5000
d 45000 73000
r 1400 444 167000 43000
d 155000 53000
d 19000 161000
d 13000 57000
r 1000 331 61000 139000
d 109000 187000
d 15000 141000
d 169000 63000
r 1200 214 125000 141000
d 125000 47000
d 109000 151000
d 79000 33000
r 1600 105 161000 165000
d 13000 105000
d 109000 93000
d 63000 43000
r 1000 430 119000 103000
d 19000 47000
d 27000 35000
d 137000 177000
r 1800 136 61000 37000
d 157000 85000
d 63000 49000
d 117000 73000
r 1800 419 3000 77000
d 53000 119000
d 91000 135000
d 191000 41000
r 1400 410 31000 127000
d 27000 197000
d 45000 15000
d 179000 33000
r 1200 223 59000 163000
d 7000 1000
d 101000 85000
d 111000 35000
r 1000 377 13000 153000
d 33000 45000
d 171000 187000
d 27000 67000
r 1200 454 123000 111000
d 81000 179000
d 111000 135000
d 69000 155000
r 1400 242 17000 63000
d 183000 193000
d 83000 195000
d 129000 93000
r 1400 117 165000 101000
d 31000 195000
d 7000 19000
d 125000 167000
r 1600 205 9000 151000
d 37000 191000
d 195000 97000
d 71000 101000
r 1200 170 35000 1000
d 189000 59000
d 83000 85000
d 67000 29000
r 1000 172 71000 139000
d 171000 187000
d 183000 151000
d 9000 55000
r 1600 376 133000 83000
d 149000 21000
d 153000 149000
d 53000 167000
r 1000 200 123000 3000
d 69000 117000
d 1000 25000
d 15000 97000
r 1000 180 163000 147000
d 117000 105000
d 187000 181000
d 41000 61000
r 1800 197 103000 43000
d 107000 197000
d 23000 131000
d 181000 51000
r 1000 309 155000 177000
d 37000 115000
d 123000 21000
d 43000 171000
r 1000 313 51000 63000
d 11000 147000
d 63000 123000
d 13000 43000
r 1600 354 1000 15000
d 57000 153000
d 43000 7000
d 179000 179000
r 1000 100 67000 115000
d 183000 175000
d 97000 119000
d 191000 145000
r 1400 363 109000 193000
d 101000 65000
d 161000 195000
d 83000 163000
r 1600 180 165000 145000
d 121000 159000
d 151000 155000
d 31000 117000
r 1800 208 155000 133000
d 173000 89000
d 41000 177000
d 127000 137000
r 1200 327 17000 77000
d 103000 155000
d 125000 89000
d 87000 21000
r 1800 263 115000 153000
d 115000 193000
d 149000 139000
d 75000 127000
r 1800 323 5000 173000
d 89000 75000
d 49000 99000
d 43000 197000
r 1800 372 163000 107000
d 3000 49000
d 171000 135000
d 81000 79000
r 1000 172 91000 91000
d 151000 123000
d 173000 101000
d 131000 163000
r 1400 325 41000 71000
d 121000 51000
d 67000 99000
d 101000 35000
r 1400 459 195000 117000
d 51000 181000
d 129000 161000
d 83000 23000
r 1200 279 187000 191000
d 139000 21000
d 73000 155000
d 47000 139000
r 1000 144 1000 57000
d 135000 167000
d 123000 19000
d 23000 155000
r 1800 356 151000 131000
d 57000 135000
d 153000 133000
d 21000 91000
r 1000 431 137000 95000
d 51000 1000
d 183000 159000
d 23000 151000
r 1200 169 113000 133000
d 25000 113000
d 61000 27000
d 195000 115000
r 1000 267 13000 89000
d 117000 121000
d 39000 123000
d 37000 115000
r 1200 464 191000 117000
d 169000 5000
d 37000 101000
d 25000 113000
r 1200 399 63000 89000
d 43000 95000
d 87000 57000
d 87000 29000
r 1400 320 185000 31000
d 185000 51000
d 17000 185000
d 109000 9000
r 1600 372 73000 157000
d 183000 17000
d 87000 133000
d 167000 55000
r 1800 268 197000 91000
d 93000 53000
d 169000 57000
d 1000 97000
r 1400 137 19000 37000
d 111000 21000
d 109000 135000
d 131000 189000
r 1000 241 103000 113000
d 177000 117000
d 45000 135000
d 115000 43000
r 1000 273 153000 19000
d 73000 37000
d 109000 119000
d 55000 135000
r 1400 401 77000 149000
d 107000 175000
d 119000 95000
d 149000 179000
r 1600 233 61000 119000
d 73000 45000
d 107000 153000
d 55000 27000
r 1000 362 75000 91000
d 147000 113000
d 171000 39000
d 35000 65000
r 1800 322 55000 155000
d 117000 23000
d 175000 43000
d 161000 27000
r 1800 218 23000 155000
d 3000 93000
d 93000 115000
d 179000 59000
r 1000 202 165000 187000
d 61000 65000
d 171000 91000
d 101000 13000
r 1400 196 73000 53000
d 81000 125000
d 109000 55000
d 9000 91000
r 1200 378 101000 165000
d 105000 177000
d 109000 143000
d 115000 99000
r 1400 447 77000 63000
d 121000 165000
d 9000 193000
d 135000 145000
r 1800 119 53000 9000
d 33000 35000
d 25000 61000
d 35000 163000
r 1400 440 147000 197000
d 151000 165000
d 67000 161000
d 93000 133000
r 1400 157 127000 1000
d 67000 197000
d 81000 145000
d 51000 131000
r 1400 280 165000 189000
d 197000 63000
d 149000 43000
d 65000 121000
r 1400 368 43000 141000
d 165000 183000
d 173000 57000
d 51000 75000
r 1800 305 11000 9000
d 99000 139000
d 183000 181000
d 13000 23000
r 1000 196 109000 123000
d 103000 55000
d 169000 3000
d 53000 43000
r 1600 171 117000 57000
d 111000 119000
d 31000 75000
d 195000 179000
r 1400 332 129000 193000
d 191000 75000
d 95000 73000
d 49000 35000
r 1200 306 73000 141000
d 65000 135000
d 59000 165000
d 115000 123000
r 1600 476 171000 1000
d 183000 55000
d 65000 15000
d 3000 9000
r 1000 488 103000 53000
d 95000 145000
d 145000 135000
d 131000 145000
r 1200 266 117000 87000
d 97000 131000
d 13000 45000
d 41000 19000
r 1400 462 115000 157000
d 127000 19000
d 149000 63000
d 183000 181000
r 1600 362 135000 121000
d 19000 51000
d 41000 89000
d 53000 63000
r 1200 303 165000 95000
d 21000 23000
d 17000 185000
d 151000 21000
r 1200 336 87000 171000
d 61000 155000
d 113000 81000
d 83000 91000
r 1000 250 179000 167000
d 89000 171000
d 185000 95000
d 133000 57000
r 1800 291 107000 171000
d 91000 157000
d 3000 125000
d 47000 173000
r 1200 337 149000 179000
d 33000 37000
d 65000 157000
d 125000 133000
r 1000 179 197000 193000
d 187000 191000
d 73000 37000
d 197000 113000
r 1000 130 85000 127000
d 149000 135000
d 35000 187000
d 99000 177000
r 1400 404 123000 107000
d 139000 5000
d 113000 65000
d 29000 75000
r 1600 459 15000 61000
d 99000 47000
d 13000 59000
d 147000 59000
r 1400 445 71000 147000
d 193000 109000
d 91000 135000
d 1000 69000
r 1600 398 39000 141000
d 117000 95000
d 117000 159000
d 187000 179000
r 1800 293 91000 173000
d 103000 61000
d 73000 5000
d 177000 165000
r 1400 397 89000 179000
d 125000 189000
d 103000 183000
d 89000 51000
r 1800 354 137000 25000
d 11000 47000
d 133000 107000
d 35000 145000
r 1000 145 101000 191000
d 197000 31000
d 195000 141000
d 197000 79000
r 1400 483 107000 187000
d 181000 115000
d 73000 77000
d 59000 99000
r 1600 396 35000 3000
d 153000 91000
d 95000 81000
d 177000 57000
r 1200 436 175000 15000
d 37000 23000
d 89000 191000
d 3000 63000
r 1400 400 161000 91000
d 35000 69000
d 93000 153000
d 183000 75000
r 1200 325 151000 127000
d 65000 181000
d 1000 185000
d 21000 163000
r 1800 499 113000 157000
d 29000 97000
d 147000 63000
d 105000 163000
r 1600 263 171000 67000
d 35000 177000
d 145000 9000
d 33000 37000
r 1400 239 97000 53000
d 61000 121000
d 139000 113000
d 123000 15000
r 1200 326 17000 191000
d 125000 39000
d 119000 13000
d 143000 107000
r 1600 476 137000 111000
d 119000 69000
d 151000 71000
d 153000 191000
r 1000 224 195000 17000
d 159000 119000
d 21000 33000
d 5000 57000
r 1800 355 173000 101000
d 143000 97000
d 31000 5000
d 151000 157000
r 1600 475 51000 3000
d 107000 153000
d 103000 71000
d 3000 41000
r 1600 475 17000 39000
d 193000 141000
d 63000 35000
d 1000 115000
r 1600 101 191000 71000
d 77000 165000
d 39000 109000
d 97000 69000
r 1000 321 9000 47000
d 197000 53000
d 149000 111000
d 137000 11000
r 1600 268 193000 53000
d 189000 139000
d 119000 95000
d 123000 91000
r 1200 310 123000 35000
d 77000 109000
d 119000 119000
d 119000 39000
r 1000 163 163000 155000
d 151000 169000
d 43000 109000
d 83000 103000
r 1400 217 101000 117000
d 127000 123000
d 147000 85000
d 175000 75000
r 1000 144 193000 61000
d 175000 17000
d 29000 31000
d 95000 91000
r 1600 249 49000 21000
d 181000 29000
d 127000 197000
d 189000 185000
r 1000 320 9000 129000
d 131000 197000
d 111000 97000
d 93000 95000
r 1600 343 127000 161000
d 29000 177000
d 39000 123000
d 125000 35000
r 1600 471 35000 123000
d 3000 105000
d 155000 169000
d 79000 97000
r 1400 250 181000 155000
d 5000 5000
d 135000 111000
d 67000 61000
r 1400 364 71000 33000
d 49000 135000
d 165000 7000
d 33000 89000
r 1400 197 93000 83000
d 39000 131000
d 117000 79000
d 53000 13000
r 1200 202 61000 3000
d 115000 97000
d 149000 83000
d 173000 119000
r 1000 102 165000 147000
d 59000 187000
d 163000 151000
d 25000 173000
r 1600 280 77000 169000
d 81000 25000
d 99000 123000
d 195000 69000
r 1800 244 83000 61000
d 21000 73000
d 195000 81000
d 21000 47000
r 1800 176 125000 5000
d 135000 107000
d 135000 193000
d 159000 131000
r 1000 365 175000 169000
d 85000 185000
d 197000 15000
d 159000 91000
r 1000 395 109000 9000
d 33000 47000
d 59000 19000
d 185000 39000
r 1600 320 63000 49000
d 127000 133000
d 159000 135000
d 185000 127000
r 1000 163 179000 61000
d 31000 91000
d 195000 149000
d 189000 71000
r 1200 126 151000 65000
d 149000 31000
d 181000 25000
d 35000 15000
r 1400 143 81000 123000
d 165000 181000
d 71000 35000
d 31000 89000
r 1000 476 161000 97000
d 99000 23000
d 147000 131000
d 19000 59000
r 1200 256 19000 51000
d 99000 145000
d 95000 99000
d 19000 79000
r 1400 333 95000 147000
d 135000 53000
d 107000 17000
d 107000 189000
r 1000 419 71000 39000
d 99000 57000
d 13000 149000
d 147000 197000
r 1600 382 117000 15000
d 31000 59000
d 51000 71000
d 149000 63000
r 1600 189 83000 139000
d 179000 55000
d 47000 109000
d 177000 197000
r 1200 314 169000 105000
d 63000 37000
d 41000 111000
d 121000 49000
r 1200 493 157000 121000
d 55000 43000
d 31000 61000
d 91000 187000
r 1400 397 71000 143000
d 45000 77000
d 45000 93000
d 15000 171000
r 1800 499 151000 75000
d 165000 125000
d 115000 7000
d 155000 57000
r 1600 393 19000 85000
d 159000 157000
d 39000 31000
d 1000 65000
r 1000 236 55000 73000
d 47000 187000
d 103000 35000
d 23000 45000
r 1800 157 47000 103000
d 123000 157000
d 159000 197000
d 93000 5000
r 1200 123 17000 179000
d 31000 129000
d 45000 97000
d 165000 169000
r 1000 151 119000 79000
d 77000 63000
d 191000 197000
d 157000 51000
r 1600 284 131000 185000
d 87000 167000
d 93000 61000
d 191000 51000
r 1000 421 103000 63000
d 81000 165000
d 169000 165000
d 7000 137000
r 1400 279 123000 93000
d 81000 93000
d 33000 187000
d 23000 79000
r 1000 294 127000 7000
d 129000 67000
d 133000 167000
d 113000 115000
r 1400 303 37000 59000
d 49000 109000
d 49000 169000
d 23000 89000
r 1800 475 161000 111000
d 155000 195000
d 139000 137000
d 47000 39000
r 1200 389 153000 75000
d 73000 117000
d 39000 9000
d 197000 55000
r 1000 449 189000 21000
d 33000 65000
d 169000 91000
d 189000 87000
r 1400 129 3000 1000
d 59000 125000
d 29000 163000
d 169000 153000
r 1400 282 141000 191000
d 181000 73000
d 125000 109000
d 123000 147000
r 1200 418 23000 167000
d 135000 33000
d 17000 59000
d 3000 129000
r 1800 265 3000 133000
d 65000 195000
d 9000 173000
d 89000 183000
r 1800 262 175000 125000
d 93000 77000
d 181000 133000
d 139000 157000
r 1800 192 5000 175000
d 91000 93000
d 159000 71000
d 53000 155000
r 1200 336 167000 45000
d 43000 119000
d 75000 33000
d 57000 27000
r 1800 287 181000 159000
d 103000 157000
d 79000 111000
d 119000 155000
r 1000 353 75000 193000
d 123000 159000
d 187000 191000
d 157000 95000
r 1200 384 119000 69000
d 85000 131000
d 33000 19000
d 155000 23000
r 1400 313 137000 21000
d 103000 127000
d 53000 185000
d 91000 115000
r 1400 254 23000 79000
d 171000 37000
d 147000 23000
d 157000 121000
r 1400 241 129000 169000
d 111000 27000
d 121000 133000
d 7000 37000
r 1200 453 81000 9000
d 177000 1000
d 95000 143000
d 105000 97000
r 1600 151 97000 13000
d 141000 121000
d 131000 121000
d 149000 177000
r 1800 289 103000 193000
d 101000 187000
d 55000 15000
d 169000 61000
r 1200 372 83000 177000
d 39000 7000
d 151000 93000
d 123000 131000
r 1800 182 157000 73000
d 39000 27000
d 189000 173000
d 155000 31000
r 1200 215 175000 161000
d 145000 75000
d 139000 47000
d 143000 53000
r 1800 366 85000 135000
d 115000 183000
d 43000 187000
d 149000 121000
r 1400 240 13000 33000
d 99000 91000
d 89000 75000
d 89000 39000
r 1400 227 127000 69000
d 195000 83000
d 7000 65000
d 3000 71000
r 1200 483 157000 59000
d 43000 103000
d 79000 113000
d 107000 85000
r 1200 380 101000 15000
d 117000 53000
d 47000 99000
d 65000 99000
r 1400 378 71000 71000
d 113000 151000
d 99000 187000
d 61000 137000
r 1800 437 11000 83000
d 97000 17000
d 67000 183000
d 15000 143000
r 1400 356 169000 101000
d 1000 197000
d 101000 49000
d 21000 171000
r 1200 412 109000 11000
d 91000 147000
d 13000 23000
d 187000 31000
r 1000 223 69000 23000
d 83000 177000
d 25000 37000
d 47000 97000
r 1800 329 73000 155000
d 189000 13000
d 93000 127000
d 59000 53000
r 1200 468 7000 147000
d 125000 41000
d 41000 79000
d 185000 101000
r 1000 426 29000 181000
d 85000 183000
d 63000 147000
d 129000 91000
r 1200 404 151000 61000
d 165000 99000
d 91000 191000
d 115000 115000
r 1400 233 117000 187000
d 171000 197000
d 23000 115000
d 165000 175000
r 1800 282 197000 27000
d 89000 145000
d 147000 63000
d 3000 165000
r 1600 290 23000 33000
d 25000 73000
d 59000 69000
d 57000 45000
r 1800 250 11000 97000
d 57000 97000
d 149000 157000
d 41000 25000
r 1400 142 111000 115000
d 31000 17000
d 119000 113000
d 185000 115000
r 1400 298 193000 17000
d 53000 145000
d 77000 159000
d 5000 197000
r 1200 368 115000 155000
d 147000 39000
d 173000 177000
d 121000 169000
r 1000 460 93000 73000
d 129000 25000
d 45000 15000
d 79000 107000
r 1200 404 11000 77000
d 109000 65000
d 127000 111000
d 63000 13000
r 1200 463 119000 99000
d 5000 87000
d 179000 5000
d 185000 21000
r 1000 312 11000 57000
d 117000 157000
d 111000 69000
d 19000 131000
r 1200 314 79000 139000
d 47000 41000
d 3000 105000
d 11000 137000
r 1600 275 165000 67000
d 165000 81000
d 169000 167000
d 103000 21000
r 1200 377 35000 109000
d 109000 39000
d 29000 109000
d 51000 67000
r 1000 479 103000 19000
d 9000 85000
d 27000 77000
d 103000 9000
r 1800 392 79000 123000
d 13000 25000
d 143000 63000
d 45000 85000
r 1200 432 63000 47000
d 121000 105000
d 35000 49000
d 129000 71000
r 1400 300 119000 55000
d 13000 169000
d 143000 97000
d 117000 73000
r 1800 119 9000 57000
d 165000 173000
d 35000 79000
d 147000 75000
r 1200 479 143000 99000
d 113000 149000
d 191000 145000
d 125000 109000
r 1600 327 153000 57000
d 181000 167000
d 191000 5000
d 57000 153000
r 1200 454 167000 143000
d 77000 143000
d 139000 111000
d 25000 165000
r 1800 425 15000 97000
d 131000 3000
d 173000 181000
d 187000 89000
r 1000 463 99000 143000
d 15000 71000
d 133000 87000
d 23000 143000
r 1800 280 145000 107000
d 179000 39000
d 91000 87000
d 3000 159000
r 1000 331 1000 129000
d 177000 25000
d 185000 89000
d 103000 47000
r 1600 242 41000 31000
d 87000 151000
d 121000 23000
d 7000 69000
r 1400 125 197000 135000
d 133000 117000
d 45000 61000
d 97000 97000
r 1600 479 49000 7000
d 19000 69000
d 67000 99000
d 131000 163000
r 1200 121 59000 17000
d 77000 183000
d 15000 169000
d 175000 161000
r 1800 486 149000 67000
d 137000 65000
d 197000 125000
d 5000 25000
r 1800 492 169000 17000
d 87000 125000
d 35000 17000
d 65000 37000
r 1600 469 93000 119000
d 67000 179000
d 121000 73000
d 163000 197000
r 1600 111 69000 37000
d 129000 87000
d 9000 131000
d 43000 181000
r 1200 292 121000 135000
d 57000 11000
d 59000 1000
d 15000 79000
r 1400 224 87000 121000
d 97000 139000
d 139000 169000
d 183000 93000
r 1600 397 125000 63000
d 65000 15000
d 177000 143000
d 27000 43000
r 1600 243 161000 117000
d 39000 79000
d 117000 37000
d 13000 143000
r 1200 393 151000 141000
d 121000 97000
d 91000 165000
d 111000 35000
r 1000 411 23000 163000
d 111000 131000
d 77000 173000
d 185000 77000
r 1400 275 169000 107000
d 129000 27000
d 47000 163000
d 185000 175000
r 1200 103 29000 71000
d 65000 61000
d 27000 37000
d 123000 85000
r 1400 129 13000 93000
d 73000 149000
d 1000 137000
d 67000 59000
r 1000 329 139000 7000
d 67000 111000
d 193000 187000
d 117000 185000
r 1400 340 79000 71000
d 167000 97000
d 83000 19000
d 7000 1000
r 1400 119 153000 109000
d 129000 121000
d 155000 41000
d 181000 153000
r 1200 282 17000 19000
d 1000 87000
d 93000 103000
d 83000 33000
r 1600 143 159000 109000
d 153000 29000
d 143000 187000
d 137000 13000
r 1600 240 171000 183000
d 111000 117000
d 23000 65000
d 155000 193000
r 1600 440 35000 21000
d 33000 153000
d 179000 85000
d 149000 159000
r 1600 332 3000 121000
d 57000 117000
d 7000 181000
d 177000 85000
r 1000 407 95000 125000
d 105000 41000
d 171000 21000
d 167000 19000
r 1400 145 19000 63000
d 5000 85000
d 75000 175000
d 77000 59000
r 1600 346 45000 133000
d 9000 95000
d 137000 127000
d 43000 1000
r 1000 217 135000 191000
d 81000 183000
d 103000 65000
d 43000 153000
r 1000 389 25000 5000
d 107000 57000
d 139000 77000
d 87000 123000
r 1800 418 39000 79000
d 179000 187000
d 87000 195000
d 145000 155000
r 1800 474 167000 79000
d 27000 171000
d 11000 189000
d 137000 29000
r 1800 324 97000 163000
d 39000 69000
d 75000 71000
d 113000 147000
r 1800 103 61000 75000
d 85000 121000
d 119000 153000
d 127000 85000
r 1400 298 63000 83000
d 25000 101000
d 155000 129000
d 131000 81000
r 1200 131 73000 167000
d 33000 143000
d 89000 11000
d 109000 79000
r 1000 211 35000 5000
d 55000 111000
d 73000 107000
d 71000 125000
r 1000 174 29000 193000
d 3000 73000
d 15000 119000
d 25000 3000
r 1000 440 133000 73000
d 121000 89000
d 9000 187000
d 41000 179000
r 1000 439 41000 131000
d 59000 151000
d 181000 69000
d 157000 27000
r 1800 112 39000 37000
d 113000 87000
d 23000 185000
d 189000 141000
r 1600 437 3000 85000
d 59000 1000
d 157000 189000
d 141000 171000
r 1000 456 127000 67000
d 109000 95000
d 91000 83000
d 171000 141000
r 1600 412 157000 129000
d 141000 1000
d 101000 51000
d 21000 25000
r 1400 312 137000 165000
d 81000 95000
d 183000 111000
d 153000 43000
r 1400 291 189000 173000
d 63000 25000
d 49000 179000
d 37000 103000
r 1200 398 29000 51000
d 133000 23000
d 125000 171000
d 149000 67000
r 1400 269 17000 61000
d 53000 3000
d 165000 169000
d 59000 9000
r 1800 254 55000 105000
d 99000 51000
d 7000 111000
d 143000 29000
r 1000 478 67000 141000
d 59000 125000
d 133000 197000
d 141000 127000
r 1400 252 13000 27000
d 137000 99000
d 15000 45000
d 43000 181000
r 1200 409 55000 35000
d 189000 55000
d 123000 47000
d 19000 13000
r 1400 275 27000 165000
d 139000 125000
d 11000 25000
d 179000 109000
r 1800 466 75000 63000
d 75000 79000
d 83000 43000
d 13000 129000
r 1200 136 187000 1000
d 19000 147000
d 137000 125000
d 5000 99000
r 1600 406 117000 65000
d 53000 63000
d 47000 195000
d 155000 55000
r 1800 249 11000 47000
d 133000 155000
d 67000 113000
d 109000 5000
r 1800 453 177000 51000
d 183000 131000
d 7000 67000
d 189000 123000
r 1600 370 105000 47000
d 151000 195000
d 55000 87000
d 109000 111000
r 1200 316 9000 35000
d 119000 113000
d 17000 133000
d 117000 61000
r 1000 276 145000 129000
d 99000 181000
d 131000 5000
d 107000 19000
r 1400 465 159000 95000
d 85000 59000
d 89000 127000
d 3000 55000
r 1400 351 73000 45000
d 13000 169000
d 91000 7000
d 193000 75000
r 1000 225 83000 183000
d 137000 87000
d 83000 179000
d 39000 45000
r 1400 187 67000 59000
d 135000 131000
d 119000 57000
d 25000 113000
r 1400 241 177000 35000
d 83000 161000
d 183000 165000
d 165000 165000
r 1200 306 151000 99000
d 15000 91000
d 111000 75000
d 59000 41000
r 1200 400 101000 111000
d 91000 187000
d 81000 79000
d 99000 105000
r 1800 114 105000 143000
d 33000 191000
d 141000 77000
d 5000 135000
r 1000 423 27000 45000
d 159000 185000
d 97000 191000
d 43000 55000
r 1200 204 145000 53000
d 161000 27000
d 117000 77000
d 15000 35000
r 1000 463 151000 111000
d 179000 159000
d 123000 139000
d 163000 59000
r 1200 125 121000 151000
d 149000 1000
d 47000 117000
d 111000 65000
r 1800 381 171000 17000
d 191000 45000
d 83000 37000
d 101000 71000
r 1800 333 83000 13000
d 97000 111000
d 19000 91000
d 135000 113000
r 1000 148 85000 27000
d 1000 47000
d 53000 97000
d 99000 109000
r 1600 181 129000 173000
d 193000 123000
d 137000 143000
d 41000 133000
r 1800 146 197000 163000
d 195000 33000
d 97000 39000
d 33000 21000
r 1600 148 79000 149000
d 37000 111000
d 161000 81000
d 51000 195000
r 1000 126 43000 31000
d 129000 193000
d 103000 113000
d 47000 181000
r 1800 367 157000 93000
d 45000 177000
d 67000 191000
d 39000 39000
r 1200 314 187000 19000
d 45000 103000
d 147000 135000
d 91000 111000
r 1600 304 73000 121000
d 153000 21000
d 185000 147000
d 117000 107000
r 1600 252 167000 169000
d 51000 57000
d 1000 107000
d 47000 181000
r 1600 424 195000 1000
d 169000 81000
d 133000 121000
d 61000 21000
r 1800 416 9000 173000
d 29000 65000
d 49000 41000
d 83000 191000
r 1600 233 73000 11000
d 13000 187000
d 75000 131000
d 101000 33000
r 1200 377 105000 195000
d 167000 165000
d 183000 149000
d 153000 167000
r 1000 241 197000 195000
d 131000 51000
d 79000 85000
d 153000 161000
r 1200 447 25000 167000
d 179000 195000
d 73000 19000
d 35000 173000
r 1800 218 173000 163000
d 15000 87000
d 93000 187000
d 125000 17000
r 1800 429 167000 157000
d 183000 183000
d 107000 99000
d 113000 57000
r 1400 342 123000 145000
d 55000 161000
d 21000 121000
d 55000 53000
r 1800 104 135000 151000
d 133000 109000
d 35000 57000
d 39000 131000
r 1600 291 169000 19000
d 127000 181000
d 99000 151000
d 185000 23000
r 1400 398 47000 197000
d 177000 73000
d 23000 51000
d 113000 21000
r 1000 225 21000 141000
d 139000 19000
d 31000 191000
d 93000 11000
r 1200 455 173000 131000
d 163000 61000
d 139000 19000
d 161000 155000
r 1400 451 169000 97000
d 85000 11000
d 85000 67000
d 115000 1000
r 1200 456 173000 151000
d 147000 71000
d 189000 83000
d 141000 177000
r 1200 126 179000 177000
d 57000 83000
d 17000 9000
d 129000 191000
r 1200 113 131000 77000
d 131000 125000
d 17000 77000
d 153000 33000
r 1600 427 105000 49000
d 5000 53000
d 57000 143000
d 125000 73000
r 1800 312 33000 173000
d 9000 59000
d 107000 181000
d 83000 137000
r 1200 371 171000 23000
d 193000 45000
d 31000 131000
d 61000 37000
r 1200 266 81000 175000
d 63000 111000
d 61000 81000
d 141000 119000
r 1200 175 157000 147000
d 163000 125000
d 195000 155000
d 37000 51000
r 1800 216 189000 149000
d 149000 57000
d 105000 125000
d 89000 43000
r 1600 294 157000 149000
d 183000 185000
d 51000 111000
d 159000 33000
r 1800 140 47000 147000
d 197000 29000
d 3000 95000
d 31000 51000
r 1200 169 35000 105000
d 121000 47000
d 153000 5000
d 1000 125000
r 1200 431 95000 83000
d 21000 197000
d 61000 93000
d 197000 51000
r 1800 370 137000 185000
d 197000 67000
d 29000 3000
d 29000 175000
r 1200 117 161000 95000
d 65000 137000
d 109000 61000
d 101000 87000
r 1000 402 51000 95000
d 39000 81000
d 15000 67000
d 17000 175000
r 1800 134 55000 179000
d 45000 119000
d 31000 139000
d 191000 163000
r 1400 114 25000 97000
d 145000 149000
d 123000 3000
d 129000 1000
r 1200 380 41000 117000
d 11000 123000
d 95000 61000
d 69000 75000
r 1000 241 195000 113000
d 97000 91000
d 39000 189000
d 31000 91000
r 1000 318 89000 19000
d 113000 115000
d 99000 119000
d 149000 37000
r 1400 294 193000 193000
d 173000 183000
d 33000 31000
d 59000 149000
r 1000 474 101000 55000
d 63000 163000
d 101000 133000
d 103000 19000
r 1000 311 185000 185000
d 187000 35000
d 125000 29000
d 47000 193000
r 1000 207 19000 87000
d 139000 47000
d 81000 157000
d 39000 191000
r 1800 420 131000 141000
d 39000 185000
d 11000 107000
d 177000 119000
r 1400 116 197000 169000
d 41000 131000
d 123000 11000
d 43000 113000
r 1600 275 113000 175000
d 7000 97000
d 45000 171000
d 37000 55000
r 1400 133 77000 163000
d 49000 173000
d 17000 73000
d 195000 117000
r 1800 272 17000 27000
d 51000 67000
d 19000 9000
d 95000 89000
r 1200 171 103000 137000
d 81000 157000
d 43000 97000
d 75000 99000
r 1000 134 117000 121000
d 169000 111000
d 157000 127000
d 7000 65000
r 1000 394 133000 149000
d 125000 13000
d 39000 111000
d 149000 77000
r 1400 137 123000 81000
d 165000 111000
d 39000 123000
d 169000 31000
r 1600 201 183000 181000
d 177000 103000
d 113000 107000
d 71000 81000
r 1400 188 91000 41000
d 109000 3000
d 85000 33000
d 99000 95000
r 1800 443 117000 3000
d 61000 101000
d 81000 3000
d 155000 115000
r 1400 294 101000 85000
d 69000 9000
d 131000 175000
d 39000 103000
r 1600 191 127000 61000
d 83000 127000
d 25000 179000
d 27000 51000
r 1200 296 137000 137000
d 135000 73000
d 65000 177000
d 31000 153000
r 1800 135 119000 15000
d 189000 171000
d 115000 143000
d 65000 175000
r 1600 185 175000 7000
d 133000 119000
d 129000 87000
d 183000 95000
r 1600 318 157000 97000
d 169000 125000
d 113000 159000
d 61000 33000
r 1600 479 197000 39000
d 41000 191000
d 113000 117000
d 3000 43000
r 1400 327 171000 65000
d 133000 137000
d 93000 163000
d 29000 183000
r 1200 271 189000 77000
d 145000 141000
d 67000 121000
d 193000 155000
r 1800 266 129000 145000
d 43000 25000
d 63000 151000
d 61000 47000
r 1000 308 29000 49000
d 27000 171000
d 31000 77000
d 195000 109000
r 1000 369 191000 11000
d 49000 55000
d 161000 161000
d 83000 179000
r 1800 425 113000 161000
d 49000 61000
d 123000 81000
d 79000 47000
r 1000 136 21000 5000
d 161000 97000
d 105000 177000
d 93000 173000
r 1400 458 29000 131000
d 143000 175000
d 179000 61000
d 99000 179000
r 1800 172 7000 55000
d 69000 87000
d 171000 135000
d 61000 39000
r 1600 194 85000 17000
d 3000 75000
d 153000 21000
d 117000 39000
r 1600 348 77000 31000
d 81000 67000
d 67000 105000
d 75000 37000
r 1800 290 135000 173000
d 165000 59000
d 107000 183000
d 159000 33000
r 1000 170 73000 197000
d 39000 93000
d 53000 101000
d 179000 49000
r 1200 292 135000 175000
d 139000 161000
d 41000 41000
d 129000 61000
r 1000 409 5000 119000
d 75000 19000
d 63000 109000
d 21000 193000
r 1600 121 69000 19000
d 87000 39000
d 25000 173000
d 153000 159000
r 1600 384 181000 69000
d 19000 85000
d 183000 63000
d 37000 135000
r 1800 301 71000 7000
d 121000 37000
d 57000 55000
d 7000 53000
r 1000 115 125000 149000
d 155000 27000
d 79000 11000
d 43000 55000
r 1400 430 31000 129000
d 155000 51000
d 77000 35000
d 43000 171000
r 1000 192 155000 89000
d 77000 171000
d 29000 5000
d 47000 175000
r 1600 321 49000 153000
d 113000 25000
d 37000 147000
d 53000 131000
r 1000 266 129000 187000
d 195000 9000
d 71000 127000
d 61000 131000
r 1400 476 67000 189000
d 103000 21000
d 93000 81000
d 13000 25000
r 1200 391 191000 133000
d 43000 25000
d 71000 53000
d 81000 93000
r 1800 155 167000 17000
d 11000 9000
d 99000 23000
d 133000 19000
r 1200 408 79000 31000
d 151000 167000
d 49000 101000
d 51000 75000
r 1400 352 87000 179000
d 59000 161000
d 21000 59000
d 145000 115000
r 1200 295 93000 181000
d 115000 163000
d 3000 157000
d 161000 19000
r 1400 343 193000 63000
d 75000 193000
d 51000 53000
d 17000 53000
r 1400 334 97000 121000
d 19000 59000
d 135000 135000
d 41000 159000
r 1600 156 47000 63000
d 11000 169000
d 153000 63000
d 55000 129000
r 1400 399 43000 67000
d 45000 59000
d 131000 43000
d 73000 39000
r 1400 259 93000 93000
d 161000 111000
d 193000 135000
d 45000 45000
r 1800 387 11000 167000
d 19000 145000
d 153000 143000
d 23000 193000
r 1200 141 189000 29000
d 69000 19000
d 89000 163000
d 175000 121000
r 1400 487 171000 49000
d 17000 191000
d 121000 183000
d 41000 1000
r 1200 434 89000 47000
d 75000 27000
d 165000 11000
d 183000 85000
r 1200 483 117000 141000
d 69000 49000
d 33000 171000
d 49000 153000
r 1000 384 9000 97000
d 27000 87000
d 131000 125000
d 121000 129000
r 1800 205 167000 29000
d 57000 115000
d 45000 69000
d 191000 165000
r 1600 386 155000 101000
d 127000 103000
d 13000 13000
d 121000 163000
r 1000 261 95000 121000
d 59000 1000
d 141000 179000
d 151000 5000
r 1600 141 47000 107000
d 11000 155000
d 141000 21000
d 61000 187000
r 1600 336 51000 31000
d 25000 149000
d 113000 47000
d 25000 51000
r 1200 110 147000 193000
d 117000 121000
d 39000 141000
d 29000 155000
r 1200 125 31000 43000
d 193000 103000
d 197000 93000
d 137000 141000
r 1800 280 141000 61000
d 125000 37000
d 59000 21000
d 123000 131000
r 1600 250 3000 59000
d 193000 51000
d 171000 27000
d 165000 73000
r 1200 327 137000 151000
d 7000 97000
d 25000 59000
d 89000 81000
r 1000 118 69000 33000
d 83000 9000
d 197000 69000
d 161000 107000
r 1200 140 99000 117000
d 77000 59000
d 41000 75000
d 189000 57000
r 1600 172 163000 57000
d 137000 187000
d 99000 165000
d 143000 15000
r 1000 170 141000 77000
d 197000 89000
d 79000 13000
d 95000 41000
r 1200 212 149000 163000
d 185000 177000
d 27000 169000
d 43000 133000
r 1400 228 55000 137000
d 117000 63000
d 83000 173000
d 121000 97000
r 1200 182 91000 53000
d 149000 161000
d 175000 129000
d 27000 195000
r 1400 189 185000 195000
d 59000 69000
d 5000 89000
d 127000 147000
r 1800 161 179000 139000
d 167000 55000
d 143000 27000
d 125000 97000
r 1400 409 185000 171000
d 77000 129000
d 71000 27000
d 57000 81000
r 1600 113 189000 83000
d 53000 133000
d 41000 101000
d 71000 49000
r 1000 246 109000 91000
d 93000 25000
d 177000 95000
d 149000 175000
r 1400 283 79000 45000
d 63000 191000
d 189000 197000
d 141000 65000
r 1000 357 183000 47000
d 79000 55000
d 71000 167000
d 89000 1000
r 1200 361 33000 179000
d 53000 51000
d 187000 9000
d 185000 63000
r 1800 304 159000 9000
d 189000 165000
d 83000 59000
d 25000 101000
r 1600 260 9000 99000
d 29000 57000
d 95000 29000
d 153000 133000
r 1600 354 71000 157000
d 65000 147000
d 179000 3000
d 147000 175000
r 1800 191 13000 75000
d 175000 95000
d 135000 197000
d 83000 61000
r 1800 477 107000 61000
d 67000 147000
d 129000 145000
d 137000 131000
r 1800 354 19000 43000
d 13000 131000
d 25000 101000
d 35000 173000
r 1600 156 81000 151000
d 169000 67000
d 91000 99000
d 45000 145000
r 1200 294 63000 147000
d 121000 25000
d 47000 15000
d 5000 19000
r 1200 241 93000 157000
d 41000 81000
d 3000 125000
d 163000 185000
r 1600 487 159000 15000
d 191000 145000
d 59000 125000
d 143000 163000
r 1400 480 161000 109000
d 111000 75000
d 135000 127000
d 161000 1000
r 1000 445 133000 15000
d 27000 67000
d 151000 13000
d 115000 9000
r 1800 429 41000 101000
d 5000 125000
d 83000 45000
d 49000 91000
r 1400 446 15000 85000
d 151000 43000
d 17000 25000
d 73000 87000
r 1000 500 183000 125000
d 105000 195000
d 123000 197000
d 113000 83000
r 1800 401 193000 123000
d 149000 55000
d 115000 189000
d 87000 7000
r 1000 412 23000 169000
d 111000 173000
d 189000 159000
d 53000 163000
