g 90 90 2000
r 1200 306 127000 33000
d 1000 173000
d 115000 103000
d 77000 77000
r 1600 460 25000 113000
d 139000 47000
d 167000 57000
d 125000 113000
r 1000 144 109000 35000
d 85000 93000
d 17000 53000
d 149000 59000
r 1000 340 37000 137000
d 101000 9000
d 143000 163000
d 159000 105000
r 1600 219 177000 29000
d 175000 169000
d 93000 161000
d 9000 93000
r 1400 299 33000 75000
d 119000 171000
d 147000 97000
d 149000 11000
r 1000 289 129000 71000
d 113000 37000
d 77000 123000
d 103000 97000
r 1200 486 117000 155000
d 119000 19000
d 119000 137000
d 51000 13000
r 1000 128 139000 19000
d 21000 47000
d 143000 131000
d 159000 99000
r 1000 215 91000 51000
d 177000 101000
d 83000 151000
d 21000 7000
r 1800 298 167000 61000
d 61000 55000
d 161000 53000
d 5000 161000
r 1000 473 39000 21000
d 57000 1000
d 37000 91000
d 143000 23000
r 1600 322 15000 171000
d 35000 145000
d 141000 105000
d 77000 141000
r 1000 454 115000 153000
d 63000 83000
d 83000 89000
d 81000 29000
r 1200 238 169000 67000
d 61000 93000
d 45000 61000
d 175000 23000
r 1600 419 127000 63000
d 93000 41000
d 47000 67000
d 23000 171000
r 1200 323 1000 73000
d 151000 153000
d 173000 91000
d 111000 17000
r 1600 262 9000 75000
d 13000 75000
d 95000 133000
d 61000 9000
r 1800 168 147000 137000
d 103000 99000
d 37000 49000
d 87000 59000
r 1000 389 39000 119000
d 17000 59000
d 95000 15000
d 35000 37000
r 1000 298 89000 65000
d 47000 59000
d 67000 151000
d 27000 37000
r 1400 162 151000 81000
d 93000 69000
d 41000 153000
d 107000 15000
r 1000 453 3000 5000
d 117000 15000
d 93000 169000
d 39000 77000
r 1000 257 143000 101000
d 109000 59000
d 169000 137000
d 77000 67000
r 1600 173 63000 77000
d 47000 105000
d 121000 51000
d 175000 149000
r 1600 142 147000 41000
d 35000 93000
d 159000 39000
d 65000 41000
r 1400 288 27000 111000
d 43000 101000
d 151000 85000
d 53000 1000
r 1400 297 151000 51000
d 135000 35000
d 47000 41000
d 141000 147000
r 1800 101 169000 173000
d 59000 135000
d 147000 131000
d 9000 139000
r 1800 340 97000 163000
d 121000 105000
d 119000 43000
d 103000 93000
r 1800 478 77000 45000
d 99000 39000
d 161000 89000
d 15000 131000
r 1600 195 31000 119000
d 21000 147000
d 67000 39000
d 3000 71000
r 1400 295 113000 57000
d 137000 131000
d 145000 47000
d 89000 73000
r 1800 383 37000 175000
d 103000 113000
d 155000 49000
d 131000 19000
r 1600 178 21000 87000
d 61000 31000
d 51000 99000
d 115000 147000
r 1200 431 89000 107000
d 15000 173000
d 23000 163000
d 73000 61000
r 1800 450 71000 53000
d 11000 79000
d 47000 103000
d 39000 77000
r 1200 417 29000 127000
d 85000 111000
d 45000 153000
d 133000 153000
r 1600 294 163000 153000
d 169000 63000
d 97000 57000
d 165000 149000
r 1600 121 69000 53000
d 151000 165000
d 83000 143000
d 5000 53000
r 1800 320 89000 15000
d 125000 41000
d 95000 47000
d 155000 63000
r 1400 456 131000 157000
d 15000 67000
d 111000 25000
d 77000 25000
r 1000 288 77000 65000
d 159000 173000
d 153000 69000
d 169000 69000
r 1400 117 5000 149000
d 81000 79000
d 97000 3000
d 67000 21000
r 1800 207 97000 113000
d 89000 3000
d 15000 89000
d 61000 101000
r 1800 271 147000 171000
d 163000 75000
d 51000 27000
d 149000 153000
r 1000 265 25000 159000
d 125000 127000
d 171000 127000
d 101000 63000
r 1600 273 87000 79000
d 143000 117000
d 57000 175000
d 55000 1000
r 1400 383 19000 147000
d 167000 111000
d 127000 11000
d 11000 95000
r 1200 284 67000 17000
d 37000 123000
d 93000 87000
d 31000 111000
r 1600 262 9000 45000
d 63000 87000
d 83000 127000
d 65000 143000
r 1600 257 43000 11000
d 101000 167000
d 147000 173000
d 99000 85000
r 1200 374 153000 81000
d 61000 153000
d 71000 61000
d 87000 37000
r 1000 223 131000 45000
d 175000 117000
d 109000 45000
d 69000 149000
r 1000 405 47000 115000
d 17000 93000
d 117000 161000
d 67000 165000
r 1000 248 177000 103000
d 73000 165000
d 41000 91000
d 1000 89000
r 1400 441 41000 143000
d 55000 147000
d 135000 65000
d 163000 85000
r 1400 423 11000 59000
d 127000 147000
d 41000 111000
d 137000 101000
r 1600 299 99000 65000
d 125000 39000
d 83000 121000
d 43000 87000
r 1800 106 59000 23000
d 27000 45000
d 107000 155000
d 141000 171000
r 1200 432 79000 65000
d 127000 91000
d 71000 135000
d 113000 55000
r 1200 103 3000 141000
d 115000 165000
d 133000 45000
d 113000 87000
r 1400 303 63000 149000
d 61000 45000
d 63000 167000
d 167000 151000
r 1000 168 51000 137000
d 23000 171000
d 19000 103000
d 147000 133000
r 1800 144 49000 163000
d 31000 169000
d 155000 21000
d 145000 81000
r 1000 415 159000 41000
d 161000 113000
d 73000 71000
d 67000 31000
r 1600 295 141000 127000
d 67000 73000
d 101000 49000
d 73000 23000
r 1400 317 125000 105000
d 69000 29000
d 177000 5000
d 113000 131000
r 1600 409 71000 73000
d 53000 73000
d 9000 27000
d 35000 1000
r 1000 161 39000 65000
d 149000 43000
d 79000 129000
d 119000 3000
r 1600 139 139000 169000
d 99000 59000
d 95000 127000
d 81000 53000
r 1600 265 65000 77000
d 167000 129000
d 97000 149000
d 107000 151000
r 1200 322 169000 63000
d 19000 11000
d 35000 109000
d 91000 97000
r 1800 330 101000 33000
d 39000 101000
d 43000 145000
d 57000 107000
r 1000 499 35000 17000
d 53000 61000
d 133000 73000
d 69000 75000
r 1400 319 23000 115000
d 89000 7000
d 17000 133000
d 99000 119000
r 1000 234 95000 133000
d 153000 27000
d 155000 75000
d 67000 137000
r 1600 327 31000 83000
d 1000 137000
d 169000 57000
d 71000 147000
r 1600 260 47000 159000
d 99000 149000
d 17000 73000
d 175000 119000
r 1400 235 145000 73000
d 77000 93000
d 165000 155000
d 71000 71000
r 1600 465 147000 77000
d 169000 77000
d 5000 79000
d 5000 135000
r 1800 203 153000 115000
d 43000 101000
d 129000 73000
d 133000 39000
r 1800 137 25000 83000
d 75000 83000
d 33000 171000
d 171000 103000
r 1800 191 141000 63000
d 151000 97000
d 101000 31000
d 35000 177000
r 1600 480 169000 5000
d 57000 13000
d 169000 153000
d 111000 93000
r 1200 287 3000 121000
d 31000 23000
d 25000 31000
d 51000 83000
r 1400 481 35000 25000
d 113000 127000
d 145000 17000
d 41000 115000
r 1000 404 71000 65000
d 91000 93000
d 119000 159000
d 87000 161000
r 1400 371 129000 75000
d 89000 19000
d 7000 173000
d 5000 93000
r 1200 162 53000 13000
d 63000 165000
d 85000 93000
d 129000 103000
r 1400 319 17000 143000
d 91000 25000
d 119000 69000
d 7000 107000
r 1800 308 135000 79000
d 35000 137000
d 39000 135000
d 59000 173000
r 1400 397 3000 23000
d 33000 31000
d 29000 7000
d 33000 1000
r 1400 498 93000 59000
d 131000 109000
d 139000 127000
d 171000 81000
r 1000 309 131000 81000
d 65000 79000
d 97000 91000
d 1000 9000
r 1000 425 175000 97000
d 7000 19000
d 127000 121000
d 39000 107000
r 1400 107 161000 163000
d 29000 149000
d 87000 1000
d 77000 111000
r 1200 330 97000 133000
d 35000 177000
d 77000 125000
d 79000 23000
r 1400 264 103000 41000
d 149000 95000
d 69000 9000
d 93000 85000
r 1000 406 177000 93000
d 161000 141000
d 73000 109000
d 125000 155000
r 1800 312 113000 117000
d 39000 73000
d 29000 85000
d 139000 55000
r 1800 382 43000 129000
d 107000 101000
d 59000 127000
d 41000 27000
r 1200 426 121000 41000
d 177000 117000
d 47000 13000
d 93000 43000
r 1400 481 15000 51000
d 97000 41000
d 67000 107000
d 131000 151000
r 1400 417 7000 155000
d 81000 39000
d 41000 5000
d 65000 163000
r 1400 467 171000 59000
d 85000 123000
d 79000 155000
d 111000 129000
r 1400 153 19000 15000
d 71000 151000
d 59000 131000
d 67000 73000
r 1200 268 175000 155000
d 51000 15000
d 1000 43000
d 63000 175000
r 1000 434 143000 9000
d 31000 79000
d 55000 65000
d 69000 141000
r 1000 165 127000 131000
d 49000 9000
d 3000 99000
d 87000 91000
r 1600 172 91000 149000
d 63000 31000
d 73000 119000
d 153000 57000
r 1600 469 103000 21000
d 33000 103000
d 39000 53000
d 127000 165000
r 1200 293 83000 43000
d 69000 149000
d 43000 99000
d 53000 77000
r 1000 345 85000 77000
d 99000 83000
d 93000 71000
d 105000 91000
r 1800 453 131000 55000
d 83000 5000
d 161000 93000
d 65000 171000
r 1400 322 129000 83000
d 173000 57000
d 157000 97000
d 1000 133000
r 1000 387 95000 177000
d 143000 83000
d 91000 149000
d 57000 71000
r 1400 479 177000 15000
d 21000 173000
d 17000 129000
d 31000 3000
r 1400 247 41000 105000
d 21000 27000
d 9000 89000
d 135000 165000
r 1400 228 167000 17000
d 155000 177000
d 107000 149000
d 135000 145000
r 1000 475 109000 101000
d 13000 151000
d 89000 69000
d 91000 171000
r 1600 174 139000 139000
d 55000 73000
d 129000 109000
d 39000 93000
r 1800 494 135000 167000
d 175000 173000
d 101000 81000
d 91000 67000
r 1800 356 57000 9000
d 125000 105000
d 11000 131000
d 27000 27000
r 1000 327 89000 37000
d 159000 105000
d 7000 81000
d 11000 51000
r 1200 385 123000 35000
d 117000 129000
d 35000 153000
d 9000 43000
r 1200 277 105000 61000
d 7000 141000
d 1000 113000
d 101000 169000
r 1400 270 79000 51000
d 141000 175000
d 57000 45000
d 157000 43000
r 1800 424 143000 27000
d 71000 45000
d 109000 113000
d 163000 91000
r 1000 426 7000 9000
d 133000 37000
d 3000 81000
d 97000 17000
r 1400 307 79000 53000
d 55000 33000
d 27000 161000
d 81000 23000
r 1000 271 101000 93000
d 101000 159000
d 63000 131000
d 85000 157000
r 1200 396 21000 7000
d 71000 127000
d 53000 131000
d 143000 137000
r 1000 228 127000 31000
d 99000 131000
d 99000 107000
d 113000 171000
r 1200 442 51000 145000
d 111000 161000
d 25000 43000
d 87000 11000
r 1400 276 9000 147000
d 115000 33000
d 149000 43000
d 47000 129000
r 1600 150 167000 49000
d 133000 113000
d 63000 169000
d 25000 1000
r 1800 454 137000 173000
d 91000 9000
d 121000 7000
d 89000 25000
r 1600 292 95000 49000
d 137000 95000
d 125000 5000
d 69000 21000
r 1800 286 21000 17000
d 3000 71000
d 87000 89000
d 141000 161000
r 1800 110 99000 107000
d 99000 149000
d 27000 165000
d 81000 85000
r 1800 214 145000 27000
d 89000 147000
d 171000 63000
d 17000 149000
r 1800 316 31000 13000
d 121000 109000
d 137000 59000
d 3000 87000
r 1400 348 19000 87000
d 81000 65000
d 59000 51000
d 157000 59000
r 1000 408 3000 3000
d 49000 9000
d 1000 155000
d 133000 169000
r 1400 263 155000 177000
d 71000 109000
d 69000 65000
d 17000 77000
r 1000 339 137000 143000
d 89000 103000
d 53000 3000
d 47000 33000
r 1200 298 55000 127000
d 59000 27000
d 163000 33000
d 37000 127000
r 1800 243 177000 121000
d 95000 175000
d 165000 127000
d 101000 107000
r 1800 168 7000 149000
d 29000 17000
d 39000 59000
d 77000 177000
r 1200 246 75000 17000
d 67000 73000
d 51000 173000
d 43000 45000
r 1600 327 141000 107000
d 37000 47000
d 105000 139000
d 69000 21000
r 1600 491 75000 31000
d 137000 137000
d 91000 31000
d 97000 15000
r 1000 235 47000 155000
d 29000 105000
d 143000 117000
d 11000 173000
r 1000 110 17000 81000
d 171000 51000
d 57000 31000
d 105000 59000
r 1200 491 117000 77000
d 57000 77000
d 3000 119000
d 165000 39000
r 1200 392 87000 165000
d 43000 97000
d 3000 135000
d 73000 125000
r 1000 489 69000 117000
d 25000 113000
d 155000 83000
d 141000 11000
r 1600 279 49000 115000
d 47000 161000
d 5000 109000
d 71000 39000
r 1200 399 17000 123000
d 39000 125000
d 125000 67000
d 99000 143000
r 1200 229 27000 155000
d 7000 147000
d 55000 141000
d 31000 3000
r 1800 135 167000 131000
d 25000 131000
d 83000 83000
d 117000 89000
r 1400 478 157000 119000
d 25000 141000
d 45000 171000
d 83000 127000
r 1800 184 87000 129000
d 91000 67000
d 173000 161000
d 109000 95000
r 1600 362 109000 119000
d 5000 83000
d 51000 113000
d 33000 23000
r 1800 309 85000 95000
d 1000 143000
d 31000 47000
d 51000 131000
r 1600 420 117000 3000
d 117000 63000
d 55000 167000
d 131000 103000
r 1400 253 135000 21000
d 109000 157000
d 61000 27000
d 41000 125000
r 1200 358 61000 53000
d 111000 173000
d 131000 5000
d 97000 65000
r 1200 386 49000 153000
d 171000 103000
d 157000 45000
d 27000 101000
r 1200 200 3000 57000
d 65000 93000
d 85000 83000
d 127000 87000
r 1200 485 41000 145000
d 55000 149000
d 101000 27000
d 23000 95000
r 1000 382 135000 125000
d 79000 23000
d 125000 133000
d 85000 21000
r 1400 434 113000 75000
d 53000 89000
d 133000 177000
d 77000 53000
r 1800 391 131000 75000
d 151000 39000
d 93000 117000
d 147000 145000
r 1600 187 171000 17000
d 97000 153000
d 59000 17000
d 33000 139000
r 1000 138 51000 103000
d 107000 141000
d 89000 73000
d 163000 11000
r 1600 218 1000 75000
d 85000 9000
d 55000 103000
d 55000 11000
r 1200 455 101000 117000
d 35000 33000
d 25000 5000
d 9000 125000
r 1000 122 59000 103000
d 63000 49000
d 23000 121000
d 65000 109000
r 1200 412 67000 147000
d 129000 157000
d 63000 95000
d 29000 47000
r 1200 174 51000 71000
d 29000 49000
d 95000 81000
d 41000 145000
r 1600 177 85000 61000
d 137000 3000
d 85000 83000
d 39000 177000
r 1600 460 27000 13000
d 27000 3000
d 81000 159000
d 145000 177000
r 1800 282 173000 107000
d 17000 141000
d 81000 51000
d 47000 97000
r 1400 482 147000 153000
d 147000 7000
d 99000 105000
d 145000 57000
r 1200 470 171000 1000
d 111000 85000
d 47000 173000
d 151000 67000
r 1600 348 149000 175000
d 81000 101000
d 111000 113000
d 49000 95000
r 1000 500 75000 81000
d 127000 97000
d 5000 157000
d 3000 27000
r 1000 213 53000 101000
d 123000 5000
d 81000 77000
d 131000 21000
r 1800 410 89000 143000
d 33000 49000
d 169000 147000
d 77000 3000
r 1200 216 159000 127000
d 65000 157000
d 29000 141000
d 159000 115000
r 1200 119 23000 31000
d 47000 73000
d 3000 115000
d 177000 17000
r 1400 103 103000 5000
d 105000 153000
d 133000 107000
d 145000 85000
r 1800 174 121000 85000
d 151000 175000
d 161000 103000
d 169000 27000
r 1200 428 143000 15000
d 165000 149000
d 121000 27000
d 61000 21000
r 1800 128 101000 39000
d 89000 165000
d 39000 83000
d 31000 163000
r 1400 389 49000 3000
d 157000 51000
d 99000 81000
d 65000 13000
r 1800 104 87000 145000
d 75000 121000
d 85000 1000
d 69000 75000
r 1400 155 175000 143000
d 109000 87000
d 77000 25000
d 131000 1000
r 1200 256 11000 157000
d 49000 3000
d 147000 9000
d 13000 119000
r 1400 435 103000 75000
d 79000 131000
d 35000 85000
d 59000 165000
r 1400 117 81000 73000
d 169000 55000
d 35000 131000
d 5000 89000
r 1400 299 89000 17000
d 91000 87000
d 55000 177000
d 165000 17000
r 1600 358 85000 151000
d 47000 65000
d 27000 59000
d 61000 169000
r 1400 357 29000 9000
d 171000 157000
d 23000 109000
d 109000 35000
r 1800 465 161000 31000
d 31000 127000
d 99000 21000
d 177000 25000
r 1000 151 117000 19000
d 171000 111000
d 59000 65000
d 135000 9000
r 1600 217 57000 55000
d 147000 33000
d 155000 123000
d 7000 5000
r 1200 302 97000 139000
d 19000 131000
d 125000 109000
d 69000 171000
r 1200 442 167000 35000
d 55000 103000
d 135000 5000
d 133000 59000
r 1200 484 107000 153000
d 69000 87000
d 1000 7000
d 177000 33000
r 1400 449 67000 141000
d 123000 43000
d 121000 155000
d 113000 99000
r 1200 430 167000 143000
d 101000 55000
d 41000 59000
d 19000 145000
r 1400 393 83000 95000
d 113000 19000
d 111000 111000
d 177000 13000
r 1000 231 107000 85000
d 29000 153000
d 13000 49000
d 25000 135000
r 1200 281 141000 141000
d 145000 149000
d 11000 117000
d 13000 161000
r 1800 428 7000 75000
d 21000 25000
d 137000 43000
d 73000 57000
r 1200 485 89000 123000
d 167000 99000
d 79000 45000
d 27000 91000
r 1600 253 7000 103000
d 81000 163000
d 51000 57000
d 163000 113000
r 1200 224 105000 125000
d 29000 39000
d 91000 43000
d 135000 37000
r 1600 257 129000 157000
d 129000 47000
d 31000 45000
d 67000 31000
r 1200 252 105000 11000
d 115000 75000
d 1000 101000
d 51000 67000
r 1000 444 41000 89000
d 151000 139000
d 175000 85000
d 83000 119000
r 1600 384 117000 91000
d 39000 101000
d 23000 157000
d 129000 91000
r 1000 446 63000 53000
d 91000 129000
d 81000 169000
d 119000 147000
r 1800 242 63000 81000
d 163000 47000
d 35000 17000
d 101000 55000
r 1400 102 61000 71000
d 127000 77000
d 53000 83000
d 27000 101000
r 1800 365 115000 171000
d 145000 1000
d 141000 169000
d 77000 137000
r 1800 484 115000 9000
d 43000 165000
d 55000 71000
d 65000 119000
r 1400 290 145000 123000
d 85000 87000
d 119000 53000
d 51000 77000
r 1400 297 31000 91000
d 85000 87000
d 135000 161000
d 125000 63000
r 1000 484 27000 153000
d 61000 61000
d 101000 63000
d 11000 21000
r 1600 210 157000 167000
d 15000 157000
d 45000 73000
d 105000 129000
r 1200 322 119000 81000
d 173000 127000
d 51000 141000
d 143000 127000
r 1400 215 75000 109000
d 63000 157000
d 13000 83000
d 141000 61000
r 1000 160 55000 93000
d 145000 95000
d 85000 139000
d 63000 127000
r 1400 147 7000 121000
d 5000 53000
d 21000 33000
d 103000 27000
r 1800 284 1000 47000
d 63000 35000
d 45000 171000
d 31000 153000
r 1200 127 117000 85000
d 37000 131000
d 163000 65000
d 149000 73000
r 1400 230 9000 137000
d 131000 119000
d 75000 7000
d 61000 5000
r 1600 277 131000 105000
d 163000 83000
d 177000 127000
d 45000 91000
r 1800 227 109000 51000
d 105000 127000
d 151000 19000
d 77000 165000
r 1600 172 107000 147000
d 49000 65000
d 175000 11000
d 57000 33000
r 1800 426 35000 117000
d 127000 65000
d 109000 35000
d 21000 107000
r 1600 172 55000 165000
d 157000 165000
d 157000 31000
d 113000 151000
r 1800 169 57000 75000
d 119000 37000
d 7000 161000
d 93000 39000
r 1000 198 91000 59000
d 113000 145000
d 149000 125000
d 39000 1000
r 1000 390 49000 89000
d 121000 143000
d 11000 65000
d 49000 5000
r 1800 179 91000 103000
d 3000 81000
d 109000 173000
d 65000 35000
r 1400 500 97000 159000
d 9000 9000
d 101000 165000
d 173000 171000
r 1800 296 153000 53000
d 107000 13000
d 99000 133000
d 149000 71000
r 1600 391 135000 53000
d 27000 139000
d 39000 171000
d 23000 55000
r 1600 315 15000 135000
d 33000 17000
d 109000 43000
d 175000 135000
r 1000 481 17000 155000
d 21000 111000
d 1000 75000
d 91000 3000
r 1400 454 41000 9000
d 69000 109000
d 7000 77000
d 47000 75000
r 1400 498 95000 111000
d 97000 7000
d 31000 139000
d 161000 103000
r 1000 169 7000 125000
d 79000 177000
d 139000 95000
d 171000 23000
r 1200 477 89000 111000
d 119000 75000
d 161000 33000
d 63000 61000
r 1000 371 101000 135000
d 41000 141000
d 169000 39000
d 75000 69000
r 1600 317 31000 103000
d 163000 7000
d 5000 129000
d 133000 17000
r 1400 483 73000 177000
d 83000 149000
d 7000 31000
d 151000 153000
r 1000 436 171000 61000
d 139000 85000
d 157000 125000
d 101000 15000
r 1200 479 159000 79000
d 115000 131000
d 115000 3000
d 145000 67000
r 1000 186 39000 17000
d 141000 21000
d 87000 25000
d 35000 7000
r 1200 270 95000 79000
d 89000 11000
d 149000 45000
d 109000 55000
r 1600 312 101000 43000
d 83000 61000
d 97000 49000
d 177000 3000
r 1400 216 17000 115000
d 99000 63000
d 127000 173000
d 177000 169000
r 1200 167 35000 35000
d 143000 109000
d 95000 91000
d 19000 105000
r 1400 241 55000 63000
d 59000 97000
d 161000 43000
d 47000 13000
r 1600 108 101000 149000
d 45000 67000
d 59000 103000
d 3000 17000
r 1400 218 55000 43000
d 61000 165000
d 43000 67000
d 139000 89000
r 1000 500 95000 71000
d 105000 29000
d 141000 35000
d 81000 145000
r 1600 310 121000 121000
d 73000 159000
d 71000 57000
d 165000 5000
r 1400 424 89000 61000
d 139000 11000
d 117000 167000
d 87000 5000
r 1800 175 69000 49000
d 83000 15000
d 45000 77000
d 25000 49000
r 1000 448 121000 73000
d 31000 17000
d 109000 115000
d 141000 17000
r 1600 200 27000 119000
d 91000 47000
d 101000 79000
d 37000 161000
r 1400 131 101000 1000
d 53000 19000
d 71000 125000
d 111000 151000
r 1200 178 151000 173000
d 23000 139000
d 15000 19000
d 69000 143000
r 1000 373 99000 47000
d 21000 145000
d 103000 29000
d 65000 159000
r 1400 288 103000 119000
d 107000 79000
d 5000 5000
d 37000 157000
r 1600 445 97000 109000
d 105000 69000
d 113000 143000
d 31000 101000
r 1600 170 49000 93000
d 97000 59000
d 41000 141000
d 57000 45000
r 1400 180 153000 157000
d 41000 105000
d 135000 171000
d 101000 145000
r 1800 202 101000 177000
d 79000 43000
d 85000 7000
d 157000 45000
r 1400 481 39000 59000
d 167000 117000
d 123000 135000
d 71000 125000
r 1000 252 87000 89000
d 81000 43000
d 1000 91000
d 27000 51000
r 1800 345 31000 139000
d 31000 71000
d 87000 149000
d 127000 113000
r 1200 414 133000 147000
d 145000 165000
d 73000 175000
d 29000 131000
r 1000 267 163000 173000
d 111000 27000
d 143000 173000
d 93000 35000
r 1600 278 173000 79000
d 73000 155000
d 171000 115000
d 53000 61000
r 1200 336 99000 79000
d 69000 79000
d 61000 39000
d 125000 1000
r 1600 473 49000 119000
d 153000 77000
d 73000 61000
d 153000 123000
r 1600 304 63000 171000
d 127000 71000
d 163000 173000
d 85000 95000
r 1400 159 111000 147000
d 157000 31000
d 141000 25000
d 39000 9000
r 1200 230 39000 77000
d 167000 49000
d 109000 69000
d 165000 73000
r 1200 421 51000 79000
d 53000 9000
d 43000 127000
d 7000 49000
r 1400 124 155000 105000
d 1000 35000
d 105000 91000
d 163000 127000
r 1600 251 93000 121000
d 123000 159000
d 77000 117000
d 79000 35000
r 1200 371 5000 147000
d 25000 171000
d 131000 89000
d 63000 159000
r 1000 499 79000 109000
d 141000 145000
d 131000 169000
d 43000 133000
r 1200 276 55000 9000
d 123000 31000
d 75000 129000
d 137000 159000
r 1800 495 169000 131000
d 129000 147000
d 147000 35000
d 85000 41000
r 1000 499 147000 17000
d 15000 113000
d 39000 91000
d 83000 157000
r 1000 355 11000 69000
d 59000 157000
d 17000 97000
d 17000 173000
r 1400 156 3000 97000
d 89000 117000
d 137000 71000
d 67000 127000
r 1000 126 45000 125000
d 81000 55000
d 59000 11000
d 83000 47000
r 1200 388 37000 141000
d 11000 89000
d 65000 103000
d 113000 9000
r 1200 412 103000 103000
d 139000 91000
d 171000 169000
d 55000 145000
r 1600 462 89000 115000
d 129000 133000
d 31000 173000
d 89000 159000
r 1600 472 161000 147000
d 3000 27000
d 109000 101000
d 127000 23000
r 1800 283 85000 91000
d 37000 167000
d 177000 125000
d 75000 57000
r 1800 137 47000 101000
d 63000 49000
d 45000 59000
d 31000 139000
r 1400 410 13000 53000
d 123000 165000
d 23000 23000
d 103000 137000
r 1400 492 139000 65000
d 37000 119000
d 99000 45000
d 89000 49000
r 1800 109 81000 177000
d 21000 61000
d 53000 139000
d 65000 149000
r 1200 306 125000 77000
d 79000 171000
d 91000 21000
d 3000 47000
r 1000 320 27000 37000
d 41000 145000
d 79000 165000
d 155000 145000
r 1400 294 19000 139000
d 39000 17000
d 35000 67000
d 169000 29000
r 1800 302 121000 53000
d 111000 97000
d 19000 87000
d 89000 87000
r 1000 321 45000 161000
d 69000 163000
d 9000 81000
d 87000 159000
r 1200 322 111000 139000
d 161000 35000
d 63000 27000
d 49000 109000
r 1000 103 127000 91000
d 75000 87000
d 85000 53000
d 45000 117000
r 1000 441 55000 1000
d 81000 69000
d 17000 11000
d 139000 87000
r 1800 160 107000 171000
d 149000 93000
d 113000 141000
d 113000 5000
r 1800 108 125000 75000
d 149000 57000
d 167000 97000
d 115000 9000
r 1600 174 85000 57000
d 81000 59000
d 149000 139000
d 71000 61000
r 1400 350 27000 95000
d 173000 87000
d 125000 59000
d 127000 151000
r 1400 105 111000 165000
d 63000 19000
d 11000 65000
d 147000 93000
r 1200 467 109000 71000
d 95000 59000
d 119000 119000
d 101000 7000
r 1800 205 111000 7000
d 123000 15000
d 153000 125000
d 11000 113000
r 1200 115 81000 57000
d 85000 127000
d 49000 49000
d 87000 135000
r 1600 494 151000 9000
d 71000 71000
d 75000 99000
d 51000 115000
r 1800 148 151000 139000
d 175000 69000
d 157000 121000
d 33000 125000
r 1800 133 109000 33000
d 147000 21000
d 135000 87000
d 107000 53000
r 1600 248 147000 107000
d 169000 153000
d 143000 127000
d 27000 97000
r 1400 214 117000 45000
d 109000 161000
d 141000 73000
d 149000 131000
r 1600 330 101000 65000
d 173000 65000
d 103000 155000
d 103000 43000
r 1400 247 5000 109000
d 53000 11000
d 119000 167000
d 57000 109000
r 1600 448 77000 141000
d 105000 51000
d 107000 155000
d 55000 153000
r 1200 396 159000 43000
d 117000 45000
d 83000 9000
d 169000 39000
r 1400 359 7000 39000
d 51000 27000
d 129000 61000
d 69000 167000
r 1600 489 129000 45000
d 169000 9000
d 151000 137000
d 35000 143000
r 1200 239 103000 43000
d 97000 41000
d 63000 143000
d 145000 7000
r 1600 167 15000 77000
d 29000 43000
d 143000 153000
d 11000 159000
r 1400 330 77000 39000
d 159000 97000
d 55000 151000
d 121000 61000
r 1000 479 103000 45000
d 127000 101000
d 63000 5000
d 175000 39000
r 1400 202 173000 97000
d 127000 51000
d 131000 37000
d 143000 61000
r 1200 209 61000 101000
d 127000 169000
d 73000 45000
d 97000 23000
r 1000 166 61000 119000
d 163000 59000
d 161000 69000
d 33000 75000
r 1000 118 49000 127000
d 89000 89000
d 149000 155000
d 153000 87000
r 1000 287 73000 55000
d 133000 51000
d 137000 157000
d 137000 155000
r 1000 326 143000 63000
d 37000 15000
d 85000 1000
d 11000 39000
r 1200 342 109000 141000
d 45000 91000
d 75000 163000
d 9000 119000
r 1000 149 83000 165000
d 17000 23000
d 79000 45000
d 145000 19000
r 1200 346 27000 63000
d 163000 131000
d 81000 71000
d 109000 169000
r 1800 333 141000 27000
d 95000 49000
d 127000 175000
d 79000 65000
r 1000 390 15000 155000
d 35000 115000
d 87000 11000
d 39000 39000
r 1200 385 87000 171000
d 73000 7000
d 87000 63000
d 31000 109000
r 1400 388 5000 45000
d 45000 153000
d 113000 23000
d 19000 49000
r 1400 261 145000 97000
d 151000 147000
d 13000 83000
d 123000 77000
r 1800 473 1000 15000
d 141000 61000
d 47000 31000
d 61000 139000
r 1600 136 79000 91000
d 55000 133000
d 85000 19000
d 151000 101000
r 1000 187 139000 29000
d 149000 119000
d 61000 163000
d 85000 149000
r 1800 114 127000 169000
d 117000 107000
d 97000 41000
d 41000 17000
r 1800 451 145000 139000
d 27000 99000
d 63000 173000
d 21000 45000
r 1600 122 129000 15000
d 171000 161000
d 131000 61000
d 41000 95000
r 1200 452 35000 119000
d 9000 37000
d 3000 15000
d 171000 127000
r 1800 493 161000 17000
d 9000 9000
d 145000 115000
d 51000 163000
r 1400 347 173000 53000
d 175000 41000
d 171000 113000
d 7000 29000
r 1600 452 71000 67000
d 145000 101000
d 49000 173000
d 73000 1000
r 1600 151 77000 21000
d 31000 153000
d 133000 119000
d 147000 141000
r 1600 289 169000 23000
d 17000 89000
d 93000 39000
d 123000 25000
r 1600 117 137000 85000
d 111000 127000
d 143000 41000
d 131000 135000
r 1400 216 109000 173000
d 125000 175000
d 27000 143000
d 107000 41000
r 1200 129 35000 85000
d 171000 77000
d 173000 145000
d 33000 101000
r 1400 334 11000 75000
d 151000 157000
d 141000 91000
d 127000 53000
r 1600 321 57000 5000
d 43000 25000
d 157000 13000
d 17000 77000
r 1800 491 11000 167000
d 161000 7000
d 79000 133000
d 167000 67000
r 1200 299 5000 5000
d 43000 17000
d 79000 111000
d 87000 83000
r 1200 500 83000 101000
d 127000 51000
d 45000 145000
d 111000 81000
r 1200 103 49000 131000
d 107000 13000
d 93000 127000
d 33000 157000
r 1600 383 153000 5000
d 135000 99000
d 165000 55000
d 67000 101000
r 1600 451 139000 67000
d 107000 53000
d 175000 23000
d 101000 55000
r 1000 166 21000 157000
d 119000 119000
d 49000 59000
d 129000 147000
r 1200 415 79000 27000
d 47000 173000
d 67000 75000
d 55000 41000
r 1800 246 77000 71000
d 43000 127000
d 111000 37000
d 173000 65000
r 1600 241 123000 167000
d 49000 57000
d 175000 31000
d 89000 111000
r 1000 329 5000 61000
d 173000 121000
d 111000 85000
d 123000 57000
r 1400 321 163000 123000
d 57000 159000
d 147000 9000
d 165000 1000
r 1400 122 155000 141000
d 135000 123000
d 43000 117000
d 41000 3000
r 1600 455 161000 173000
d 101000 157000
d 107000 91000
d 81000 121000
r 1000 251 75000 131000
d 85000 93000
d 27000 49000
d 7000 55000
r 1600 141 79000 61000
d 5000 49000
d 57000 149000
d 123000 77000
r 1600 259 93000 39000
d 163000 11000
d 25000 161000
d 113000 85000
r 1000 142 129000 103000
d 43000 15000
d 35000 11000
d 75000 41000
r 1000 260 89000 167000
d 29000 29000
d 89000 67000
d 101000 21000
r 1800 257 103000 169000
d 131000 119000
d 133000 133000
d 17000 169000
r 1000 226 17000 139000
d 13000 177000
d 49000 13000
d 127000 9000
r 1000 492 149000 55000
d 65000 165000
d 37000 25000
d 151000 165000
r 1200 139 139000 35000
d 83000 79000
d 69000 149000
d 89000 19000
r 1000 312 153000 151000
d 149000 131000
d 37000 53000
d 67000 9000
r 1800 219 25000 29000
d 35000 109000
d 59000 175000
d 161000 31000
r 1000 379 89000 49000
d 83000 39000
d 55000 119000
d 111000 5000
