g 30 30 2000
r 1200 454 43000 25000
d 7000 43000
d 27000 35000
d 35000 31000
r 1800 404 47000 41000
d 25000 47000
d 33000 57000
d 27000 25000
r 1800 243 37000 49000
d 7000 13000
d 41000 41000
d 27000 35000
r 1200 130 29000 39000
d 21000 43000
d 41000 39000
d 17000 27000
r 1600 331 41000 27000
d 39000 5000
d 15000 21000
d 3000 49000
r 1000 118 27000 35000
d 17000 23000
d 9000 35000
d 5000 43000
r 1200 284 5000 33000
d 43000 39000
d 37000 9000
d 3000 19000
r 1400 179 21000 57000
d 3000 39000
d 37000 25000
d 47000 1000
r 1000 430 3000 53000
d 51000 11000
d 47000 31000
d 31000 49000
r 1800 478 1000 15000
d 51000 35000
d 57000 11000
d 9000 19000
r 1800 465 11000 39000
d 29000 21000
d 15000 23000
d 57000 45000
r 1600 350 43000 11000
d 27000 23000
d 35000 15000
d 7000 3000
r 1400 425 23000 41000
d 47000 25000
d 35000 39000
d 15000 13000
r 1800 200 45000 41000
d 7000 31000
d 39000 19000
d 47000 41000
r 1200 118 19000 41000
d 49000 39000
d 49000 19000
d 11000 31000
r 1400 458 11000 11000
d 57000 11000
d 51000 45000
d 37000 35000
r 1400 451 35000 49000
d 31000 19000
d 45000 45000
d 1000 27000
r 1200 128 7000 41000
d 17000 33000
d 49000 25000
d 1000 43000
