g 10 10 2000
r 1800 244 9000 7000
d 5000 7000
d 11000 11000
d 9000 15000
r 1200 122 11000 17000
d 17000 1000
d 17000 13000
d 1000 1000
r 1400 246 3000 1000
d 11000 7000
d 9000 3000
d 15000 17000
r 1800 450 3000 11000
d 17000 3000
d 15000 9000
d 17000 11000
r 1800 383 3000 9000
d 7000 1000
d 17000 15000
d 1000 13000
r 1600 440 3000 15000
d 5000 9000
d 15000 9000
d 11000 15000
r 1800 421 5000 9000
d 1000 15000
d 17000 11000
d 9000 11000
r 1600 261 17000 1000
d 1000 5000
d 7000 13000
d 13000 17000
r 1400 420 13000 5000
d 15000 11000
d 1000 15000
d 5000 13000
r 1000 187 15000 5000
d 7000 1000
d 15000 17000
d 1000 9000
