g 50 50 2000
r 1800 244 93000 61000
d 53000 19000
d 91000 21000
d 27000 71000
r 1200 122 29000 37000
d 3000 23000
d 97000 25000
d 89000 3000
r 1400 246 31000 31000
d 29000 25000
d 83000 61000
d 67000 77000
r 1800 450 37000 75000
d 39000 11000
d 3000 39000
d 45000 61000
r 1800 383 7000 87000
d 45000 89000
d 75000 55000
d 21000 81000
r 1600 440 59000 89000
d 83000 37000
d 95000 91000
d 71000 57000
r 1800 421 31000 61000
d 63000 41000
d 73000 45000
d 69000 9000
r 1600 261 17000 47000
d 69000 77000
d 87000 13000
d 3000 89000
r 1400 420 89000 81000
d 63000 45000
d 5000 57000
d 33000 55000
r 1000 187 97000 39000
d 71000 43000
d 35000 67000
d 97000 21000
r 1400 491 65000 51000
d 3000 11000
d 9000 67000
d 55000 41000
r 1000 287 93000 29000
d 71000 81000
d 73000 85000
d 87000 55000
r 1200 320 35000 25000
d 53000 1000
d 33000 11000
d 55000 61000
r 1600 372 7000 65000
d 1000 43000
d 27000 57000
d 85000 95000
r 1400 497 97000 91000
d 25000 95000
d 73000 51000
d 93000 87000
r 1200 175 25000 41000
d 19000 47000
d 93000 81000
d 13000 27000
r 1200 368 5000 97000
d 27000 31000
d 43000 19000
d 77000 65000
r 1800 441 1000 51000
d 29000 73000
d 3000 89000
d 91000 13000
r 1600 245 19000 37000
d 13000 65000
d 69000 75000
d 27000 89000
r 1800 210 47000 55000
d 81000 93000
d 55000 15000
d 29000 39000
r 1000 309 85000 77000
d 39000 77000
d 59000 35000
d 75000 43000
r 1200 161 19000 47000
d 41000 65000
d 23000 27000
d 5000 85000
r 1200 442 21000 29000
d 67000 41000
d 31000 89000
d 23000 65000
r 1800 432 67000 47000
d 77000 15000
d 47000 85000
d 71000 43000
r 1800 257 1000 79000
d 93000 57000
d 43000 55000
d 3000 67000
r 1600 112 61000 55000
d 19000 55000
d 95000 95000
d 39000 9000
r 1600 173 27000 1000
d 7000 89000
d 85000 59000
d 83000 9000
r 1600 396 29000 75000
d 81000 57000
d 9000 19000
d 39000 43000
r 1200 398 7000 83000
d 69000 5000
d 95000 61000
d 35000 77000
r 1200 362 85000 39000
d 43000 87000
d 59000 37000
d 51000 25000
r 1400 198 21000 53000
d 65000 93000
d 9000 71000
d 89000 37000
r 1600 239 5000 29000
d 33000 13000
d 93000 45000
d 43000 15000
r 1600 142 43000 95000
d 15000 5000
d 41000 95000
d 23000 25000
r 1200 173 5000 47000
d 17000 93000
d 49000 35000
d 33000 95000
r 1200 500 93000 47000
d 17000 57000
d 11000 77000
d 57000 63000
r 1600 325 45000 41000
d 11000 81000
d 29000 97000
d 63000 63000
r 1800 380 69000 27000
d 69000 67000
d 27000 21000
d 59000 75000
r 1200 271 53000 7000
d 33000 5000
d 29000 95000
d 79000 13000
r 1600 447 45000 97000
d 43000 41000
d 21000 85000
d 73000 61000
r 1200 116 51000 1000
d 7000 93000
d 83000 73000
d 81000 51000
r 1200 136 29000 13000
d 45000 73000
d 69000 71000
d 21000 79000
r 1400 408 43000 33000
d 79000 73000
d 15000 81000
d 77000 27000
r 1000 248 81000 57000
d 35000 43000
d 77000 67000
d 39000 31000
r 1600 307 95000 31000
d 89000 83000
d 7000 69000
d 85000 37000
r 1800 427 51000 7000
d 67000 5000
d 47000 29000
d 9000 53000
r 1000 191 75000 9000
d 73000 89000
d 27000 73000
d 83000 43000
r 1000 323 21000 33000
d 71000 55000
d 39000 33000
d 35000 77000
r 1200 338 53000 17000
d 37000 23000
d 27000 97000
d 77000 81000
r 1800 441 19000 13000
d 61000 5000
d 31000 15000
d 19000 43000
r 1800 235 35000 33000
d 83000 43000
d 17000 31000
d 13000 73000
r 1000 325 57000 61000
d 19000 91000
d 61000 53000
d 65000 95000
r 1000 296 77000 13000
d 95000 91000
d 89000 17000
d 43000 5000
r 1200 335 77000 15000
d 29000 67000
d 73000 79000
d 71000 23000
r 1600 297 63000 29000
d 7000 17000
d 41000 55000
d 15000 71000
r 1800 272 37000 29000
d 39000 75000
d 35000 75000
d 37000 95000
r 1600 490 97000 65000
d 91000 77000
d 75000 11000
d 55000 7000
r 1400 446 11000 9000
d 53000 25000
d 69000 65000
d 93000 47000
r 1800 274 71000 95000
d 5000 5000
d 31000 19000
d 71000 19000
r 1000 192 35000 87000
d 27000 37000
d 71000 45000
d 11000 5000
r 1600 348 91000 11000
d 53000 9000
d 93000 41000
d 27000 81000
r 1600 233 95000 87000
d 31000 19000
d 71000 21000
d 55000 85000
r 1600 447 57000 69000
d 51000 27000
d 63000 25000
d 95000 7000
r 1400 149 77000 37000
d 39000 47000
d 65000 11000
d 91000 93000
r 1200 449 93000 91000
d 75000 95000
d 59000 3000
d 89000 31000
r 1000 156 89000 91000
d 41000 45000
d 39000 35000
d 87000 49000
r 1000 105 97000 87000
d 15000 63000
d 75000 75000
d 89000 27000
r 1800 220 61000 51000
d 17000 77000
d 33000 27000
d 15000 97000
r 1400 444 77000 57000
d 17000 93000
d 59000 79000
d 27000 85000
r 1000 331 49000 95000
d 91000 87000
d 13000 25000
d 25000 55000
r 1200 214 19000 27000
d 23000 87000
d 83000 53000
d 3000 81000
r 1600 105 57000 47000
d 81000 69000
d 45000 97000
d 67000 29000
r 1000 430 19000 79000
d 23000 85000
d 79000 59000
d 15000 37000
r 1800 136 29000 5000
d 57000 7000
d 3000 39000
d 17000 27000
r 1800 419 95000 79000
d 35000 29000
d 53000 7000
d 97000 33000
r 1400 410 53000 59000
d 93000 89000
d 57000 15000
d 27000 29000
r 1200 223 77000 5000
d 1000 21000
d 11000 53000
d 33000 9000
r 1000 377 69000 13000
d 45000 1000
d 53000 23000
d 55000 25000
r 1200 454 35000 69000
d 13000 83000
d 91000 25000
d 89000 61000
r 1400 242 15000 67000
d 39000 63000
d 45000 1000
d 59000 83000
r 1400 117 25000 85000
d 55000 83000
d 63000 49000
d 17000 45000
r 1600 205 49000 37000
d 41000 3000
d 87000 29000
d 97000 71000
r 1200 170 17000 65000
d 25000 1000
d 19000 97000
d 37000 57000
r 1000 172 75000 31000
d 87000 79000
d 21000 75000
d 27000 15000
r 1600 376 65000 27000
d 25000 83000
d 33000 1000
d 27000 59000
r 1000 200 27000 63000
d 83000 41000
d 77000 47000
d 9000 43000
r 1000 180 95000 43000
d 29000 15000
d 69000 85000
d 63000 19000
r 1800 197 37000 69000
d 85000 9000
d 79000 5000
d 61000 69000
r 1000 309 89000 97000
d 33000 9000
d 53000 27000
d 85000 43000
r 1000 313 29000 87000
d 7000 19000
d 49000 69000
d 7000 49000
r 1600 354 69000 83000
d 3000 55000
d 27000 11000
d 77000 69000
r 1000 100 23000 13000
d 27000 95000
d 83000 17000
d 25000 1000
r 1400 363 29000 61000
d 31000 3000
d 23000 83000
d 7000 49000
r 1600 180 57000 9000
d 35000 69000
d 7000 45000
d 73000 51000
r 1800 208 93000 73000
d 57000 77000
d 89000 51000
d 97000 35000
r 1200 327 87000 93000
d 19000 21000
d 37000 57000
d 43000 11000
r 1800 263 67000 67000
d 31000 7000
d 45000 45000
d 69000 79000
r 1800 323 59000 75000
d 97000 19000
d 43000 45000
d 63000 71000
r 1800 372 95000 65000
d 77000 51000
d 5000 5000
d 71000 31000
r 1000 172 9000 77000
d 35000 89000
d 95000 29000
d 41000 77000
r 1400 325 17000 1000
d 35000 75000
d 71000 69000
d 47000 23000
r 1400 459 77000 43000
d 27000 35000
d 27000 69000
d 41000 85000
r 1200 279 91000 23000
d 19000 9000
d 31000 37000
d 55000 19000
r 1000 144 27000 5000
d 53000 37000
d 23000 29000
d 89000 1000
r 1800 356 15000 29000
d 23000 61000
d 39000 61000
d 51000 83000
r 1000 431 35000 53000
d 39000 9000
d 1000 67000
d 73000 27000
r 1200 169 29000 73000
d 19000 25000
d 35000 71000
d 3000 1000
r 1000 267 29000 41000
d 53000 41000
d 19000 1000
d 51000 81000
r 1200 464 67000 39000
d 73000 3000
d 47000 35000
d 95000 65000
r 1200 399 69000 39000
d 73000 61000
d 45000 1000
d 55000 85000
r 1400 320 7000 61000
d 65000 65000
d 7000 77000
d 5000 1000
r 1600 372 89000 19000
d 63000 65000
d 57000 39000
d 21000 1000
r 1800 268 69000 93000
d 75000 81000
d 77000 21000
d 79000 55000
r 1400 137 71000 31000
d 79000 95000
d 83000 77000
d 93000 57000
r 1000 241 39000 93000
d 55000 69000
d 73000 27000
d 9000 77000
r 1000 273 75000 1000
d 95000 61000
d 87000 29000
d 57000 1000
r 1400 401 5000 87000
d 49000 31000
d 97000 3000
d 39000 85000
r 1600 233 27000 65000
d 57000 5000
d 31000 53000
d 71000 57000
r 1000 362 23000 51000
d 83000 89000
d 77000 7000
d 21000 21000
r 1800 322 31000 13000
d 7000 19000
d 85000 59000
d 61000 65000
r 1800 218 75000 17000
d 47000 67000
d 87000 59000
d 77000 95000
r 1000 202 19000 73000
d 49000 65000
d 5000 31000
d 71000 39000
r 1400 196 53000 51000
d 31000 75000
d 93000 49000
d 3000 89000
r 1200 378 7000 93000
d 15000 35000
d 85000 11000
d 7000 13000
r 1400 447 91000 83000
d 79000 17000
d 19000 71000
d 97000 59000
r 1800 119 47000 97000
d 57000 63000
d 25000 17000
d 39000 41000
