g 80 80 2000
r 1200 306 91000 69000
d 1000 115000
d 135000 155000
d 109000 73000
r 1600 460 29000 23000
d 15000 53000
d 15000 77000
d 91000 41000
r 1000 144 83000 33000
d 77000 83000
d 11000 147000
d 17000 91000
r 1000 340 79000 13000
d 33000 5000
d 139000 41000
d 145000 43000
r 1600 219 121000 13000
d 49000 127000
d 141000 89000
d 35000 11000
r 1400 299 35000 121000
d 71000 115000
d 15000 129000
d 125000 7000
r 1000 289 131000 93000
d 133000 13000
d 157000 11000
d 67000 29000
r 1200 486 39000 143000
d 131000 63000
d 35000 101000
d 71000 23000
r 1000 128 69000 61000
d 73000 113000
d 135000 91000
d 85000 95000
r 1000 215 133000 55000
d 139000 83000
d 69000 79000
d 91000 25000
r 1800 298 49000 23000
d 49000 65000
d 153000 57000
d 33000 113000
r 1000 473 99000 121000
d 5000 5000
d 17000 91000
d 107000 127000
r 1600 322 99000 117000
d 71000 131000
d 39000 145000
d 61000 31000
r 1000 454 127000 55000
d 69000 57000
d 137000 45000
d 65000 157000
r 1200 238 89000 61000
d 105000 57000
d 49000 103000
d 9000 129000
r 1600 419 153000 157000
d 29000 125000
d 139000 95000
d 103000 75000
r 1200 323 97000 5000
d 107000 77000
d 151000 147000
d 29000 53000
r 1600 262 17000 11000
d 107000 127000
d 55000 17000
d 83000 131000
r 1800 168 109000 39000
d 59000 93000
d 135000 105000
d 21000 145000
r 1000 389 15000 69000
d 107000 143000
d 135000 95000
d 111000 23000
r 1000 298 127000 115000
d 51000 9000
d 15000 29000
d 55000 7000
r 1400 162 145000 41000
d 87000 9000
d 85000 111000
d 125000 61000
r 1000 453 51000 157000
d 63000 125000
d 151000 67000
d 157000 13000
r 1000 257 73000 77000
d 129000 17000
d 21000 83000
d 1000 129000
r 1600 173 137000 93000
d 59000 43000
d 33000 31000
d 63000 59000
r 1600 142 51000 71000
d 35000 49000
d 51000 151000
d 139000 1000
r 1400 288 131000 155000
d 91000 21000
d 157000 91000
d 113000 115000
r 1400 297 137000 131000
d 141000 83000
d 141000 51000
d 77000 101000
r 1800 101 85000 51000
d 119000 87000
d 143000 21000
d 141000 63000
r 1800 340 149000 9000
d 107000 17000
d 109000 9000
d 139000 15000
r 1800 478 137000 125000
d 11000 31000
d 75000 55000
d 143000 17000
r 1600 195 27000 5000
d 3000 147000
d 149000 17000
d 23000 31000
r 1400 295 43000 39000
d 153000 43000
d 129000 37000
d 91000 139000
r 1800 383 87000 83000
d 49000 125000
d 97000 31000
d 123000 105000
r 1600 178 93000 17000
d 103000 23000
d 55000 133000
d 47000 119000
r 1200 431 31000 131000
d 103000 7000
d 5000 147000
d 39000 39000
r 1800 450 85000 139000
d 141000 59000
d 21000 43000
d 5000 53000
r 1200 417 93000 151000
d 89000 117000
d 91000 63000
d 1000 49000
r 1600 294 27000 101000
d 111000 27000
d 155000 63000
d 1000 35000
r 1600 121 11000 115000
d 77000 147000
d 91000 87000
d 71000 147000
r 1800 320 157000 113000
d 39000 135000
d 49000 115000
d 97000 143000
r 1400 456 147000 155000
d 153000 149000
d 137000 129000
d 121000 115000
r 1000 288 75000 1000
d 17000 73000
d 5000 53000
d 39000 153000
r 1400 117 43000 43000
d 157000 87000
d 61000 147000
d 155000 81000
r 1800 207 19000 7000
d 45000 145000
d 103000 123000
d 143000 47000
r 1800 271 135000 131000
d 21000 91000
d 5000 105000
d 93000 67000
r 1000 265 33000 77000
d 79000 51000
d 81000 5000
d 29000 49000
r 1600 273 25000 157000
d 149000 139000
d 131000 49000
d 75000 143000
r 1400 383 89000 85000
d 131000 129000
d 69000 15000
d 81000 155000
r 1200 284 133000 121000
d 13000 31000
d 7000 147000
d 17000 127000
r 1600 262 155000 7000
d 131000 115000
d 29000 59000
d 21000 93000
r 1600 257 13000 71000
d 19000 137000
d 79000 55000
d 61000 117000
r 1200 374 77000 135000
d 9000 55000
d 63000 9000
d 95000 23000
r 1000 223 69000 1000
d 87000 17000
d 79000 111000
d 157000 107000
r 1000 405 87000 17000
d 89000 11000
d 25000 109000
d 27000 145000
r 1000 248 117000 113000
d 115000 145000
d 85000 113000
d 89000 45000
r 1400 441 127000 123000
d 79000 145000
d 67000 23000
d 51000 97000
r 1400 423 141000 109000
d 79000 133000
d 87000 81000
d 13000 77000
r 1600 299 99000 27000
d 35000 21000
d 123000 83000
d 107000 93000
r 1800 106 7000 75000
d 153000 43000
d 127000 77000
d 91000 107000
r 1200 432 145000 7000
d 77000 11000
d 93000 23000
d 81000 69000
r 1200 103 19000 129000
d 99000 27000
d 85000 155000
d 149000 115000
r 1400 303 37000 105000
d 101000 113000
d 157000 129000
d 77000 145000
r 1000 168 57000 77000
d 37000 71000
d 89000 143000
d 33000 61000
r 1800 144 37000 39000
d 17000 99000
d 127000 67000
d 113000 105000
r 1000 415 137000 101000
d 95000 145000
d 29000 7000
d 115000 39000
r 1600 295 109000 141000
d 157000 65000
d 73000 1000
d 55000 37000
r 1400 317 7000 13000
d 145000 143000
d 119000 69000
d 43000 61000
r 1600 409 11000 71000
d 65000 45000
d 91000 119000
d 23000 15000
r 1000 161 145000 9000
d 53000 107000
d 105000 7000
d 51000 73000
r 1600 139 117000 89000
d 83000 11000
d 75000 31000
d 45000 23000
r 1600 265 155000 15000
d 137000 27000
d 73000 37000
d 5000 157000
r 1200 322 9000 17000
d 157000 11000
d 125000 89000
d 137000 65000
r 1800 330 15000 7000
d 133000 143000
d 77000 123000
d 99000 47000
r 1000 499 9000 29000
d 33000 89000
d 27000 83000
d 71000 25000
r 1400 319 39000 81000
d 97000 31000
d 141000 17000
d 93000 75000
r 1000 234 121000 95000
d 151000 67000
d 21000 9000
d 27000 49000
r 1600 327 13000 17000
d 25000 51000
d 43000 87000
d 73000 75000
r 1600 260 49000 89000
d 35000 143000
d 27000 95000
d 151000 113000
r 1400 235 107000 55000
d 89000 5000
d 33000 23000
d 63000 91000
r 1600 465 33000 15000
d 35000 95000
d 5000 77000
d 127000 125000
r 1800 203 71000 79000
d 105000 53000
d 17000 123000
d 79000 7000
r 1800 137 23000 75000
d 103000 87000
d 25000 101000
d 9000 149000
r 1800 191 21000 107000
d 105000 157000
d 11000 81000
d 83000 113000
r 1600 480 23000 21000
d 131000 63000
d 63000 47000
d 149000 37000
r 1200 287 157000 155000
d 151000 133000
d 95000 61000
d 81000 103000
r 1400 481 89000 119000
d 57000 41000
d 3000 65000
d 155000 9000
r 1000 404 59000 75000
d 33000 143000
d 25000 41000
d 1000 31000
r 1400 371 35000 49000
d 79000 73000
d 143000 61000
d 19000 29000
r 1200 162 115000 113000
d 59000 51000
d 97000 153000
d 61000 107000
r 1400 319 101000 51000
d 139000 139000
d 99000 101000
d 57000 13000
r 1800 308 13000 95000
d 155000 93000
d 137000 121000
d 41000 81000
r 1400 397 65000 9000
d 129000 59000
d 89000 125000
d 21000 11000
r 1400 498 67000 103000
d 79000 51000
d 17000 119000
d 31000 21000
r 1000 309 153000 55000
d 95000 65000
d 33000 119000
d 73000 97000
r 1000 425 125000 111000
d 43000 157000
d 9000 27000
d 51000 95000
r 1400 107 145000 49000
d 121000 145000
d 43000 69000
d 135000 35000
r 1200 330 105000 47000
d 81000 141000
d 19000 67000
d 121000 71000
r 1400 264 127000 73000
d 113000 59000
d 97000 49000
d 41000 67000
r 1000 406 105000 17000
d 19000 45000
d 81000 155000
d 119000 11000
r 1800 312 119000 109000
d 21000 151000
d 71000 95000
d 141000 135000
r 1800 382 133000 97000
d 1000 111000
d 39000 123000
d 83000 111000
r 1200 426 119000 15000
d 141000 119000
d 13000 151000
d 105000 149000
r 1400 481 125000 15000
d 45000 143000
d 9000 77000
d 153000 27000
r 1400 417 95000 5000
d 77000 57000
d 95000 31000
d 141000 57000
r 1400 467 89000 83000
d 23000 9000
d 95000 155000
d 91000 119000
r 1400 153 35000 147000
d 73000 59000
d 35000 157000
d 157000 81000
r 1200 268 121000 77000
d 73000 127000
d 145000 153000
d 53000 155000
r 1000 434 125000 97000
d 21000 15000
d 137000 5000
d 33000 17000
r 1000 165 119000 145000
d 75000 35000
d 131000 7000
d 43000 17000
r 1600 172 25000 133000
d 51000 61000
d 15000 129000
d 77000 13000
r 1600 469 71000 5000
d 45000 85000
d 65000 59000
d 139000 155000
r 1200 293 143000 51000
d 105000 37000
d 57000 23000
d 127000 15000
r 1000 345 49000 141000
d 87000 45000
d 127000 67000
d 13000 103000
r 1800 453 145000 59000
d 49000 5000
d 21000 145000
d 77000 63000
r 1400 322 149000 25000
d 93000 23000
d 147000 89000
d 71000 69000
r 1000 387 57000 139000
d 29000 69000
d 45000 127000
d 157000 15000
r 1400 479 155000 91000
d 89000 43000
d 147000 53000
d 157000 71000
r 1400 247 65000 35000
d 133000 61000
d 135000 91000
d 143000 17000
r 1400 228 77000 27000
d 79000 103000
d 35000 61000
d 17000 53000
r 1000 475 99000 13000
d 127000 103000
d 37000 137000
d 63000 139000
r 1600 174 149000 75000
d 43000 119000
d 51000 25000
d 119000 45000
r 1800 494 33000 121000
d 89000 53000
d 157000 115000
d 133000 15000
r 1800 356 69000 109000
d 45000 91000
d 109000 125000
d 71000 85000
r 1000 327 81000 129000
d 43000 97000
d 111000 69000
d 63000 45000
r 1200 385 109000 65000
d 33000 147000
d 83000 145000
d 87000 141000
r 1200 277 51000 63000
d 35000 141000
d 35000 147000
d 1000 25000
r 1400 270 41000 27000
d 155000 137000
d 1000 155000
d 21000 29000
r 1800 424 57000 11000
d 43000 135000
d 153000 105000
d 55000 131000
r 1000 426 73000 71000
d 83000 133000
d 29000 9000
d 87000 13000
r 1400 307 35000 63000
d 37000 151000
d 3000 151000
d 29000 53000
r 1000 271 63000 93000
d 53000 123000
d 59000 29000
d 61000 153000
r 1200 396 43000 117000
d 117000 59000
d 77000 85000
d 99000 81000
r 1000 228 153000 95000
d 103000 105000
d 89000 81000
d 21000 23000
r 1200 442 21000 155000
d 155000 19000
d 51000 151000
d 43000 61000
r 1400 276 37000 33000
d 25000 27000
d 33000 79000
d 85000 17000
r 1600 150 111000 115000
d 121000 23000
d 33000 127000
d 83000 77000
r 1800 454 123000 149000
d 115000 145000
d 93000 135000
d 113000 125000
r 1600 292 129000 3000
d 95000 115000
d 97000 87000
d 137000 93000
r 1800 286 107000 89000
d 57000 153000
d 139000 69000
d 117000 97000
r 1800 110 107000 27000
d 83000 11000
d 23000 133000
d 29000 83000
r 1800 214 21000 133000
d 9000 107000
d 41000 69000
d 153000 151000
r 1800 316 63000 113000
d 87000 75000
d 119000 95000
d 47000 5000
r 1400 348 103000 147000
d 127000 45000
d 37000 81000
d 47000 69000
r 1000 408 25000 115000
d 133000 81000
d 63000 25000
d 97000 79000
r 1400 263 103000 125000
d 39000 51000
d 147000 87000
d 13000 109000
r 1000 339 137000 77000
d 19000 109000
d 45000 51000
d 83000 41000
r 1200 298 133000 95000
d 149000 85000
d 135000 135000
d 53000 17000
r 1800 243 141000 19000
d 139000 101000
d 73000 75000
d 85000 153000
r 1800 168 47000 105000
d 17000 3000
d 111000 41000
d 117000 55000
r 1200 246 125000 107000
d 23000 57000
d 21000 107000
d 47000 73000
r 1600 327 143000 83000
d 149000 55000
d 7000 131000
d 99000 93000
r 1600 491 15000 105000
d 89000 111000
d 151000 109000
d 15000 129000
r 1000 235 115000 153000
d 143000 11000
d 97000 51000
d 79000 15000
r 1000 110 23000 117000
d 79000 69000
d 153000 71000
d 123000 135000
r 1200 491 45000 47000
d 31000 155000
d 79000 157000
d 99000 13000
r 1200 392 83000 149000
d 59000 109000
d 115000 11000
d 79000 125000
r 1000 489 75000 25000
d 143000 17000
d 23000 111000
d 145000 129000
r 1600 279 67000 115000
d 119000 31000
d 13000 97000
d 77000 67000
r 1200 399 75000 143000
d 39000 55000
d 151000 101000
d 143000 83000
r 1200 229 87000 129000
d 21000 97000
d 107000 85000
d 125000 95000
r 1800 135 71000 49000
d 29000 117000
d 31000 15000
d 111000 53000
r 1400 478 7000 81000
d 63000 7000
d 119000 149000
d 3000 149000
r 1800 184 85000 101000
d 21000 83000
d 129000 107000
d 145000 63000
r 1600 362 139000 61000
d 47000 133000
d 15000 121000
d 41000 113000
r 1800 309 53000 115000
d 91000 31000
d 145000 39000
d 41000 1000
r 1600 420 157000 37000
d 31000 71000
d 137000 35000
d 17000 87000
r 1400 253 139000 11000
d 41000 19000
d 9000 115000
d 101000 149000
r 1200 358 5000 139000
d 49000 127000
d 61000 113000
d 71000 5000
r 1200 386 33000 81000
d 31000 79000
d 157000 21000
d 121000 9000
r 1200 200 55000 133000
d 111000 153000
d 91000 5000
d 137000 105000
r 1200 485 13000 133000
d 15000 39000
d 17000 137000
d 119000 133000
r 1000 382 149000 123000
d 71000 137000
d 93000 69000
d 79000 119000
r 1400 434 29000 129000
d 135000 67000
d 131000 141000
d 63000 93000
r 1800 391 97000 103000
d 77000 81000
d 29000 3000
d 23000 33000
r 1600 187 29000 99000
d 39000 23000
d 149000 147000
d 145000 43000
r 1000 138 129000 23000
d 121000 121000
d 145000 157000
d 15000 13000
r 1600 218 49000 91000
d 11000 147000
d 27000 89000
d 23000 109000
r 1200 455 17000 139000
d 19000 47000
d 133000 7000
d 49000 53000
r 1000 122 37000 143000
d 83000 51000
d 27000 61000
d 49000 121000
r 1200 412 107000 151000
d 145000 113000
d 17000 3000
d 11000 7000
r 1200 174 147000 93000
d 25000 41000
d 97000 123000
d 51000 79000
r 1600 177 15000 75000
d 113000 9000
d 59000 47000
d 77000 65000
r 1600 460 107000 125000
d 101000 49000
d 39000 139000
d 17000 131000
r 1800 282 55000 83000
d 47000 75000
d 113000 15000
d 115000 29000
r 1400 482 21000 59000
d 81000 123000
d 103000 85000
d 65000 33000
r 1200 470 137000 127000
d 127000 37000
d 145000 35000
d 41000 125000
r 1600 348 73000 117000
d 113000 107000
d 135000 151000
d 59000 129000
r 1000 500 35000 47000
d 111000 143000
d 19000 27000
d 69000 29000
r 1000 213 77000 17000
d 31000 39000
d 75000 117000
d 127000 31000
r 1800 410 103000 21000
d 1000 89000
d 147000 39000
d 101000 7000
r 1200 216 145000 111000
d 83000 117000
d 149000 71000
d 79000 125000
r 1200 119 1000 121000
d 119000 75000
d 133000 71000
d 45000 121000
r 1400 103 103000 97000
d 19000 147000
d 29000 143000
d 57000 47000
r 1800 174 23000 49000
d 89000 143000
d 65000 7000
d 111000 129000
r 1200 428 117000 39000
d 129000 95000
d 105000 21000
d 151000 13000
r 1800 128 25000 147000
d 143000 51000
d 105000 19000
d 63000 29000
r 1400 389 131000 137000
d 79000 119000
d 105000 77000
d 97000 61000
r 1800 104 11000 57000
d 49000 97000
d 73000 141000
d 15000 37000
r 1400 155 145000 29000
d 127000 109000
d 157000 49000
d 21000 145000
r 1200 256 39000 93000
d 5000 153000
d 17000 23000
d 131000 21000
r 1400 435 5000 81000
d 133000 47000
d 105000 123000
d 67000 91000
r 1400 117 71000 43000
d 71000 55000
d 1000 31000
d 137000 7000
r 1400 299 103000 37000
d 1000 113000
d 85000 135000
d 141000 151000
r 1600 358 17000 73000
d 113000 119000
d 151000 47000
d 143000 129000
r 1400 357 67000 141000
d 93000 107000
d 129000 129000
d 65000 5000
r 1800 465 51000 5000
d 87000 37000
d 45000 133000
d 35000 99000
r 1000 151 99000 87000
d 57000 41000
d 51000 97000
d 81000 115000
r 1600 217 93000 129000
d 25000 123000
d 93000 125000
d 115000 7000
r 1200 302 47000 1000
d 41000 33000
d 31000 37000
d 111000 127000
r 1200 442 139000 1000
d 121000 57000
d 141000 143000
d 15000 77000
r 1200 484 73000 137000
d 23000 107000
d 109000 67000
d 79000 59000
r 1400 449 39000 125000
d 143000 157000
d 129000 125000
d 93000 101000
r 1200 430 91000 29000
d 153000 119000
d 19000 81000
d 111000 141000
r 1400 393 113000 153000
d 55000 133000
d 57000 33000
d 37000 137000
r 1000 231 71000 139000
d 11000 155000
d 91000 27000
d 45000 73000
r 1200 281 39000 53000
d 31000 121000
d 47000 63000
d 111000 141000
r 1800 428 23000 35000
d 21000 111000
d 41000 67000
d 123000 139000
r 1200 485 19000 87000
d 7000 47000
d 49000 89000
d 147000 67000
r 1600 253 27000 17000
d 123000 1000
d 123000 147000
d 153000 51000
r 1200 224 41000 57000
d 121000 119000
d 127000 53000
d 125000 15000
r 1600 257 83000 39000
d 29000 117000
d 157000 69000
d 1000 7000
r 1200 252 113000 47000
d 3000 79000
d 141000 95000
d 17000 47000
r 1000 444 53000 7000
d 85000 1000
d 105000 155000
d 23000 65000
r 1600 384 47000 81000
d 63000 49000
d 43000 53000
d 55000 119000
r 1000 446 21000 141000
d 21000 77000
d 27000 63000
d 33000 127000
r 1800 242 61000 23000
d 133000 7000
d 113000 69000
d 111000 125000
r 1400 102 73000 153000
d 25000 17000
d 155000 119000
d 109000 101000
r 1800 365 97000 113000
d 103000 69000
d 131000 17000
d 131000 23000
r 1800 484 15000 47000
d 59000 145000
d 3000 87000
d 143000 93000
r 1400 290 55000 85000
d 11000 59000
d 79000 111000
d 61000 85000
r 1400 297 103000 25000
d 103000 105000
d 75000 141000
d 91000 51000
r 1000 484 153000 125000
d 145000 63000
d 71000 77000
d 13000 45000
r 1600 210 3000 63000
d 131000 115000
d 101000 19000
d 143000 17000
r 1200 322 73000 1000
d 61000 29000
d 25000 47000
d 35000 37000
r 1400 215 23000 39000
d 99000 53000
d 27000 93000
d 121000 127000
r 1000 160 21000 65000
d 55000 99000
d 57000 47000
d 89000 5000
r 1400 147 31000 89000
d 101000 95000
d 39000 153000
d 121000 45000
r 1800 284 13000 15000
d 71000 29000
d 123000 27000
d 21000 103000
r 1200 127 13000 145000
d 129000 135000
d 41000 27000
d 65000 91000
r 1400 230 101000 63000
d 13000 35000
d 123000 151000
d 107000 157000
r 1600 277 43000 59000
d 113000 75000
d 141000 39000
d 95000 33000
r 1800 227 63000 33000
d 9000 3000
d 119000 75000
d 41000 35000
r 1600 172 59000 29000
d 85000 89000
d 75000 99000
d 63000 43000
r 1800 426 45000 147000
d 9000 105000
d 51000 87000
d 37000 51000
r 1600 172 7000 49000
d 99000 85000
d 121000 5000
d 149000 87000
r 1800 169 17000 133000
d 21000 139000
d 113000 51000
d 153000 137000
r 1000 198 57000 129000
d 35000 95000
d 155000 99000
d 149000 23000
r 1000 390 5000 149000
d 133000 103000
d 153000 47000
d 17000 115000
r 1800 179 35000 55000
d 77000 105000
d 117000 57000
d 151000 37000
r 1400 500 97000 81000
d 97000 101000
d 105000 3000
d 157000 123000
r 1800 296 7000 85000
d 49000 85000
d 23000 5000
d 29000 7000
r 1600 391 33000 135000
d 113000 115000
d 147000 37000
d 145000 65000
r 1600 315 43000 1000
d 29000 45000
d 15000 67000
d 109000 95000
r 1000 481 43000 27000
d 59000 153000
d 99000 107000
d 27000 3000
r 1400 454 139000 49000
d 37000 113000
d 5000 27000
d 31000 83000
r 1400 498 127000 97000
d 141000 119000
d 107000 61000
d 41000 35000
r 1000 169 117000 55000
d 57000 121000
d 103000 113000
d 17000 143000
r 1200 477 81000 3000
d 71000 117000
d 91000 55000
d 3000 135000
r 1000 371 43000 125000
d 73000 9000
d 45000 97000
d 7000 65000
r 1600 317 3000 111000
d 121000 69000
d 87000 57000
d 21000 111000
r 1400 483 121000 23000
d 93000 77000
d 109000 111000
d 31000 121000
r 1000 436 85000 157000
d 149000 121000
d 87000 139000
d 87000 121000
r 1200 479 83000 135000
d 33000 49000
d 101000 33000
d 65000 33000
r 1000 186 69000 157000
d 77000 7000
d 1000 37000
d 129000 83000
r 1200 270 1000 5000
d 81000 111000
d 143000 113000
d 69000 113000
r 1600 312 153000 27000
d 77000 25000
d 103000 157000
d 135000 11000
r 1400 216 109000 95000
d 145000 153000
d 143000 157000
d 17000 55000
r 1200 167 67000 1000
d 97000 27000
d 133000 155000
d 1000 25000
r 1400 241 117000 131000
d 89000 133000
d 5000 7000
d 129000 69000
r 1600 108 25000 107000
d 141000 99000
d 65000 49000
d 71000 79000
r 1400 218 135000 51000
d 51000 83000
d 13000 27000
d 81000 117000
r 1000 500 145000 13000
d 131000 139000
d 45000 137000
d 87000 93000
r 1600 310 49000 101000
d 3000 1000
d 11000 113000
d 139000 47000
r 1400 424 75000 117000
d 79000 93000
d 9000 121000
d 47000 35000
r 1800 175 65000 1000
d 143000 21000
d 155000 53000
d 93000 67000
r 1000 448 65000 103000
d 39000 81000
d 7000 105000
d 101000 155000
r 1600 200 7000 119000
d 149000 67000
d 71000 5000
d 87000 143000
r 1400 131 95000 149000
d 97000 129000
d 135000 107000
d 59000 155000
r 1200 178 131000 31000
d 87000 67000
d 55000 27000
d 87000 99000
r 1000 373 117000 107000
d 17000 81000
d 61000 57000
d 147000 153000
r 1400 288 119000 41000
d 29000 139000
d 73000 17000
d 125000 77000
r 1600 445 101000 151000
d 121000 89000
d 149000 121000
d 25000 143000
r 1600 170 79000 31000
d 121000 27000
d 27000 91000
d 77000 43000
r 1400 180 73000 115000
d 7000 75000
d 125000 11000
d 71000 81000
r 1800 202 127000 91000
d 151000 141000
d 103000 53000
d 69000 97000
r 1400 481 49000 35000
d 3000 95000
d 13000 121000
d 125000 125000
r 1000 252 123000 45000
d 127000 129000
d 33000 79000
d 75000 121000
r 1800 345 25000 19000
d 131000 5000
d 85000 101000
d 101000 11000
r 1200 414 101000 11000
d 123000 107000
d 83000 79000
d 145000 71000
r 1000 267 41000 39000
d 39000 57000
d 137000 147000
d 27000 149000
r 1600 278 53000 83000
d 33000 63000
d 147000 39000
d 1000 45000
r 1200 336 53000 19000
d 129000 59000
d 3000 115000
d 7000 63000
r 1600 473 105000 27000
d 81000 29000
d 55000 27000
d 125000 147000
r 1600 304 93000 37000
d 121000 61000
d 79000 97000
d 23000 149000
r 1400 159 63000 117000
d 119000 131000
d 105000 53000
d 9000 1000
r 1200 230 9000 45000
d 55000 119000
d 89000 49000
d 97000 73000
r 1200 421 7000 53000
d 117000 49000
d 19000 97000
d 23000 137000
r 1400 124 37000 95000
d 87000 21000
d 9000 71000
d 53000 65000
r 1600 251 33000 119000
d 85000 75000
d 87000 53000
d 75000 123000
r 1200 371 1000 49000
d 139000 115000
d 121000 47000
d 125000 121000
r 1000 499 81000 125000
d 69000 133000
d 131000 15000
d 73000 107000
r 1200 276 97000 59000
d 27000 109000
d 79000 117000
d 31000 41000
r 1800 495 101000 65000
d 11000 117000
d 151000 97000
d 155000 33000
r 1000 499 147000 17000
d 137000 87000
d 145000 149000
d 139000 65000
r 1000 355 51000 73000
d 65000 105000
d 117000 109000
d 113000 59000
r 1400 156 1000 17000
d 157000 125000
d 143000 133000
d 5000 121000
r 1000 126 35000 95000
d 45000 157000
d 43000 139000
d 67000 91000
r 1200 388 55000 1000
d 15000 103000
d 61000 39000
d 135000 65000
r 1200 412 81000 87000
d 129000 13000
d 133000 127000
d 145000 89000
r 1600 462 59000 103000
d 47000 5000
d 91000 153000
d 89000 153000
r 1600 472 143000 153000
d 73000 119000
d 129000 103000
d 147000 75000
r 1800 283 101000 5000
d 59000 153000
d 29000 67000
d 59000 111000
r 1800 137 83000 137000
d 65000 145000
d 113000 71000
d 157000 11000
r 1400 410 23000 105000
d 133000 57000
d 89000 25000
d 39000 135000
r 1400 492 33000 97000
d 65000 117000
d 157000 5000
d 135000 141000
r 1800 109 43000 75000
d 143000 119000
d 3000 123000
d 5000 109000
r 1200 306 119000 23000
d 153000 19000
d 91000 121000
d 67000 41000
r 1000 320 91000 67000
d 155000 33000
d 13000 55000
d 107000 117000
r 1400 294 113000 103000
d 157000 99000
d 45000 43000
d 141000 87000
r 1800 302 55000 135000
d 61000 45000
d 5000 47000
d 7000 3000
r 1000 321 149000 109000
d 73000 73000
d 133000 107000
d 129000 81000
r 1200 322 35000 145000
d 135000 95000
d 107000 33000
d 85000 93000
r 1000 103 155000 13000
d 123000 33000
d 33000 85000
d 73000 89000
r 1000 441 149000 43000
d 147000 111000
d 119000 33000
d 53000 47000
r 1800 160 5000 125000
d 13000 113000
d 7000 85000
d 147000 39000
r 1800 108 93000 51000
d 125000 27000
d 103000 131000
d 125000 123000
r 1600 174 155000 3000
d 125000 109000
d 17000 57000
d 17000 107000
r 1400 350 91000 141000
d 13000 129000
d 65000 127000
d 137000 45000
r 1400 105 119000 29000
d 123000 5000
d 87000 63000
d 153000 47000
r 1200 467 45000 39000
d 43000 79000
d 95000 7000
d 119000 39000
r 1800 205 15000 137000
d 51000 149000
d 37000 11000
d 37000 29000
r 1200 115 139000 73000
d 131000 151000
d 109000 141000
d 97000 139000
r 1600 494 127000 13000
d 75000 137000
d 117000 31000
d 131000 67000
r 1800 148 31000 39000
d 113000 103000
d 43000 85000
d 5000 15000
r 1800 133 149000 129000
d 73000 133000
d 61000 95000
d 141000 79000
r 1600 248 21000 57000
d 19000 45000
d 153000 99000
d 109000 139000
r 1400 214 93000 71000
d 9000 141000
d 131000 79000
d 65000 9000
r 1600 330 51000 115000
d 11000 45000
d 137000 27000
d 13000 35000
r 1400 247 9000 59000
d 143000 51000
d 101000 9000
d 19000 131000
r 1600 448 127000 103000
d 151000 101000
d 31000 75000
d 99000 31000
r 1200 396 33000 13000
d 125000 75000
d 151000 117000
d 67000 9000
r 1400 359 147000 103000
d 77000 47000
d 37000 59000
d 35000 27000
r 1600 489 105000 89000
d 39000 93000
d 41000 135000
d 35000 85000
r 1200 239 115000 117000
d 53000 39000
d 83000 105000
d 17000 17000
r 1600 167 129000 101000
d 59000 133000
d 5000 33000
d 3000 117000
r 1400 330 35000 73000
d 69000 129000
d 37000 5000
d 87000 83000
r 1000 479 55000 55000
d 103000 15000
d 3000 127000
d 85000 57000
r 1400 202 35000 7000
d 95000 139000
d 7000 53000
d 123000 41000
r 1200 209 91000 31000
d 31000 77000
d 83000 97000
d 115000 1000
r 1000 166 95000 143000
d 135000 57000
d 101000 47000
d 139000 113000
r 1000 118 105000 127000
d 61000 151000
d 33000 149000
d 27000 17000
r 1000 287 79000 91000
d 33000 127000
d 29000 157000
d 101000 149000
r 1000 326 97000 21000
d 139000 61000
d 107000 13000
d 137000 137000
r 1200 342 89000 149000
d 45000 51000
d 41000 109000
d 117000 67000
r 1000 149 111000 145000
d 155000 27000
d 115000 9000
d 49000 85000
r 1200 346 141000 65000
d 11000 151000
d 145000 101000
d 151000 7000
r 1800 333 41000 25000
d 119000 21000
d 13000 25000
d 9000 47000
r 1000 390 131000 79000
d 101000 105000
d 13000 11000
d 55000 117000
r 1200 385 39000 11000
d 143000 123000
d 79000 67000
d 9000 73000
r 1400 388 49000 139000
d 85000 105000
d 79000 129000
d 85000 35000
r 1400 261 43000 55000
d 41000 79000
d 121000 129000
d 103000 117000
r 1800 473 99000 83000
d 145000 5000
d 69000 145000
d 67000 79000
r 1600 136 45000 9000
d 93000 3000
d 101000 5000
d 7000 7000
r 1000 187 9000 83000
d 57000 91000
d 137000 137000
d 69000 51000
r 1800 114 75000 83000
d 55000 1000
d 5000 147000
d 59000 149000
r 1800 451 25000 83000
d 155000 9000
d 91000 53000
d 15000 155000
r 1600 122 103000 41000
d 37000 23000
d 147000 53000
d 101000 137000
r 1200 452 35000 29000
d 33000 29000
d 107000 59000
d 83000 7000
r 1800 493 67000 59000
d 111000 95000
d 137000 23000
d 3000 109000
r 1400 347 35000 3000
d 111000 101000
d 43000 119000
d 129000 105000
r 1600 452 9000 119000
d 97000 127000
d 155000 85000
d 115000 27000
r 1600 151 135000 5000
d 89000 103000
d 5000 1000
d 61000 85000
r 1600 289 47000 99000
d 139000 27000
d 21000 21000
d 7000 35000
r 1600 117 23000 107000
d 75000 141000
d 75000 133000
d 17000 123000
r 1400 216 83000 51000
d 9000 125000
d 43000 149000
d 27000 147000
r 1200 129 79000 47000
d 85000 141000
d 79000 53000
d 123000 133000
r 1400 334 35000 141000
d 57000 147000
d 133000 93000
d 91000 43000
r 1600 321 77000 69000
d 57000 89000
d 49000 109000
d 147000 57000
r 1800 491 47000 7000
d 99000 23000
d 141000 31000
d 33000 145000
r 1200 299 39000 113000
d 91000 87000
d 129000 157000
d 45000 133000
r 1200 500 61000 31000
d 53000 79000
d 103000 155000
d 27000 103000
r 1200 103 131000 51000
d 103000 25000
d 37000 95000
d 113000 111000
r 1600 383 63000 71000
d 11000 145000
d 107000 145000
d 43000 119000
r 1600 451 47000 15000
d 21000 141000
d 139000 137000
d 85000 33000
r 1000 166 127000 71000
d 151000 59000
d 99000 137000
d 45000 89000
r 1200 415 51000 83000
d 27000 87000
d 79000 107000
d 155000 137000
r 1800 246 75000 141000
d 5000 133000
d 35000 29000
d 111000 21000
r 1600 241 151000 23000
d 99000 93000
d 107000 27000
d 51000 93000
r 1000 329 75000 7000
d 19000 85000
d 55000 123000
d 29000 41000
r 1400 321 9000 41000
d 105000 41000
d 77000 53000
d 55000 131000
r 1400 122 119000 27000
d 35000 113000
d 107000 51000
d 93000 19000
r 1600 455 15000 1000
d 95000 69000
d 123000 93000
d 59000 23000
r 1000 251 1000 79000
d 29000 95000
d 151000 87000
d 153000 5000
r 1600 141 21000 71000
d 93000 53000
d 49000 117000
d 23000 105000
r 1600 259 127000 69000
d 53000 67000
d 101000 89000
d 121000 7000
r 1000 142 59000 73000
d 41000 51000
d 87000 133000
d 139000 99000
r 1000 260 127000 87000
d 111000 75000
d 29000 27000
d 127000 101000
r 1800 257 59000 113000
d 91000 21000
d 37000 77000
d 155000 113000
r 1000 226 71000 85000
d 77000 113000
d 105000 27000
d 71000 123000
r 1000 492 153000 85000
d 123000 13000
d 117000 99000
d 157000 153000
r 1200 139 109000 83000
d 31000 27000
d 123000 3000
d 39000 89000
r 1000 312 27000 87000
d 75000 131000
d 57000 1000
d 41000 123000
r 1800 219 127000 35000
d 71000 117000
d 27000 61000
d 147000 5000
r 1000 379 9000 55000
d 97000 73000
d 149000 71000
d 83000 155000
r 1800 197 49000 63000
d 45000 63000
d 105000 41000
d 145000 89000
r 1800 375 87000 39000
d 21000 23000
d 31000 99000
d 149000 31000
r 1000 306 109000 67000
d 115000 65000
d 85000 93000
d 27000 123000
r 1800 147 137000 143000
d 123000 77000
d 83000 143000
d 39000 97000
r 1800 199 117000 29000
d 3000 103000
d 41000 45000
d 157000 5000
r 1800 168 153000 131000
d 89000 55000
d 15000 93000
d 5000 7000
r 1200 417 113000 97000
d 23000 117000
d 29000 35000
d 115000 67000
r 1800 384 77000 63000
d 153000 93000
d 77000 33000
d 51000 45000
r 1000 433 43000 63000
d 103000 75000
d 3000 157000
d 69000 51000
r 1200 457 155000 107000
d 129000 23000
d 25000 155000
d 127000 139000
r 1600 373 5000 1000
d 151000 139000
d 121000 21000
d 27000 5000
r 1400 186 101000 21000
d 15000 69000
d 17000 33000
d 123000 61000
r 1000 285 53000 121000
d 129000 65000
d 63000 99000
d 157000 131000
r 1200 185 17000 55000
d 73000 17000
d 27000 39000
d 129000 17000
r 1200 128 81000 1000
d 115000 21000
d 155000 9000
d 139000 29000
r 1400 233 153000 39000
d 63000 115000
d 67000 35000
d 31000 131000
r 1000 145 87000 9000
d 107000 25000
d 129000 37000
d 123000 35000
r 1600 446 143000 95000
d 81000 43000
d 93000 135000
d 131000 77000
r 1200 266 79000 103000
d 39000 35000
d 93000 55000
d 75000 93000
r 1400 370 147000 85000
d 151000 71000
d 21000 131000
d 41000 55000
r 1400 337 49000 57000
d 83000 31000
d 59000 49000
d 149000 51000
r 1000 493 63000 11000
d 31000 83000
d 15000 53000
d 17000 53000
r 1800 173 85000 67000
d 57000 129000
d 123000 49000
d 153000 27000
r 1200 354 81000 19000
d 31000 5000
d 23000 9000
d 35000 157000
r 1000 454 3000 53000
d 149000 93000
d 113000 47000
d 139000 105000
r 1800 259 107000 61000
d 27000 33000
d 47000 105000
d 31000 17000
r 1200 288 53000 37000
d 49000 61000
d 155000 141000
d 123000 117000
r 1600 318 49000 75000
d 29000 77000
d 93000 17000
d 115000 27000
r 1800 432 151000 155000
d 89000 75000
d 105000 105000
d 89000 33000
r 1800 300 85000 35000
d 15000 143000
d 83000 155000
d 55000 59000
r 1400 336 149000 53000
d 109000 95000
d 81000 91000
d 69000 55000
r 1600 340 131000 33000
d 17000 23000
d 109000 1000
d 33000 113000
r 1600 444 155000 43000
d 121000 1000
d 101000 87000
d 31000 59000
r 1000 104 65000 41000
d 65000 3000
d 93000 103000
d 27000 47000
r 1600 331 9000 145000
d 47000 109000
d 23000 101000
d 3000 51000
r 1000 194 93000 139000
d 71000 31000
d 133000 91000
d 71000 101000
r 1400 179 109000 93000
d 73000 59000
d 155000 21000
d 111000 69000
r 1000 274 7000 59000
d 5000 75000
d 21000 121000
d 63000 81000
r 1800 286 135000 65000
d 119000 93000
d 55000 115000
d 145000 101000
r 1000 267 11000 107000
d 121000 147000
d 143000 79000
d 85000 51000
r 1600 472 117000 135000
d 145000 93000
d 151000 107000
d 139000 35000
r 1000 203 121000 139000
d 149000 87000
d 35000 93000
d 39000 149000
r 1600 365 21000 145000
d 5000 31000
d 23000 133000
d 79000 65000
r 1600 458 103000 113000
d 13000 29000
d 79000 127000
d 37000 35000
r 1600 146 65000 119000
d 151000 103000
d 25000 111000
d 137000 21000
r 1800 128 17000 65000
d 105000 53000
d 1000 117000
d 49000 127000
r 1600 252 51000 89000
d 3000 91000
d 101000 89000
d 47000 63000
r 1000 281 31000 99000
d 65000 149000
d 93000 123000
d 127000 17000
r 1400 174 3000 45000
d 113000 69000
d 135000 41000
d 71000 111000
r 1800 472 151000 13000
d 39000 13000
d 55000 9000
d 129000 89000
r 1600 297 99000 119000
d 33000 121000
d 117000 119000
d 123000 91000
r 1400 199 1000 7000
d 129000 151000
d 25000 99000
d 75000 21000
r 1600 140 133000 37000
d 69000 5000
d 89000 89000
d 73000 73000
r 1800 484 115000 45000
d 17000 145000
d 101000 71000
d 57000 141000
r 1600 434 93000 49000
d 67000 23000
d 35000 13000
d 47000 43000
r 1600 372 87000 143000
d 31000 135000
d 123000 153000
d 75000 33000
r 1600 191 51000 23000
d 97000 51000
d 29000 15000
d 83000 75000
r 1200 132 81000 13000
d 39000 129000
d 105000 125000
d 117000 37000
r 1000 375 123000 105000
d 85000 45000
d 59000 53000
d 117000 63000
r 1400 388 43000 105000
d 113000 63000
d 131000 99000
d 3000 85000
r 1800 444 95000 59000
d 25000 145000
d 127000 157000
d 63000 151000
r 1800 336 9000 35000
d 75000 45000
d 93000 131000
d 119000 49000
r 1800 345 49000 51000
d 3000 119000
d 137000 157000
d 153000 1000
r 1000 131 71000 19000
d 143000 129000
d 83000 73000
d 57000 121000
r 1600 413 61000 91000
d 23000 65000
d 137000 141000
d 125000 15000
r 1400 418 43000 119000
d 67000 63000
d 17000 19000
d 87000 135000
r 1000 477 117000 19000
d 29000 39000
d 99000 157000
d 133000 25000
r 1600 412 9000 27000
d 27000 33000
d 95000 23000
d 129000 143000
r 1800 217 47000 141000
d 81000 59000
d 81000 133000
d 103000 109000
r 1400 200 31000 69000
d 49000 115000
d 153000 43000
d 157000 133000
r 1800 203 39000 35000
d 85000 97000
d 145000 9000
d 99000 87000
r 1400 243 29000 83000
d 85000 93000
d 37000 85000
d 155000 33000
r 1000 403 53000 79000
d 115000 145000
d 79000 39000
d 155000 111000
r 1000 113 57000 21000
d 115000 145000
d 143000 27000
d 25000 11000
r 1800 358 119000 79000
d 91000 99000
d 75000 145000
d 109000 115000
r 1600 128 71000 13000
d 27000 11000
d 1000 117000
d 71000 153000
r 1000 155 21000 13000
d 79000 41000
d 125000 37000
d 95000 73000
r 1400 310 25000 119000
d 77000 89000
d 25000 33000
d 125000 139000
r 1600 351 81000 47000
d 137000 1000
d 41000 89000
d 135000 37000
r 1600 336 63000 41000
d 85000 157000
d 79000 57000
d 3000 35000
r 1600 364 151000 127000
d 13000 29000
d 149000 131000
d 53000 51000
r 1600 269 77000 51000
d 7000 59000
d 97000 143000
d 81000 27000
r 1200 480 111000 97000
d 97000 89000
d 3000 141000
d 1000 157000
r 1600 361 63000 105000
d 3000 83000
d 117000 19000
d 139000 151000
r 1600 477 49000 131000
d 27000 93000
d 43000 87000
d 39000 51000
r 1000 496 111000 83000
d 13000 121000
d 77000 141000
d 93000 9000
r 1600 191 127000 15000
d 113000 143000
d 99000 135000
d 89000 89000
r 1000 228 89000 131000
d 121000 151000
d 5000 3000
d 125000 53000
r 1800 464 135000 121000
d 17000 133000
d 19000 87000
d 27000 45000
r 1200 139 61000 55000
d 149000 149000
d 131000 9000
d 29000 141000
r 1400 138 97000 55000
d 153000 153000
d 93000 21000
d 3000 77000
r 1800 366 137000 123000
d 89000 19000
d 73000 107000
d 73000 69000
r 1200 135 111000 85000
d 85000 129000
d 141000 93000
d 29000 81000
r 1200 266 77000 49000
d 109000 31000
d 81000 155000
d 141000 37000
r 1600 421 55000 115000
d 71000 5000
d 45000 79000
d 135000 111000
r 1400 152 23000 55000
d 59000 127000
d 125000 107000
d 111000 21000
r 1000 275 89000 135000
d 157000 17000
d 103000 99000
d 47000 141000
r 1600 396 153000 47000
d 95000 93000
d 73000 31000
d 47000 33000
r 1600 354 59000 115000
d 83000 35000
d 71000 121000
d 25000 125000
r 1600 453 23000 123000
d 121000 49000
d 11000 119000
d 13000 55000
r 1200 184 63000 19000
d 113000 15000
d 47000 7000
d 81000 25000
r 1200 272 21000 53000
d 103000 99000
d 147000 43000
d 41000 63000
r 1200 232 27000 143000
d 59000 51000
d 153000 81000
d 81000 91000
r 1000 220 87000 45000
d 143000 37000
d 69000 23000
d 23000 13000
r 1200 102 81000 147000
d 77000 29000
d 111000 25000
d 41000 153000
r 1800 299 63000 95000
d 65000 121000
d 157000 33000
d 37000 83000
r 1200 229 115000 47000
d 109000 147000
d 25000 65000
d 129000 115000
r 1200 197 15000 53000
d 149000 45000
d 157000 31000
d 151000 59000
r 1000 482 101000 9000
d 37000 35000
d 119000 77000
d 95000 129000
r 1800 441 53000 105000
d 39000 27000
d 17000 67000
d 7000 109000
r 1800 151 105000 119000
d 93000 141000
d 15000 1000
d 109000 27000
r 1600 304 3000 49000
d 135000 11000
d 105000 153000
d 115000 59000
r 1400 358 13000 59000
d 129000 101000
d 35000 37000
d 11000 87000
r 1200 430 127000 59000
d 131000 115000
d 121000 65000
d 83000 137000
r 1000 307 87000 151000
d 37000 19000
d 101000 147000
d 53000 73000
r 1400 490 67000 31000
d 5000 69000
d 71000 63000
d 41000 53000
r 1200 126 17000 1000
d 121000 23000
d 47000 123000
d 141000 157000
r 1400 112 15000 33000
d 69000 75000
d 75000 131000
d 75000 109000
r 1600 244 43000 131000
d 25000 153000
d 77000 145000
d 31000 41000
r 1400 423 111000 95000
d 113000 35000
d 85000 85000
d 149000 73000
r 1400 368 101000 97000
d 143000 75000
d 15000 3000
d 57000 87000
r 1000 293 81000 103000
d 3000 67000
d 21000 131000
d 43000 33000
r 1000 277 129000 5000
d 9000 75000
d 149000 17000
d 17000 55000
r 1200 302 93000 59000
d 125000 155000
d 13000 125000
d 17000 83000
r 1200 341 35000 123000
d 109000 3000
d 147000 35000
d 85000 75000
r 1800 228 117000 143000
d 3000 29000
d 61000 137000
d 11000 143000
r 1400 440 131000 1000
d 135000 123000
d 113000 115000
d 117000 99000
r 1000 472 29000 61000
d 115000 93000
d 117000 117000
d 7000 11000
r 1200 450 101000 113000
d 109000 83000
d 119000 119000
d 147000 85000
r 1800 279 23000 97000
d 109000 123000
d 63000 79000
d 85000 11000
r 1400 441 143000 57000
d 147000 111000
d 139000 13000
d 33000 117000
r 1600 158 71000 9000
d 149000 95000
d 137000 65000
d 125000 43000
r 1000 417 133000 3000
d 53000 127000
d 43000 105000
d 47000 101000
r 1200 146 119000 137000
d 95000 121000
d 3000 43000
d 89000 53000
r 1600 377 115000 93000
d 59000 151000
d 143000 71000
d 41000 149000
r 1800 297 67000 41000
d 49000 37000
d 13000 17000
d 107000 111000
r 1000 232 1000 87000
d 5000 155000
d 61000 69000
d 141000 59000
r 1400 447 15000 17000
d 147000 87000
d 147000 127000
d 157000 135000
r 1400 129 11000 157000
d 15000 35000
d 95000 41000
d 75000 153000
r 1000 481 13000 9000
d 87000 133000
d 47000 111000
d 13000 79000
r 1200 464 23000 103000
d 89000 33000
d 137000 157000
d 127000 1000
r 1200 186 99000 127000
d 93000 33000
d 73000 115000
d 125000 67000
r 1000 118 129000 75000
d 75000 101000
d 63000 43000
d 129000 133000
r 1200 497 69000 27000
d 121000 99000
d 27000 9000
d 139000 81000
r 1200 200 97000 99000
d 111000 35000
d 29000 49000
d 9000 53000
r 1800 383 131000 91000
d 83000 19000
d 61000 151000
d 49000 111000
r 1600 459 57000 83000
d 79000 101000
d 37000 133000
d 55000 103000
r 1200 406 125000 59000
d 69000 93000
d 59000 17000
d 45000 49000
r 1000 434 129000 85000
d 9000 107000
d 45000 35000
d 25000 143000
r 1800 223 5000 135000
d 149000 67000
d 91000 1000
d 119000 5000
r 1400 449 151000 107000
d 65000 55000
d 95000 113000
d 43000 47000
r 1000 294 61000 127000
d 137000 85000
d 53000 155000
d 39000 99000
r 1200 134 107000 21000
d 7000 7000
d 131000 53000
d 145000 9000
r 1200 339 93000 107000
d 53000 1000
d 85000 63000
d 157000 19000
r 1600 127 103000 59000
d 91000 113000
d 21000 115000
d 101000 145000
r 1600 500 7000 135000
d 37000 115000
d 45000 25000
d 111000 123000
r 1200 198 123000 97000
d 107000 123000
d 5000 53000
d 55000 103000
r 1400 100 51000 39000
d 67000 111000
d 87000 89000
d 25000 79000
r 1600 408 41000 145000
d 147000 141000
d 89000 125000
d 97000 35000
r 1000 153 153000 7000
d 25000 113000
d 87000 155000
d 109000 99000
r 1800 398 61000 13000
d 151000 1000
d 135000 71000
d 27000 77000
r 1600 465 15000 145000
d 87000 147000
d 45000 97000
d 1000 123000
r 1800 248 83000 13000
d 67000 21000
d 67000 61000
d 115000 95000
r 1400 131 73000 91000
d 55000 81000
d 39000 111000
d 115000 141000
r 1400 362 51000 77000
d 121000 3000
d 111000 131000
d 101000 61000
r 1000 436 117000 103000
d 135000 63000
d 105000 37000
d 9000 69000
r 1800 275 99000 123000
d 101000 119000
d 41000 101000
d 53000 41000
r 1600 103 111000 29000
d 11000 61000
d 129000 157000
d 87000 133000
r 1200 113 15000 141000
d 69000 19000
d 135000 147000
d 29000 125000
r 1800 426 93000 135000
d 111000 55000
d 77000 13000
d 61000 57000
r 1200 262 143000 13000
d 1000 123000
d 129000 85000
d 31000 9000
r 1200 433 143000 39000
d 67000 81000
d 117000 5000
d 153000 93000
r 1600 214 25000 91000
d 57000 19000
d 107000 27000
d 85000 85000
r 1200 193 39000 69000
d 119000 53000
d 25000 67000
d 33000 23000
r 1400 404 75000 67000
d 33000 97000
d 151000 19000
d 79000 137000
r 1000 170 95000 89000
d 117000 79000
d 69000 91000
d 1000 89000
r 1800 370 5000 29000
d 145000 3000
d 89000 13000
d 13000 77000
r 1400 213 153000 57000
d 37000 145000
d 101000 53000
d 109000 93000
r 1800 125 95000 47000
d 63000 127000
d 61000 73000
d 19000 123000
r 1200 436 79000 9000
d 123000 49000
d 47000 121000
d 73000 95000
r 1400 278 25000 23000
d 27000 89000
d 93000 43000
d 67000 55000
r 1200 272 45000 87000
d 141000 125000
d 149000 23000
d 111000 9000
r 1000 398 71000 91000
d 11000 133000
d 139000 5000
d 75000 73000
r 1200 467 135000 75000
d 147000 143000
d 19000 153000
d 7000 97000
r 1200 297 151000 19000
d 45000 69000
d 33000 11000
d 21000 63000
r 1600 491 119000 81000
d 121000 17000
d 97000 135000
d 141000 127000
r 1400 109 51000 133000
d 73000 111000
d 53000 147000
d 121000 127000
r 1400 174 77000 117000
d 131000 99000
d 1000 57000
d 39000 5000
r 1000 390 93000 113000
d 39000 143000
d 109000 5000
d 99000 131000
r 1800 328 91000 7000
d 109000 91000
d 125000 99000
d 33000 127000
r 1800 186 65000 53000
d 49000 143000
d 119000 105000
d 61000 129000
r 1200 428 7000 33000
d 149000 15000
d 47000 113000
d 143000 65000
r 1000 414 9000 51000
d 153000 141000
d 145000 97000
d 137000 57000
r 1400 218 35000 31000
d 79000 113000
d 121000 39000
d 153000 1000
r 1600 117 95000 65000
d 15000 131000
d 9000 139000
d 113000 73000
r 1600 131 155000 113000
d 23000 151000
d 117000 39000
d 63000 89000
r 1200 324 123000 109000
d 115000 5000
d 97000 111000
d 41000 1000
r 1400 204 121000 1000
d 95000 43000
d 81000 149000
d 69000 155000
r 1400 294 91000 45000
d 101000 85000
d 91000 83000
d 115000 1000
r 1000 439 101000 33000
d 39000 31000
d 21000 125000
d 117000 147000
r 1000 279 51000 147000
d 85000 145000
d 31000 23000
d 141000 81000
r 1000 393 1000 41000
d 111000 79000
d 41000 35000
d 23000 21000
r 1000 347 97000 49000
d 51000 7000
d 151000 11000
d 45000 101000
r 1200 373 61000 59000
d 79000 129000
d 27000 135000
d 17000 7000
r 1600 497 5000 41000
d 145000 115000
d 51000 33000
d 115000 87000
r 1200 313 1000 85000
d 59000 121000
d 133000 29000
d 143000 141000
r 1000 198 155000 73000
d 93000 149000
d 83000 89000
d 51000 125000
r 1800 411 43000 143000
d 79000 73000
d 51000 29000
d 145000 67000
r 1600 253 69000 17000
d 11000 67000
d 61000 111000
d 83000 47000
r 1600 229 41000 95000
d 7000 51000
d 115000 67000
d 41000 131000
r 1400 266 25000 17000
d 27000 157000
d 47000 41000
d 21000 155000
r 1200 325 129000 65000
d 55000 85000
d 87000 39000
d 151000 67000
r 1800 304 33000 129000
d 39000 147000
d 35000 83000
d 133000 63000
r 1600 421 25000 89000
d 119000 23000
d 145000 77000
d 49000 107000
r 1000 372 137000 147000
d 87000 83000
d 123000 107000
d 153000 43000
r 1000 455 41000 155000
d 39000 83000
d 91000 67000
d 69000 47000
r 1200 492 153000 97000
d 69000 149000
d 21000 157000
d 63000 115000
r 1400 385 9000 139000
d 141000 5000
d 31000 55000
d 25000 57000
r 1400 360 19000 35000
d 25000 135000
d 27000 107000
d 7000 119000
r 1000 152 57000 45000
d 37000 77000
d 75000 127000
d 33000 65000
r 1200 332 99000 111000
d 3000 93000
d 29000 137000
d 85000 31000
r 1600 104 43000 155000
d 19000 9000
d 129000 133000
d 113000 39000
r 1200 102 133000 5000
d 29000 81000
d 31000 81000
d 79000 151000
r 1400 191 45000 79000
d 113000 87000
d 49000 29000
d 103000 67000
r 1200 360 53000 87000
d 115000 65000
d 43000 77000
d 97000 145000
r 1000 310 55000 33000
d 115000 101000
d 95000 61000
d 141000 101000
r 1000 374 115000 57000
d 113000 7000
d 21000 119000
d 111000 1000
r 1200 382 73000 45000
d 35000 73000
d 135000 139000
d 35000 43000
r 1600 165 63000 107000
d 53000 65000
d 137000 103000
d 13000 121000
r 1200 486 29000 59000
d 61000 7000
d 41000 91000
d 63000 139000
r 1800 228 139000 97000
d 5000 125000
d 149000 141000
d 35000 87000
r 1200 324 139000 135000
d 103000 37000
d 1000 155000
d 63000 35000
r 1400 346 35000 151000
d 145000 79000
d 33000 135000
d 135000 7000
r 1400 135 121000 71000
d 19000 71000
d 67000 55000
d 133000 133000
r 1400 287 45000 131000
d 109000 143000
d 33000 127000
d 111000 63000
