g 70 70 2000
r 1200 306 45000 81000
d 69000 113000
d 131000 15000
d 65000 33000
r 1600 460 87000 121000
d 125000 133000
d 121000 121000
d 107000 87000
r 1000 144 31000 103000
d 19000 7000
d 45000 37000
d 23000 21000
r 1000 340 25000 137000
d 71000 47000
d 127000 129000
d 61000 75000
r 1600 219 75000 95000
d 137000 97000
d 65000 125000
d 5000 67000
r 1400 299 67000 131000
d 77000 113000
d 103000 65000
d 53000 117000
r 1000 289 137000 17000
d 17000 131000
d 19000 23000
d 21000 53000
r 1200 486 9000 39000
d 123000 27000
d 7000 73000
d 85000 37000
r 1000 128 133000 1000
d 121000 107000
d 137000 43000
d 135000 115000
r 1000 215 5000 57000
d 107000 127000
d 121000 117000
d 33000 19000
r 1800 298 63000 47000
d 67000 37000
d 93000 109000
d 137000 113000
r 1000 473 35000 3000
d 9000 51000
d 97000 41000
d 77000 59000
r 1600 322 59000 45000
d 9000 17000
d 75000 121000
d 69000 59000
r 1000 454 53000 29000
d 3000 123000
d 27000 1000
d 55000 85000
r 1200 238 91000 57000
d 35000 85000
d 21000 61000
d 41000 103000
r 1600 419 67000 99000
d 113000 47000
d 15000 133000
d 71000 7000
r 1200 323 39000 133000
d 11000 69000
d 25000 83000
d 137000 23000
r 1600 262 73000 21000
d 109000 115000
d 63000 17000
d 111000 73000
r 1800 168 71000 115000
d 95000 61000
d 73000 65000
d 135000 27000
r 1000 389 91000 115000
d 41000 35000
d 11000 85000
d 67000 75000
r 1000 298 81000 81000
d 105000 121000
d 27000 15000
d 65000 61000
r 1400 162 9000 9000
d 79000 77000
d 79000 63000
d 17000 113000
r 1000 453 43000 67000
d 3000 29000
d 85000 39000
d 111000 15000
r 1000 257 51000 69000
d 97000 109000
d 87000 21000
d 59000 107000
r 1600 173 137000 41000
d 67000 83000
d 87000 55000
d 19000 23000
r 1600 142 89000 9000
d 97000 93000
d 89000 45000
d 71000 15000
r 1400 288 97000 131000
d 89000 111000
d 3000 63000
d 13000 91000
r 1400 297 55000 51000
d 99000 101000
d 53000 127000
d 15000 105000
r 1800 101 59000 119000
d 37000 121000
d 9000 73000
d 55000 49000
r 1800 340 85000 59000
d 77000 93000
d 109000 15000
d 19000 109000
r 1800 478 35000 113000
d 29000 103000
d 65000 119000
d 9000 61000
r 1600 195 127000 87000
d 129000 135000
d 113000 27000
d 75000 105000
r 1400 295 13000 57000
d 35000 71000
d 15000 33000
d 27000 27000
r 1800 383 7000 107000
d 41000 103000
d 17000 53000
d 99000 107000
r 1600 178 63000 39000
d 11000 77000
d 33000 105000
d 49000 13000
r 1200 431 129000 29000
d 77000 135000
d 71000 119000
d 51000 99000
r 1800 450 63000 45000
d 1000 137000
d 129000 81000
d 73000 135000
r 1200 417 21000 95000
d 67000 67000
d 113000 135000
d 103000 131000
r 1600 294 129000 79000
d 41000 127000
d 105000 79000
d 127000 65000
r 1600 121 81000 117000
d 35000 9000
d 15000 27000
d 113000 35000
r 1800 320 109000 107000
d 137000 95000
d 105000 123000
d 129000 133000
r 1400 456 3000 113000
d 27000 95000
d 37000 61000
d 37000 61000
r 1000 288 45000 55000
d 119000 33000
d 63000 83000
d 39000 133000
r 1400 117 117000 27000
d 35000 75000
d 89000 85000
d 5000 85000
r 1800 207 103000 9000
d 17000 1000
d 17000 113000
d 69000 81000
r 1800 271 93000 3000
d 21000 85000
d 121000 69000
d 77000 25000
r 1000 265 73000 15000
d 11000 33000
d 97000 5000
d 39000 39000
r 1600 273 51000 53000
d 29000 77000
d 127000 43000
d 61000 25000
r 1400 383 5000 19000
d 3000 85000
d 43000 119000
d 41000 121000
r 1200 284 63000 117000
d 113000 107000
d 97000 63000
d 69000 3000
r 1600 262 59000 5000
d 7000 43000
d 25000 3000
d 15000 17000
r 1600 257 29000 81000
d 43000 81000
d 61000 17000
d 61000 31000
r 1200 374 49000 95000
d 21000 25000
d 125000 17000
d 115000 13000
r 1000 223 67000 105000
d 117000 127000
d 49000 77000
d 75000 91000
r 1000 405 117000 77000
d 105000 39000
d 63000 87000
d 47000 115000
r 1000 248 127000 97000
d 93000 3000
d 71000 105000
d 61000 55000
r 1400 441 135000 91000
d 83000 113000
d 133000 95000
d 25000 131000
r 1400 423 55000 87000
d 115000 113000
d 135000 95000
d 63000 127000
r 1600 299 121000 95000
d 61000 107000
d 81000 23000
d 105000 71000
r 1800 106 35000 51000
d 45000 5000
d 23000 23000
d 107000 51000
r 1200 432 125000 105000
d 69000 119000
d 77000 55000
d 113000 113000
r 1200 103 79000 109000
d 75000 15000
d 103000 91000
d 111000 77000
r 1400 303 41000 101000
d 11000 131000
d 75000 111000
d 45000 75000
r 1000 168 61000 83000
d 61000 123000
d 19000 129000
d 121000 51000
r 1800 144 127000 91000
d 125000 33000
d 69000 129000
d 41000 45000
r 1000 415 91000 123000
d 43000 49000
d 1000 31000
d 19000 105000
r 1600 295 105000 61000
d 77000 97000
d 9000 25000
d 121000 95000
r 1400 317 123000 29000
d 39000 5000
d 23000 7000
d 63000 75000
r 1600 409 25000 19000
d 125000 121000
d 121000 81000
d 49000 5000
r 1000 161 65000 31000
d 137000 27000
d 29000 79000
d 117000 1000
r 1600 139 15000 27000
d 113000 79000
d 49000 27000
d 15000 105000
r 1600 265 133000 53000
d 97000 13000
d 59000 127000
d 63000 101000
r 1200 322 15000 127000
d 11000 91000
d 59000 43000
d 81000 117000
r 1800 330 53000 113000
d 49000 73000
d 65000 67000
d 119000 49000
r 1000 499 65000 35000
d 21000 45000
d 77000 105000
d 135000 107000
r 1400 319 119000 27000
d 137000 61000
d 39000 29000
d 107000 93000
r 1000 234 23000 23000
d 129000 37000
d 97000 77000
d 109000 59000
r 1600 327 129000 19000
d 129000 67000
d 47000 129000
d 115000 103000
r 1600 260 121000 43000
d 1000 107000
d 37000 75000
d 19000 39000
r 1400 235 71000 29000
d 89000 35000
d 41000 117000
d 63000 93000
r 1600 465 99000 69000
d 73000 107000
d 25000 117000
d 123000 77000
r 1800 203 115000 17000
d 109000 73000
d 23000 73000
d 99000 131000
r 1800 137 39000 85000
d 47000 1000
d 31000 25000
d 123000 61000
r 1800 191 65000 33000
d 137000 83000
d 137000 59000
d 127000 11000
r 1600 480 69000 15000
d 81000 79000
d 63000 71000
d 61000 7000
r 1200 287 37000 125000
d 29000 131000
d 83000 93000
d 73000 113000
r 1400 481 83000 81000
d 125000 115000
d 89000 119000
d 51000 87000
r 1000 404 85000 115000
d 29000 69000
d 21000 109000
d 25000 77000
r 1400 371 41000 103000
d 123000 49000
d 27000 65000
d 21000 51000
r 1200 162 1000 19000
d 19000 21000
d 11000 133000
d 57000 83000
r 1400 319 5000 7000
d 39000 121000
d 73000 65000
d 17000 35000
r 1800 308 129000 9000
d 91000 135000
d 83000 61000
d 25000 49000
r 1400 397 17000 57000
d 55000 107000
d 95000 99000
d 73000 119000
r 1400 498 37000 73000
d 53000 79000
d 59000 93000
d 109000 81000
r 1000 309 137000 83000
d 39000 51000
d 83000 3000
d 99000 131000
r 1000 425 33000 87000
d 21000 7000
d 49000 37000
d 51000 71000
r 1400 107 125000 7000
d 81000 57000
d 105000 63000
d 127000 3000
r 1200 330 35000 103000
d 115000 49000
d 9000 83000
d 85000 51000
r 1400 264 37000 99000
d 61000 21000
d 91000 99000
d 79000 29000
r 1000 406 83000 117000
d 21000 79000
d 59000 89000
d 55000 3000
r 1800 312 77000 121000
d 19000 101000
d 3000 101000
d 111000 107000
r 1800 382 97000 71000
d 31000 17000
d 49000 53000
d 21000 67000
r 1200 426 21000 29000
d 63000 115000
d 51000 89000
d 15000 55000
r 1400 481 101000 35000
d 93000 1000
d 77000 69000
d 107000 123000
r 1400 417 91000 81000
d 127000 97000
d 5000 117000
d 125000 103000
r 1400 467 79000 17000
d 7000 55000
d 27000 63000
d 107000 79000
r 1400 153 121000 39000
d 29000 77000
d 35000 129000
d 81000 35000
r 1200 268 21000 31000
d 79000 5000
d 101000 129000
d 45000 21000
r 1000 434 131000 47000
d 99000 67000
d 113000 15000
d 53000 115000
r 1000 165 13000 95000
d 59000 117000
d 97000 61000
d 121000 35000
r 1600 172 133000 49000
d 25000 31000
d 29000 19000
d 67000 69000
r 1600 469 19000 43000
d 51000 3000
d 5000 1000
d 115000 33000
r 1200 293 19000 83000
d 45000 103000
d 71000 133000
d 87000 49000
r 1000 345 129000 15000
d 117000 5000
d 5000 11000
d 125000 17000
r 1800 453 75000 27000
d 81000 93000
d 77000 105000
d 43000 19000
r 1400 322 99000 63000
d 9000 89000
d 33000 115000
d 95000 41000
r 1000 387 33000 59000
d 63000 119000
d 45000 73000
d 79000 31000
r 1400 479 3000 123000
d 5000 29000
d 113000 129000
d 91000 125000
r 1400 247 63000 91000
d 33000 25000
d 113000 17000
d 137000 21000
r 1400 228 131000 95000
d 123000 137000
d 89000 107000
d 119000 87000
r 1000 475 137000 3000
d 125000 13000
d 43000 129000
d 47000 3000
r 1600 174 79000 69000
d 111000 111000
d 81000 135000
d 23000 123000
r 1800 494 7000 73000
d 67000 95000
d 87000 83000
d 119000 13000
r 1800 356 65000 49000
d 99000 91000
d 65000 45000
d 115000 59000
r 1000 327 89000 127000
d 81000 9000
d 55000 77000
d 125000 121000
r 1200 385 3000 75000
d 119000 43000
d 25000 83000
d 121000 35000
r 1200 277 19000 59000
d 1000 111000
d 107000 25000
d 111000 131000
r 1400 270 107000 33000
d 19000 131000
d 53000 7000
d 13000 5000
r 1800 424 111000 15000
d 127000 137000
d 79000 131000
d 125000 41000
r 1000 426 51000 135000
d 25000 125000
d 65000 45000
d 55000 79000
r 1400 307 41000 109000
d 129000 75000
d 89000 57000
d 17000 111000
r 1000 271 95000 43000
d 89000 79000
d 123000 41000
d 67000 91000
r 1200 396 99000 27000
d 5000 13000
d 89000 61000
d 105000 113000
r 1000 228 53000 89000
d 3000 49000
d 43000 25000
d 53000 37000
r 1200 442 7000 89000
d 117000 21000
d 105000 95000
d 21000 101000
r 1400 276 53000 17000
d 121000 111000
d 87000 67000
d 73000 21000
r 1600 150 83000 1000
d 27000 57000
d 1000 119000
d 3000 39000
r 1800 454 51000 99000
d 109000 131000
d 107000 11000
d 137000 77000
r 1600 292 83000 89000
d 9000 95000
d 35000 133000
d 125000 89000
r 1800 286 73000 39000
d 5000 53000
d 29000 9000
d 45000 21000
r 1800 110 53000 47000
d 67000 69000
d 129000 91000
d 83000 49000
r 1800 214 89000 125000
d 45000 83000
d 83000 83000
d 103000 43000
r 1800 316 117000 91000
d 75000 97000
d 135000 7000
d 115000 85000
r 1400 348 97000 63000
d 129000 125000
d 83000 125000
d 105000 137000
r 1000 408 47000 25000
d 15000 11000
d 31000 95000
d 9000 13000
r 1400 263 109000 21000
d 61000 129000
d 101000 85000
d 115000 127000
r 1000 339 35000 71000
d 33000 109000
d 87000 55000
d 91000 37000
r 1200 298 29000 29000
d 137000 113000
d 77000 1000
d 129000 43000
r 1800 243 53000 35000
d 57000 47000
d 23000 129000
d 35000 61000
r 1800 168 71000 91000
d 85000 57000
d 129000 21000
d 77000 103000
r 1200 246 21000 69000
d 45000 77000
d 49000 35000
d 93000 85000
r 1600 327 37000 81000
d 31000 25000
d 15000 91000
d 121000 89000
r 1600 491 7000 95000
d 23000 45000
d 73000 125000
d 35000 87000
r 1000 235 45000 105000
d 15000 111000
d 119000 121000
d 53000 81000
r 1000 110 107000 103000
d 97000 23000
d 69000 99000
d 31000 33000
r 1200 491 3000 103000
d 31000 27000
d 123000 123000
d 13000 45000
r 1200 392 37000 109000
d 67000 95000
d 125000 59000
d 97000 85000
r 1000 489 93000 51000
d 121000 93000
d 7000 79000
d 41000 67000
r 1600 279 89000 59000
d 135000 15000
d 25000 89000
d 63000 31000
r 1200 399 39000 99000
d 127000 31000
d 47000 35000
d 55000 121000
r 1200 229 115000 97000
d 137000 89000
d 89000 101000
d 115000 129000
r 1800 135 77000 59000
d 131000 107000
d 47000 101000
d 87000 35000
r 1400 478 73000 65000
d 65000 101000
d 137000 57000
d 87000 81000
r 1800 184 117000 95000
d 135000 73000
d 37000 115000
d 29000 63000
r 1600 362 25000 89000
d 33000 41000
d 97000 9000
d 49000 79000
r 1800 309 103000 47000
d 5000 91000
d 95000 109000
d 93000 35000
r 1600 420 25000 55000
d 9000 57000
d 47000 133000
d 45000 85000
r 1400 253 21000 35000
d 31000 61000
d 39000 85000
d 129000 125000
r 1200 358 101000 133000
d 25000 13000
d 17000 91000
d 29000 85000
r 1200 386 33000 99000
d 31000 43000
d 77000 65000
d 53000 117000
r 1200 200 79000 33000
d 61000 83000
d 35000 7000
d 51000 95000
r 1200 485 1000 23000
d 95000 53000
d 77000 57000
d 31000 95000
r 1000 382 19000 57000
d 91000 131000
d 95000 83000
d 15000 79000
r 1400 434 63000 81000
d 11000 37000
d 1000 123000
d 79000 5000
r 1800 391 89000 35000
d 89000 43000
d 73000 33000
d 15000 117000
r 1600 187 75000 71000
d 39000 39000
d 3000 117000
d 9000 109000
r 1000 138 71000 123000
d 115000 25000
d 1000 55000
d 11000 109000
r 1600 218 137000 11000
d 45000 105000
d 129000 119000
d 89000 13000
r 1200 455 75000 21000
d 85000 3000
d 127000 9000
d 41000 19000
r 1000 122 45000 119000
d 73000 21000
d 121000 5000
d 59000 9000
r 1200 412 11000 71000
d 79000 123000
d 39000 125000
d 75000 27000
r 1200 174 133000 63000
d 85000 3000
d 95000 19000
d 135000 17000
r 1600 177 37000 23000
d 45000 133000
d 39000 85000
d 49000 27000
r 1600 460 79000 105000
d 121000 23000
d 27000 67000
d 75000 41000
r 1800 282 33000 41000
d 5000 5000
d 37000 121000
d 75000 55000
r 1400 482 7000 21000
d 53000 41000
d 23000 93000
d 117000 43000
r 1200 470 9000 79000
d 31000 45000
d 61000 59000
d 61000 59000
r 1600 348 19000 41000
d 43000 3000
d 45000 21000
d 63000 3000
r 1000 500 111000 125000
d 25000 63000
d 105000 1000
d 63000 135000
r 1000 213 59000 87000
d 7000 45000
d 7000 125000
d 45000 43000
r 1800 410 51000 51000
d 113000 77000
d 101000 73000
d 73000 135000
r 1200 216 123000 105000
d 75000 35000
d 55000 33000
d 79000 97000
r 1200 119 77000 35000
d 67000 83000
d 35000 119000
d 77000 71000
r 1400 103 95000 117000
d 103000 7000
d 23000 105000
d 13000 27000
r 1800 174 51000 75000
d 115000 123000
d 57000 53000
d 17000 111000
r 1200 428 23000 121000
d 11000 43000
d 107000 77000
d 7000 119000
r 1800 128 15000 83000
d 99000 87000
d 23000 33000
d 27000 135000
r 1400 389 37000 133000
d 21000 135000
d 107000 51000
d 23000 35000
r 1800 104 91000 121000
d 19000 101000
d 99000 3000
d 7000 75000
r 1400 155 77000 113000
d 65000 89000
d 39000 127000
d 95000 53000
r 1200 256 75000 45000
d 83000 101000
d 39000 75000
d 25000 87000
r 1400 435 57000 41000
d 95000 95000
d 11000 137000
d 97000 49000
r 1400 117 103000 29000
d 115000 135000
d 109000 73000
d 99000 101000
r 1400 299 75000 89000
d 77000 19000
d 95000 91000
d 79000 117000
r 1600 358 15000 133000
d 15000 89000
d 63000 127000
d 83000 97000
r 1400 357 3000 43000
d 109000 97000
d 67000 73000
d 35000 37000
r 1800 465 81000 65000
d 45000 23000
d 107000 65000
d 11000 51000
r 1000 151 53000 71000
d 73000 121000
d 105000 111000
d 31000 27000
r 1600 217 111000 89000
d 127000 115000
d 53000 107000
d 31000 73000
r 1200 302 59000 35000
d 5000 125000
d 117000 95000
d 131000 85000
r 1200 442 29000 25000
d 69000 99000
d 7000 125000
d 123000 57000
r 1200 484 107000 55000
d 69000 61000
d 87000 59000
d 69000 79000
r 1400 449 99000 7000
d 9000 81000
d 119000 17000
d 109000 9000
r 1200 430 113000 91000
d 23000 87000
d 87000 103000
d 123000 55000
r 1400 393 67000 89000
d 43000 131000
d 67000 135000
d 35000 23000
r 1000 231 19000 85000
d 125000 39000
d 23000 65000
d 1000 83000
r 1200 281 1000 11000
d 121000 91000
d 47000 17000
d 61000 35000
r 1800 428 55000 103000
d 55000 71000
d 71000 61000
d 71000 103000
r 1200 485 29000 117000
d 1000 95000
d 57000 129000
d 87000 57000
r 1600 253 127000 19000
d 37000 99000
d 39000 107000
d 101000 21000
r 1200 224 55000 1000
d 81000 47000
d 87000 27000
d 71000 49000
r 1600 257 79000 73000
d 19000 109000
d 45000 135000
d 45000 119000
r 1200 252 101000 11000
d 55000 51000
d 111000 135000
d 13000 91000
r 1000 444 83000 109000
d 57000 41000
d 15000 69000
d 103000 81000
r 1600 384 65000 73000
d 113000 11000
d 9000 37000
d 57000 93000
r 1000 446 133000 69000
d 21000 19000
d 81000 83000
d 105000 91000
r 1800 242 77000 89000
d 31000 17000
d 13000 25000
d 31000 19000
r 1400 102 79000 15000
d 41000 105000
d 107000 67000
d 137000 87000
r 1800 365 129000 5000
d 27000 99000
d 109000 77000
d 85000 79000
r 1800 484 67000 47000
d 55000 113000
d 109000 35000
d 127000 7000
r 1400 290 31000 69000
d 119000 27000
d 77000 95000
d 135000 99000
r 1400 297 1000 101000
d 91000 135000
d 105000 103000
d 135000 1000
r 1000 484 109000 1000
d 9000 69000
d 31000 21000
d 15000 23000
r 1600 210 95000 101000
d 131000 25000
d 49000 5000
d 43000 103000
r 1200 322 93000 43000
d 51000 33000
d 115000 91000
d 33000 101000
r 1400 215 79000 29000
d 1000 53000
d 99000 89000
d 25000 103000
r 1000 160 95000 21000
d 7000 15000
d 7000 121000
d 35000 29000
r 1400 147 131000 9000
d 91000 121000
d 93000 29000
d 29000 57000
r 1800 284 123000 13000
d 129000 105000
d 27000 87000
d 73000 37000
r 1200 127 31000 15000
d 3000 87000
d 15000 9000
d 19000 117000
r 1400 230 15000 119000
d 125000 119000
d 23000 121000
d 43000 125000
r 1600 277 117000 97000
d 115000 123000
d 105000 49000
d 105000 113000
r 1800 227 75000 135000
d 19000 127000
d 69000 45000
d 107000 51000
r 1600 172 9000 129000
d 11000 87000
d 111000 99000
d 69000 67000
r 1800 426 23000 111000
d 93000 123000
d 41000 57000
d 7000 117000
r 1600 172 99000 137000
d 13000 117000
d 85000 43000
d 73000 81000
r 1800 169 49000 45000
d 99000 69000
d 115000 63000
d 19000 87000
r 1000 198 109000 101000
d 101000 101000
d 1000 67000
d 49000 15000
r 1000 390 97000 33000
d 65000 119000
d 41000 65000
d 47000 85000
r 1800 179 57000 115000
d 61000 95000
d 31000 39000
d 9000 103000
r 1400 500 133000 15000
d 1000 93000
d 87000 105000
d 101000 95000
r 1800 296 39000 105000
d 13000 47000
d 15000 73000
d 83000 17000
r 1600 391 123000 3000
d 111000 29000
d 3000 7000
d 93000 93000
r 1600 315 133000 13000
d 113000 85000
d 9000 83000
d 89000 61000
r 1000 481 133000 17000
d 13000 1000
d 11000 67000
d 105000 9000
r 1400 454 11000 77000
d 103000 83000
d 57000 125000
d 17000 77000
r 1400 498 113000 43000
d 39000 133000
d 125000 55000
d 99000 71000
r 1000 169 63000 31000
d 105000 137000
d 9000 117000
d 77000 93000
r 1200 477 97000 41000
d 35000 69000
d 67000 71000
d 113000 95000
r 1000 371 111000 77000
d 9000 37000
d 135000 127000
d 69000 107000
r 1600 317 103000 65000
d 15000 113000
d 51000 47000
d 21000 131000
r 1400 483 7000 113000
d 23000 75000
d 79000 73000
d 5000 73000
r 1000 436 1000 37000
d 29000 121000
d 137000 63000
d 11000 41000
r 1200 479 103000 21000
d 117000 125000
d 83000 47000
d 101000 81000
r 1000 186 51000 133000
d 121000 25000
d 21000 57000
d 101000 35000
r 1200 270 55000 53000
d 19000 121000
d 91000 135000
d 81000 67000
r 1600 312 99000 121000
d 35000 59000
d 67000 121000
d 111000 73000
r 1400 216 133000 9000
d 123000 115000
d 69000 137000
d 33000 123000
r 1200 167 85000 3000
d 103000 5000
d 73000 113000
d 41000 63000
r 1400 241 31000 79000
d 59000 87000
d 75000 33000
d 121000 13000
r 1600 108 99000 83000
d 129000 117000
d 125000 63000
d 71000 45000
r 1400 218 63000 75000
d 81000 27000
d 33000 85000
d 31000 31000
r 1000 500 49000 55000
d 63000 25000
d 5000 131000
d 43000 95000
r 1600 310 85000 111000
d 65000 91000
d 57000 41000
d 119000 125000
r 1400 424 61000 65000
d 95000 77000
d 47000 11000
d 119000 95000
r 1800 175 19000 21000
d 79000 107000
d 113000 55000
d 41000 71000
r 1000 448 99000 39000
d 125000 115000
d 1000 21000
d 105000 93000
r 1600 200 133000 73000
d 127000 45000
d 75000 67000
d 65000 111000
r 1400 131 109000 85000
d 65000 13000
d 135000 61000
d 15000 125000
r 1200 178 11000 109000
d 101000 5000
d 23000 85000
d 3000 91000
r 1000 373 97000 35000
d 135000 111000
d 39000 101000
d 97000 19000
r 1400 288 119000 129000
d 33000 61000
d 89000 75000
d 123000 55000
r 1600 445 81000 37000
d 13000 95000
d 87000 125000
d 51000 81000
r 1600 170 53000 23000
d 41000 133000
d 57000 19000
d 103000 99000
r 1400 180 131000 133000
d 85000 73000
d 105000 67000
d 61000 19000
r 1800 202 129000 57000
d 125000 31000
d 13000 99000
d 91000 9000
r 1400 481 99000 131000
d 79000 33000
d 29000 115000
d 85000 15000
r 1000 252 35000 59000
d 97000 133000
d 55000 9000
d 137000 23000
r 1800 345 51000 115000
d 29000 95000
d 123000 33000
d 17000 83000
r 1200 414 15000 25000
d 71000 75000
d 85000 63000
d 133000 65000
r 1000 267 83000 27000
d 25000 113000
d 21000 91000
d 91000 83000
r 1600 278 83000 79000
d 61000 75000
d 63000 103000
d 57000 35000
r 1200 336 5000 103000
d 83000 101000
d 95000 63000
d 87000 69000
r 1600 473 3000 23000
d 135000 1000
d 91000 117000
d 123000 137000
r 1600 304 15000 113000
d 1000 13000
d 135000 15000
d 29000 13000
r 1400 159 5000 15000
d 17000 49000
d 93000 33000
d 11000 109000
r 1200 230 41000 73000
d 65000 21000
d 85000 85000
d 131000 59000
r 1200 421 27000 79000
d 65000 115000
d 105000 69000
d 13000 93000
r 1400 124 41000 83000
d 83000 11000
d 135000 137000
d 41000 57000
r 1600 251 97000 101000
d 89000 91000
d 97000 13000
d 87000 133000
r 1200 371 71000 31000
d 25000 77000
d 129000 9000
d 59000 95000
r 1000 499 81000 59000
d 21000 129000
d 133000 89000
d 19000 85000
r 1200 276 85000 55000
d 41000 3000
d 43000 59000
d 21000 7000
r 1800 495 7000 15000
d 25000 123000
d 105000 57000
d 63000 3000
r 1000 499 137000 5000
d 67000 41000
d 83000 135000
d 47000 133000
r 1000 355 77000 41000
d 47000 23000
d 33000 13000
d 109000 91000
r 1400 156 5000 37000
d 97000 89000
d 47000 29000
d 67000 15000
r 1000 126 87000 23000
d 125000 87000
d 125000 131000
d 57000 81000
r 1200 388 47000 65000
d 3000 119000
d 91000 3000
d 17000 45000
r 1200 412 35000 121000
d 105000 131000
d 47000 41000
d 109000 105000
r 1600 462 11000 17000
d 93000 47000
d 5000 69000
d 29000 79000
r 1600 472 65000 75000
d 81000 119000
d 57000 67000
d 59000 71000
r 1800 283 85000 87000
d 103000 27000
d 69000 45000
d 83000 123000
r 1800 137 85000 123000
d 95000 69000
d 77000 13000
d 59000 97000
r 1400 410 93000 91000
d 53000 109000
d 93000 43000
d 55000 133000
r 1400 492 59000 49000
d 77000 131000
d 91000 53000
d 127000 95000
r 1800 109 65000 131000
d 15000 39000
d 87000 83000
d 31000 45000
r 1200 306 49000 7000
d 125000 11000
d 15000 3000
d 71000 53000
r 1000 320 81000 25000
d 89000 85000
d 137000 69000
d 119000 99000
r 1400 294 135000 27000
d 117000 111000
d 43000 79000
d 13000 95000
r 1800 302 111000 99000
d 99000 5000
d 61000 87000
d 107000 115000
r 1000 321 101000 89000
d 87000 19000
d 117000 99000
d 41000 67000
r 1200 322 67000 127000
d 125000 77000
d 73000 101000
d 3000 97000
r 1000 103 105000 49000
d 11000 113000
d 27000 7000
d 15000 45000
r 1000 441 59000 7000
d 5000 53000
d 59000 3000
d 93000 137000
r 1800 160 85000 69000
d 105000 133000
d 125000 1000
d 63000 93000
r 1800 108 71000 87000
d 131000 17000
d 103000 23000
d 59000 43000
r 1600 174 3000 137000
d 129000 69000
d 115000 55000
d 15000 35000
r 1400 350 69000 31000
d 103000 19000
d 29000 21000
d 79000 97000
r 1400 105 79000 13000
d 119000 111000
d 133000 119000
d 95000 73000
r 1200 467 97000 31000
d 23000 43000
d 87000 17000
d 7000 33000
r 1800 205 83000 3000
d 53000 95000
d 59000 107000
d 65000 129000
r 1200 115 5000 29000
d 13000 117000
d 97000 63000
d 25000 31000
r 1600 494 45000 75000
d 111000 37000
d 111000 79000
d 5000 121000
r 1800 148 17000 93000
d 115000 135000
d 105000 69000
d 31000 81000
r 1800 133 29000 97000
d 49000 93000
d 33000 23000
d 47000 67000
r 1600 248 79000 45000
d 29000 101000
d 35000 39000
d 27000 29000
r 1400 214 117000 13000
d 41000 99000
d 117000 95000
d 43000 61000
r 1600 330 5000 11000
d 89000 101000
d 19000 11000
d 135000 105000
r 1400 247 115000 135000
d 109000 73000
d 81000 77000
d 113000 135000
r 1600 448 111000 23000
d 25000 39000
d 85000 89000
d 75000 17000
r 1200 396 27000 111000
d 21000 83000
d 27000 113000
d 105000 129000
r 1400 359 107000 63000
d 87000 77000
d 123000 77000
d 3000 95000
r 1600 489 121000 99000
d 119000 91000
d 43000 131000
d 75000 17000
r 1200 239 19000 87000
d 67000 69000
d 113000 51000
d 81000 63000
r 1600 167 71000 67000
d 131000 21000
d 17000 5000
d 123000 49000
r 1400 330 23000 3000
d 93000 67000
d 31000 11000
d 25000 95000
r 1000 479 73000 33000
d 15000 15000
d 121000 39000
d 93000 83000
r 1400 202 85000 35000
d 117000 55000
d 59000 71000
d 27000 121000
r 1200 209 131000 75000
d 5000 105000
d 31000 111000
d 29000 131000
r 1000 166 35000 115000
d 125000 49000
d 65000 117000
d 15000 21000
r 1000 118 113000 53000
d 95000 97000
d 137000 113000
d 23000 59000
r 1000 287 71000 81000
d 125000 103000
d 31000 51000
d 53000 111000
r 1000 326 29000 47000
d 119000 93000
d 125000 115000
d 117000 83000
r 1200 342 101000 29000
d 37000 85000
d 59000 119000
d 3000 81000
r 1000 149 39000 19000
d 95000 93000
d 7000 125000
d 65000 111000
r 1200 346 105000 115000
d 1000 15000
d 85000 35000
d 59000 65000
r 1800 333 123000 1000
d 63000 35000
d 31000 41000
d 71000 49000
r 1000 390 37000 113000
d 23000 9000
d 7000 15000
d 59000 115000
r 1200 385 47000 95000
d 77000 73000
d 115000 129000
d 95000 41000
r 1400 388 93000 21000
d 77000 13000
d 97000 31000
d 113000 67000
r 1400 261 103000 119000
d 37000 9000
d 103000 77000
d 57000 137000
r 1800 473 119000 117000
d 95000 99000
d 7000 73000
d 119000 7000
r 1600 136 99000 89000
d 61000 61000
d 115000 75000
d 99000 49000
r 1000 187 3000 55000
d 91000 85000
d 135000 127000
d 31000 91000
r 1800 114 55000 13000
d 127000 19000
d 41000 37000
d 41000 81000
r 1800 451 53000 129000
d 43000 59000
d 87000 113000
d 105000 7000
r 1600 122 103000 27000
d 91000 39000
d 97000 71000
d 89000 25000
r 1200 452 135000 97000
d 37000 25000
d 35000 33000
d 83000 109000
r 1800 493 45000 7000
d 35000 67000
d 17000 9000
d 129000 69000
r 1400 347 133000 5000
d 39000 33000
d 137000 47000
d 19000 85000
r 1600 452 57000 101000
d 17000 129000
d 89000 109000
d 59000 13000
r 1600 151 137000 111000
d 13000 13000
d 135000 133000
d 83000 115000
r 1600 289 23000 37000
d 135000 127000
d 111000 125000
d 137000 13000
r 1600 117 91000 73000
d 87000 29000
d 93000 53000
d 71000 63000
r 1400 216 53000 1000
d 135000 23000
d 129000 5000
d 115000 79000
r 1200 129 67000 125000
d 65000 15000
d 49000 27000
d 121000 3000
r 1400 334 71000 21000
d 61000 71000
d 7000 107000
d 137000 67000
r 1600 321 123000 87000
d 11000 1000
d 93000 27000
d 43000 17000
r 1800 491 103000 123000
d 93000 23000
d 83000 1000
d 105000 27000
r 1200 299 133000 33000
d 45000 89000
d 41000 97000
d 113000 47000
r 1200 500 131000 73000
d 81000 31000
d 21000 33000
d 131000 67000
r 1200 103 33000 75000
d 119000 7000
d 97000 51000
d 49000 105000
r 1600 383 121000 51000
d 65000 123000
d 1000 63000
d 105000 133000
r 1600 451 91000 37000
d 87000 67000
d 35000 29000
d 125000 137000
r 1000 166 67000 67000
d 53000 81000
d 117000 57000
d 31000 39000
r 1200 415 123000 57000
d 45000 7000
d 35000 117000
d 25000 47000
r 1800 246 123000 121000
d 125000 99000
d 59000 21000
d 45000 99000
r 1600 241 75000 17000
d 39000 85000
d 79000 5000
d 103000 13000
r 1000 329 27000 63000
d 133000 73000
d 111000 11000
d 39000 89000
r 1400 321 75000 101000
d 17000 5000
d 95000 81000
d 3000 95000
r 1400 122 77000 13000
d 37000 73000
d 15000 5000
d 25000 97000
r 1600 455 37000 35000
d 41000 131000
d 21000 103000
d 61000 57000
r 1000 251 95000 81000
d 123000 83000
d 81000 49000
d 63000 57000
r 1600 141 77000 111000
d 55000 125000
d 9000 67000
d 1000 89000
r 1600 259 35000 107000
d 45000 137000
d 77000 117000
d 29000 79000
r 1000 142 37000 105000
d 113000 55000
d 31000 105000
d 83000 93000
r 1000 260 23000 133000
d 19000 11000
d 99000 11000
d 55000 63000
r 1800 257 53000 25000
d 71000 23000
d 11000 79000
d 85000 81000
r 1000 226 11000 75000
d 75000 5000
d 71000 27000
d 77000 55000
r 1000 492 19000 99000
d 133000 53000
d 81000 77000
d 33000 25000
r 1200 139 27000 123000
d 47000 5000
d 131000 57000
d 137000 25000
r 1000 312 69000 103000
d 27000 111000
d 97000 13000
d 65000 131000
r 1800 219 67000 119000
d 63000 45000
d 107000 111000
d 41000 21000
r 1000 379 113000 25000
d 35000 137000
d 63000 113000
d 99000 37000
r 1800 197 135000 57000
d 137000 111000
d 69000 1000
d 93000 135000
r 1800 375 11000 45000
d 137000 47000
d 7000 37000
d 83000 47000
r 1000 306 107000 57000
d 111000 125000
d 59000 37000
d 31000 45000
r 1800 147 95000 71000
d 31000 39000
d 47000 35000
d 123000 115000
r 1800 199 33000 63000
d 33000 85000
d 121000 1000
d 95000 77000
r 1800 168 65000 133000
d 123000 29000
d 49000 23000
d 35000 137000
r 1200 417 3000 65000
d 85000 37000
d 5000 75000
d 107000 7000
r 1800 384 41000 45000
d 93000 103000
d 65000 113000
d 99000 93000
r 1000 433 45000 11000
d 87000 99000
d 75000 131000
d 13000 35000
r 1200 457 113000 137000
d 125000 61000
d 119000 55000
d 81000 77000
r 1600 373 67000 33000
d 59000 93000
d 89000 127000
d 1000 73000
r 1400 186 53000 67000
d 81000 91000
d 129000 119000
d 19000 21000
r 1000 285 59000 57000
d 43000 39000
d 33000 17000
d 83000 115000
r 1200 185 73000 137000
d 71000 47000
d 61000 29000
d 101000 135000
r 1200 128 83000 17000
d 67000 21000
d 109000 29000
d 109000 31000
r 1400 233 27000 115000
d 81000 123000
d 61000 103000
d 75000 85000
r 1000 145 103000 133000
d 117000 21000
d 71000 15000
d 83000 35000
r 1600 446 33000 9000
d 55000 51000
d 89000 95000
d 51000 81000
r 1200 266 131000 31000
d 107000 129000
d 21000 93000
d 125000 49000
r 1400 370 117000 131000
d 125000 97000
d 3000 113000
d 21000 61000
r 1400 337 137000 87000
d 137000 9000
d 103000 131000
d 69000 29000
r 1000 493 133000 87000
d 37000 49000
d 11000 75000
d 81000 137000
r 1800 173 23000 59000
d 127000 103000
d 3000 109000
d 97000 89000
r 1200 354 29000 49000
d 77000 57000
d 45000 107000
d 109000 67000
r 1000 454 91000 3000
d 27000 59000
d 11000 129000
d 119000 39000
r 1800 259 127000 55000
d 129000 33000
d 113000 21000
d 19000 75000
r 1200 288 91000 19000
d 109000 105000
d 61000 121000
d 69000 125000
r 1600 318 121000 119000
d 53000 1000
d 129000 23000
d 109000 41000
r 1800 432 109000 97000
d 95000 103000
d 69000 63000
d 35000 95000
r 1800 300 23000 87000
d 109000 61000
d 99000 49000
d 5000 39000
r 1400 336 121000 67000
d 115000 49000
d 105000 7000
d 33000 25000
r 1600 340 67000 21000
d 115000 57000
d 65000 57000
d 77000 3000
r 1600 444 131000 23000
d 87000 37000
d 109000 109000
d 13000 121000
r 1000 104 3000 135000
d 109000 61000
d 91000 113000
d 35000 53000
r 1600 331 41000 85000
d 125000 19000
d 85000 129000
d 67000 99000
r 1000 194 87000 61000
d 127000 69000
d 89000 77000
d 125000 123000
r 1400 179 41000 111000
d 129000 109000
d 121000 13000
d 33000 39000
r 1000 274 95000 23000
d 37000 93000
d 73000 91000
d 35000 45000
r 1800 286 39000 51000
d 11000 21000
d 75000 15000
d 79000 77000
r 1000 267 37000 15000
d 85000 25000
d 117000 79000
d 119000 21000
r 1600 472 123000 135000
d 19000 75000
d 77000 13000
d 13000 39000
r 1000 203 71000 37000
d 107000 115000
d 99000 113000
d 39000 9000
r 1600 365 29000 37000
d 91000 39000
d 129000 17000
d 65000 127000
r 1600 458 119000 19000
d 69000 15000
d 27000 81000
d 11000 13000
r 1600 146 23000 127000
d 35000 81000
d 75000 35000
d 41000 73000
r 1800 128 19000 63000
d 17000 95000
d 81000 81000
d 45000 109000
r 1600 252 113000 45000
d 99000 15000
d 15000 119000
d 57000 41000
r 1000 281 129000 135000
d 47000 115000
d 103000 65000
d 11000 35000
r 1400 174 63000 9000
d 79000 137000
d 115000 99000
d 71000 5000
r 1800 472 105000 87000
d 63000 39000
d 13000 41000
d 111000 45000
r 1600 297 129000 93000
d 33000 63000
d 69000 117000
d 87000 5000
r 1400 199 23000 79000
d 105000 71000
d 77000 103000
d 7000 77000
r 1600 140 31000 55000
d 87000 31000
d 133000 61000
d 9000 131000
r 1800 484 113000 77000
d 81000 21000
d 77000 15000
d 99000 3000
r 1600 434 31000 133000
d 11000 47000
d 29000 23000
d 89000 93000
r 1600 372 43000 49000
d 15000 63000
d 137000 113000
d 59000 117000
r 1600 191 103000 77000
d 101000 15000
d 17000 43000
d 81000 59000
r 1200 132 85000 67000
d 137000 131000
d 61000 107000
d 107000 91000
r 1000 375 107000 121000
d 115000 123000
d 91000 5000
d 83000 123000
r 1400 388 105000 135000
d 17000 7000
d 131000 125000
d 41000 125000
r 1800 444 99000 53000
d 63000 17000
d 133000 63000
d 9000 97000
r 1800 336 135000 49000
d 125000 41000
d 65000 37000
d 83000 117000
r 1800 345 95000 109000
d 37000 95000
d 77000 101000
d 53000 37000
r 1000 131 33000 107000
d 45000 27000
d 95000 103000
d 121000 75000
r 1600 413 137000 15000
d 1000 3000
d 63000 15000
d 67000 89000
r 1400 418 25000 117000
d 63000 27000
d 75000 17000
d 85000 31000
r 1000 477 21000 135000
d 63000 37000
d 109000 79000
d 59000 1000
r 1600 412 13000 23000
d 39000 47000
d 23000 105000
d 65000 61000
r 1800 217 71000 99000
d 105000 79000
d 81000 11000
d 45000 11000
r 1400 200 51000 7000
d 61000 83000
d 137000 95000
d 131000 27000
r 1800 203 11000 63000
d 121000 21000
d 35000 87000
d 7000 29000
r 1400 243 9000 121000
d 35000 133000
d 31000 69000
d 61000 59000
r 1000 403 9000 61000
d 33000 105000
d 101000 131000
d 87000 9000
r 1000 113 33000 7000
d 65000 129000
d 71000 125000
d 55000 55000
r 1800 358 43000 63000
d 59000 43000
d 103000 137000
d 117000 103000
r 1600 128 65000 65000
d 31000 89000
d 83000 29000
d 31000 119000
r 1000 155 49000 109000
d 97000 43000
d 33000 117000
d 3000 27000
r 1400 310 135000 41000
d 129000 51000
d 95000 135000
d 73000 115000
r 1600 351 87000 135000
d 85000 29000
d 91000 129000
d 77000 51000
r 1600 336 7000 33000
d 121000 17000
d 31000 75000
d 51000 45000
r 1600 364 7000 61000
d 87000 57000
d 79000 59000
d 83000 121000
r 1600 269 99000 103000
d 53000 39000
d 5000 55000
d 49000 77000
r 1200 480 111000 83000
d 57000 5000
d 49000 75000
d 27000 77000
r 1600 361 129000 55000
d 87000 69000
d 71000 81000
d 37000 131000
r 1600 477 77000 7000
d 5000 37000
d 83000 99000
d 51000 123000
