g 70 70 2000
r 1200 454 87000 65000
d 51000 105000
d 33000 35000
d 117000 25000
r 1800 404 107000 31000
d 93000 61000
d 119000 75000
d 73000 69000
r 1800 243 105000 127000
d 15000 45000
d 31000 3000
d 59000 31000
r 1200 130 107000 47000
d 15000 19000
d 3000 101000
d 83000 113000
r 1600 331 33000 129000
d 25000 93000
d 123000 33000
d 63000 1000
r 1000 118 85000 103000
d 3000 9000
d 135000 65000
d 133000 55000
r 1200 284 127000 55000
d 47000 71000
d 39000 63000
d 35000 27000
r 1400 179 7000 15000
d 57000 61000
d 65000 7000
d 25000 99000
r 1000 430 43000 69000
d 47000 45000
d 13000 25000
d 31000 69000
r 1800 478 81000 49000
d 5000 1000
d 67000 85000
d 65000 103000
r 1800 465 131000 77000
d 47000 129000
d 119000 109000
d 107000 19000
r 1600 350 71000 19000
d 57000 5000
d 103000 41000
d 101000 113000
r 1400 425 11000 123000
d 41000 21000
d 11000 25000
d 31000 41000
r 1800 200 11000 35000
d 71000 71000
d 115000 95000
d 65000 39000
r 1200 118 25000 67000
d 103000 7000
d 15000 91000
d 45000 79000
r 1400 458 43000 37000
d 129000 125000
d 81000 71000
d 59000 23000
r 1400 451 7000 123000
d 113000 63000
d 39000 65000
d 75000 137000
r 1200 128 101000 111000
d 99000 89000
d 33000 9000
d 93000 135000
r 1200 425 121000 59000
d 55000 55000
d 71000 11000
d 59000 125000
r 1200 343 27000 91000
d 105000 135000
d 47000 25000
d 41000 85000
r 1200 321 35000 27000
d 35000 29000
d 93000 119000
d 119000 15000
r 1600 443 103000 71000
d 85000 129000
d 55000 63000
d 7000 103000
r 1400 390 63000 9000
d 127000 113000
d 73000 13000
d 123000 39000
r 1000 319 13000 123000
d 11000 121000
d 17000 59000
d 111000 17000
r 1800 371 37000 47000
d 37000 25000
d 69000 23000
d 75000 123000
r 1000 386 31000 137000
d 65000 103000
d 65000 97000
d 129000 63000
r 1000 133 109000 1000
d 89000 91000
d 67000 119000
d 103000 75000
r 1000 242 131000 121000
d 135000 93000
d 137000 47000
d 69000 27000
r 1200 392 93000 31000
d 73000 69000
d 117000 61000
d 69000 71000
r 1200 366 9000 63000
d 11000 59000
d 71000 61000
d 101000 5000
r 1600 453 75000 115000
d 137000 29000
d 125000 7000
d 53000 99000
r 1000 203 73000 29000
d 55000 81000
d 77000 41000
d 109000 135000
r 1000 425 99000 25000
d 51000 45000
d 115000 67000
d 131000 33000
r 1200 322 131000 3000
d 127000 73000
d 83000 131000
d 59000 43000
r 1400 312 125000 111000
d 75000 63000
d 47000 89000
d 75000 99000
r 1800 179 45000 91000
d 59000 65000
d 85000 103000
d 127000 49000
r 1800 404 5000 55000
d 113000 101000
d 97000 117000
d 109000 7000
r 1400 359 113000 55000
d 95000 47000
d 89000 103000
d 31000 17000
r 1200 343 51000 93000
d 77000 41000
d 29000 103000
d 125000 63000
r 1800 331 65000 55000
d 9000 67000
d 35000 123000
d 65000 79000
r 1000 205 129000 69000
d 59000 107000
d 107000 51000
d 109000 45000
r 1400 274 53000 113000
d 101000 69000
d 9000 65000
d 87000 35000
r 1600 229 5000 125000
d 113000 95000
d 117000 63000
d 33000 117000
r 1400 225 27000 121000
d 75000 75000
d 69000 121000
d 51000 129000
r 1800 457 73000 53000
d 113000 17000
d 97000 73000
d 37000 21000
r 1400 494 75000 109000
d 117000 61000
d 137000 41000
d 81000 3000
r 1600 231 71000 83000
d 45000 127000
d 23000 17000
d 55000 85000
r 1200 425 27000 19000
d 91000 57000
d 111000 23000
d 87000 131000
r 1800 301 33000 65000
d 107000 103000
d 73000 23000
d 121000 67000
r 1600 279 107000 69000
d 137000 45000
d 119000 5000
d 35000 19000
r 1800 223 43000 121000
d 41000 25000
d 1000 7000
d 53000 25000
r 1000 445 29000 89000
d 35000 15000
d 3000 131000
d 77000 33000
r 1600 188 35000 7000
d 15000 121000
d 55000 105000
d 105000 11000
r 1800 207 135000 25000
d 117000 95000
d 49000 73000
d 69000 71000
r 1200 276 127000 65000
d 69000 85000
d 95000 33000
d 101000 19000
r 1400 144 93000 43000
d 19000 31000
d 117000 9000
d 41000 33000
r 1000 448 89000 53000
d 101000 63000
d 43000 63000
d 89000 125000
r 1200 427 125000 83000
d 37000 113000
d 115000 13000
d 77000 57000
r 1200 284 107000 75000
d 83000 125000
d 13000 19000
d 95000 3000
r 1600 113 23000 79000
d 127000 123000
d 3000 35000
d 113000 25000
r 1800 162 131000 89000
d 125000 3000
d 25000 35000
d 103000 21000
r 1600 352 133000 83000
d 15000 131000
d 71000 53000
d 47000 107000
r 1600 337 7000 73000
d 33000 79000
d 67000 109000
d 119000 135000
r 1200 156 83000 135000
d 133000 3000
d 25000 123000
d 81000 55000
r 1800 262 137000 53000
d 71000 95000
d 87000 21000
d 13000 41000
r 1400 181 129000 107000
d 77000 95000
d 1000 119000
d 23000 25000
r 1200 211 25000 49000
d 75000 11000
d 99000 119000
d 61000 119000
r 1600 318 41000 105000
d 1000 87000
d 75000 19000
d 91000 27000
r 1000 493 103000 99000
d 5000 55000
d 123000 23000
d 127000 61000
r 1000 214 53000 103000
d 23000 121000
d 113000 63000
d 137000 81000
r 1200 399 45000 123000
d 31000 99000
d 117000 35000
d 9000 113000
r 1600 201 91000 41000
d 133000 65000
d 3000 135000
d 137000 129000
r 1800 378 89000 21000
d 87000 67000
d 43000 19000
d 49000 17000
r 1000 420 1000 115000
d 61000 51000
d 127000 91000
d 61000 75000
r 1000 183 135000 27000
d 27000 67000
d 121000 65000
d 35000 87000
r 1000 115 53000 79000
d 107000 119000
d 87000 137000
d 107000 31000
r 1400 196 95000 27000
d 115000 9000
d 29000 137000
d 73000 59000
r 1200 294 101000 65000
d 133000 63000
d 25000 61000
d 17000 19000
r 1600 448 79000 89000
d 87000 43000
d 109000 105000
d 7000 111000
r 1000 301 15000 49000
d 103000 25000
d 29000 47000
d 1000 105000
r 1600 182 101000 19000
d 3000 27000
d 51000 103000
d 35000 75000
r 1800 269 63000 63000
d 17000 69000
d 83000 123000
d 95000 9000
r 1800 356 69000 49000
d 103000 101000
d 79000 43000
d 133000 99000
r 1000 492 119000 137000
d 35000 9000
d 123000 75000
d 41000 45000
r 1600 298 107000 43000
d 15000 111000
d 23000 43000
d 79000 117000
r 1400 441 19000 121000
d 79000 125000
d 19000 17000
d 85000 113000
r 1800 285 79000 15000
d 55000 101000
d 121000 23000
d 109000 3000
r 1200 218 109000 83000
d 47000 29000
d 45000 127000
d 19000 75000
r 1800 235 95000 123000
d 69000 87000
d 63000 31000
d 67000 21000
r 1800 262 115000 69000
d 131000 17000
d 117000 13000
d 77000 43000
r 1400 437 95000 43000
d 89000 69000
d 83000 45000
d 111000 57000
r 1000 385 27000 113000
d 117000 137000
d 131000 37000
d 3000 55000
r 1200 233 29000 135000
d 131000 77000
d 47000 101000
d 33000 51000
r 1600 347 69000 15000
d 79000 53000
d 133000 107000
d 55000 9000
r 1200 235 9000 95000
d 31000 23000
d 51000 57000
d 99000 29000
r 1000 307 59000 91000
d 9000 49000
d 89000 69000
d 85000 85000
r 1400 352 85000 129000
d 71000 77000
d 103000 111000
d 35000 65000
r 1600 408 35000 73000
d 1000 79000
d 85000 37000
d 69000 131000
