g 20 20 2000
r 1200 454 35000 37000
d 33000 7000
d 29000 25000
d 19000 15000
r 1800 404 19000 35000
d 27000 31000
d 3000 15000
d 7000 25000
r 1800 243 23000 25000
d 3000 27000
d 15000 9000
d 33000 19000
r 1200 130 29000 27000
d 15000 13000
d 25000 3000
d 3000 15000
r 1600 331 19000 9000
d 9000 19000
d 27000 5000
d 35000 7000
r 1000 118 25000 37000
d 21000 33000
d 17000 37000
d 29000 15000
r 1200 284 25000 33000
d 1000 37000
d 35000 5000
d 27000 3000
r 1400 179 25000 9000
d 17000 21000
d 9000 1000
d 19000 19000
