g 40 40 2000
r 1200 306 73000 69000
d 47000 39000
d 23000 39000
d 71000 1000
r 1600 460 41000 41000
d 33000 53000
d 17000 13000
d 7000 61000
r 1000 144 51000 57000
d 31000 37000
d 39000 65000
d 31000 19000
r 1000 340 11000 37000
d 43000 19000
d 35000 43000
d 27000 25000
r 1600 219 67000 15000
d 13000 27000
d 29000 5000
d 65000 75000
r 1400 299 37000 77000
d 65000 11000
d 37000 73000
d 25000 77000
r 1000 289 27000 57000
d 55000 65000
d 57000 37000
d 73000 19000
r 1200 486 47000 29000
d 3000 41000
d 49000 65000
d 71000 59000
r 1000 128 47000 35000
d 43000 23000
d 41000 51000
d 15000 71000
r 1000 215 67000 23000
d 41000 1000
d 31000 35000
d 17000 41000
r 1800 298 1000 17000
d 59000 33000
d 1000 33000
d 43000 75000
r 1000 473 3000 31000
d 77000 25000
d 69000 7000
d 29000 13000
r 1600 322 61000 33000
d 69000 11000
d 53000 19000
d 9000 63000
r 1000 454 51000 59000
d 7000 25000
d 47000 31000
d 39000 9000
r 1200 238 23000 69000
d 25000 75000
d 51000 39000
d 57000 5000
r 1600 419 1000 55000
d 43000 71000
d 69000 39000
d 51000 11000
r 1200 323 49000 35000
d 29000 15000
d 25000 23000
d 27000 39000
r 1600 262 15000 27000
d 3000 31000
d 57000 49000
d 55000 5000
r 1800 168 37000 3000
d 65000 35000
d 71000 39000
d 45000 71000
r 1000 389 27000 1000
d 21000 43000
d 17000 11000
d 23000 57000
r 1000 298 47000 3000
d 51000 33000
d 11000 25000
d 1000 17000
r 1400 162 73000 15000
d 9000 7000
d 71000 5000
d 77000 33000
r 1000 453 63000 67000
d 41000 73000
d 53000 11000
d 5000 73000
r 1000 257 61000 31000
d 19000 61000
d 37000 7000
d 41000 9000
r 1600 173 55000 15000
d 71000 29000
d 21000 69000
d 73000 19000
r 1600 142 51000 31000
d 47000 43000
d 43000 3000
d 65000 75000
r 1400 288 77000 3000
d 71000 33000
d 73000 43000
d 57000 9000
r 1400 297 73000 51000
d 23000 35000
d 17000 47000
d 63000 59000
r 1800 101 11000 75000
d 11000 53000
d 55000 39000
d 7000 53000
r 1800 340 13000 1000
d 59000 57000
d 65000 15000
d 25000 15000
r 1800 478 75000 49000
d 27000 49000
d 33000 55000
d 51000 3000
r 1600 195 25000 9000
d 5000 71000
d 5000 37000
d 19000 49000
r 1400 295 7000 47000
d 13000 17000
d 51000 29000
d 3000 9000
r 1800 383 29000 27000
d 61000 59000
d 63000 65000
d 41000 49000
r 1600 178 67000 31000
d 7000 45000
d 65000 23000
d 5000 3000
r 1200 431 43000 5000
d 55000 7000
d 13000 49000
d 67000 21000
r 1800 450 55000 47000
d 23000 67000
d 75000 39000
d 23000 17000
r 1200 417 43000 59000
d 47000 31000
d 59000 25000
d 59000 77000
r 1600 294 27000 51000
d 3000 17000
d 29000 75000
d 41000 41000
r 1600 121 43000 43000
d 47000 63000
d 3000 17000
d 23000 37000
r 1800 320 75000 55000
d 5000 5000
d 49000 69000
d 31000 59000
r 1400 456 29000 53000
d 71000 61000
d 11000 73000
d 13000 19000
r 1000 288 21000 1000
d 39000 45000
d 7000 59000
d 3000 9000
r 1400 117 43000 71000
d 51000 9000
d 53000 47000
d 63000 55000
r 1800 207 19000 77000
d 39000 75000
d 45000 11000
d 9000 33000
r 1800 271 31000 33000
d 3000 9000
d 15000 19000
d 15000 1000
r 1000 265 71000 75000
d 17000 59000
d 57000 59000
d 51000 9000
r 1600 273 5000 69000
d 75000 7000
d 33000 37000
d 49000 41000
r 1400 383 61000 43000
d 23000 17000
d 7000 11000
d 47000 73000
r 1200 284 11000 51000
d 37000 27000
d 65000 29000
d 35000 23000
r 1600 262 23000 23000
d 77000 33000
d 23000 29000
d 11000 67000
r 1600 257 49000 41000
d 19000 33000
d 31000 49000
d 39000 47000
r 1200 374 45000 7000
d 37000 19000
d 53000 69000
d 43000 49000
r 1000 223 1000 37000
d 47000 23000
d 7000 61000
d 19000 71000
r 1000 405 7000 53000
d 23000 1000
d 55000 53000
d 53000 73000
r 1000 248 31000 69000
d 51000 75000
d 37000 55000
d 27000 35000
r 1400 441 61000 23000
d 9000 49000
d 75000 39000
d 17000 35000
r 1400 423 15000 3000
d 3000 37000
d 51000 61000
d 3000 33000
r 1600 299 51000 23000
d 29000 15000
d 53000 75000
d 9000 5000
r 1800 106 11000 61000
d 57000 15000
d 39000 69000
d 65000 51000
r 1200 432 71000 59000
d 41000 57000
d 7000 37000
d 33000 71000
r 1200 103 7000 41000
d 77000 3000
d 37000 59000
d 11000 29000
r 1400 303 63000 23000
d 13000 39000
d 43000 13000
d 3000 27000
r 1000 168 55000 73000
d 75000 73000
d 55000 15000
d 51000 71000
r 1800 144 73000 75000
d 41000 55000
d 7000 67000
d 41000 71000
r 1000 415 7000 9000
d 51000 57000
d 65000 7000
d 1000 73000
r 1600 295 71000 7000
d 75000 69000
d 63000 75000
d 41000 77000
r 1400 317 29000 23000
d 5000 75000
d 37000 63000
d 55000 11000
r 1600 409 47000 13000
d 55000 61000
d 15000 43000
d 7000 17000
r 1000 161 59000 27000
d 5000 9000
d 19000 5000
d 29000 21000
r 1600 139 77000 39000
d 55000 67000
d 15000 39000
d 7000 71000
r 1600 265 31000 43000
d 39000 71000
d 29000 37000
d 3000 73000
r 1200 322 27000 43000
d 17000 43000
d 35000 51000
d 57000 73000
r 1800 330 63000 3000
d 23000 15000
d 43000 73000
d 9000 9000
r 1000 499 45000 17000
d 9000 73000
d 55000 71000
d 51000 49000
r 1400 319 65000 67000
d 35000 29000
d 67000 53000
d 71000 1000
r 1000 234 13000 47000
d 13000 13000
d 17000 69000
d 23000 17000
r 1600 327 51000 13000
d 73000 65000
d 7000 43000
d 77000 63000
r 1600 260 15000 61000
d 25000 77000
d 31000 9000
d 61000 51000
r 1400 235 71000 17000
d 35000 31000
d 73000 77000
d 51000 7000
r 1600 465 59000 29000
d 69000 25000
d 39000 41000
d 43000 37000
r 1800 203 5000 53000
d 1000 37000
d 15000 73000
d 39000 61000
r 1800 137 67000 75000
d 77000 15000
d 69000 25000
d 15000 15000
r 1800 191 23000 57000
d 29000 3000
d 5000 47000
d 1000 21000
r 1600 480 55000 9000
d 77000 9000
d 43000 17000
d 33000 21000
r 1200 287 27000 37000
d 3000 43000
d 55000 55000
d 17000 43000
r 1400 481 73000 25000
d 19000 23000
d 13000 31000
d 23000 67000
r 1000 404 51000 9000
d 29000 25000
d 9000 3000
d 55000 35000
r 1400 371 5000 67000
d 55000 29000
d 23000 1000
d 49000 67000
r 1200 162 69000 75000
d 37000 57000
d 59000 53000
d 23000 11000
r 1400 319 39000 49000
d 57000 73000
d 41000 39000
d 13000 33000
r 1800 308 19000 49000
d 31000 41000
d 15000 31000
d 77000 75000
r 1400 397 45000 77000
d 1000 63000
d 75000 27000
d 77000 77000
r 1400 498 33000 43000
d 41000 29000
d 41000 7000
d 27000 41000
r 1000 309 53000 73000
d 19000 27000
d 41000 61000
d 19000 25000
r 1000 425 29000 13000
d 39000 75000
d 57000 53000
d 39000 21000
r 1400 107 51000 21000
d 67000 5000
d 41000 13000
d 1000 55000
r 1200 330 21000 57000
d 11000 31000
d 15000 1000
d 21000 75000
r 1400 264 71000 53000
d 41000 5000
d 13000 7000
d 47000 77000
r 1000 406 75000 9000
d 77000 5000
d 77000 19000
d 43000 1000
r 1800 312 75000 51000
d 71000 17000
d 59000 39000
d 19000 69000
r 1800 382 57000 9000
d 9000 71000
d 71000 45000
d 59000 49000
r 1200 426 65000 75000
d 63000 55000
d 13000 31000
d 27000 15000
r 1400 481 63000 73000
d 41000 43000
d 47000 53000
d 43000 3000
r 1400 417 49000 47000
d 71000 31000
d 59000 31000
d 57000 69000
r 1400 467 55000 51000
d 43000 1000
d 19000 5000
d 11000 45000
r 1400 153 53000 37000
d 1000 37000
d 37000 39000
d 15000 51000
r 1200 268 43000 13000
d 57000 25000
d 5000 65000
d 57000 37000
r 1000 434 51000 49000
d 69000 25000
d 67000 53000
d 33000 13000
r 1000 165 9000 39000
d 77000 11000
d 17000 51000
d 61000 35000
r 1600 172 31000 47000
d 17000 53000
d 35000 69000
d 23000 15000
r 1600 469 19000 27000
d 63000 65000
d 45000 73000
d 23000 69000
r 1200 293 53000 31000
d 73000 39000
d 41000 1000
d 75000 33000
r 1000 345 49000 75000
d 9000 1000
d 63000 9000
d 57000 59000
r 1800 453 27000 21000
d 41000 47000
d 55000 77000
d 21000 3000
r 1400 322 5000 5000
d 71000 53000
d 21000 41000
d 19000 47000
r 1000 387 43000 55000
d 41000 35000
d 63000 65000
d 49000 19000
r 1400 479 75000 35000
d 11000 35000
d 67000 55000
d 65000 45000
r 1400 247 5000 35000
d 29000 25000
d 71000 41000
d 21000 59000
r 1400 228 65000 27000
d 43000 71000
d 75000 69000
d 37000 71000
r 1000 475 61000 11000
d 45000 63000
d 29000 61000
d 9000 61000
r 1600 174 23000 47000
d 33000 31000
d 61000 57000
d 41000 7000
r 1800 494 21000 47000
d 3000 13000
d 63000 13000
d 35000 25000
r 1800 356 35000 49000
d 75000 21000
d 49000 35000
d 57000 15000
r 1000 327 59000 61000
d 19000 5000
d 37000 77000
d 17000 63000
r 1200 385 39000 19000
d 61000 71000
d 43000 69000
d 15000 43000
r 1200 277 69000 1000
d 41000 31000
d 39000 71000
d 55000 11000
r 1400 270 25000 23000
d 33000 33000
d 57000 57000
d 71000 61000
r 1800 424 37000 17000
d 49000 49000
d 61000 7000
d 23000 29000
r 1000 426 35000 27000
d 63000 43000
d 5000 73000
d 47000 7000
r 1400 307 35000 21000
d 65000 47000
d 35000 39000
d 19000 69000
r 1000 271 59000 13000
d 59000 19000
d 39000 47000
d 29000 15000
r 1200 396 57000 53000
d 3000 47000
d 71000 65000
d 1000 47000
r 1000 228 19000 9000
d 35000 31000
d 55000 27000
d 55000 75000
r 1200 442 65000 19000
d 75000 57000
d 35000 41000
d 57000 65000
r 1400 276 13000 71000
d 59000 11000
d 25000 45000
d 51000 53000
r 1600 150 21000 67000
d 39000 61000
d 51000 19000
d 51000 45000
r 1800 454 13000 23000
d 5000 33000
d 67000 67000
d 75000 31000
r 1600 292 47000 39000
d 67000 39000
d 69000 1000
d 23000 69000
r 1800 286 59000 55000
d 15000 39000
d 51000 25000
d 23000 29000
r 1800 110 45000 25000
d 37000 67000
d 35000 25000
d 63000 37000
r 1800 214 35000 25000
d 69000 1000
d 67000 47000
d 65000 61000
r 1800 316 57000 1000
d 31000 69000
d 27000 19000
d 71000 37000
r 1400 348 39000 65000
d 53000 75000
d 51000 35000
d 7000 13000
r 1000 408 9000 33000
d 51000 47000
d 59000 1000
d 69000 5000
r 1400 263 31000 31000
d 65000 61000
d 65000 67000
d 57000 9000
r 1000 339 77000 59000
d 63000 45000
d 3000 51000
d 39000 71000
r 1200 298 35000 45000
d 27000 73000
d 35000 5000
d 25000 55000
r 1800 243 37000 33000
d 3000 47000
d 5000 29000
d 33000 47000
r 1800 168 15000 73000
d 51000 57000
d 29000 55000
d 37000 13000
r 1200 246 51000 45000
d 53000 53000
d 49000 1000
d 63000 61000
r 1600 327 39000 21000
d 17000 69000
d 17000 19000
d 43000 41000
r 1600 491 11000 27000
d 57000 37000
d 57000 21000
d 43000 13000
r 1000 235 7000 49000
d 37000 67000
d 15000 77000
d 71000 17000
r 1000 110 55000 19000
d 73000 53000
d 65000 33000
d 23000 65000
r 1200 491 29000 3000
d 37000 35000
d 69000 73000
d 61000 55000
r 1200 392 69000 55000
d 29000 3000
d 35000 55000
d 15000 49000
r 1000 489 69000 69000
d 31000 53000
d 35000 25000
d 57000 21000
r 1600 279 23000 77000
d 31000 23000
d 1000 29000
d 49000 55000
r 1200 399 29000 67000
d 25000 55000
d 3000 67000
d 17000 69000
