g 30 30 2000
r 1200 306 15000 3000
d 37000 35000
d 43000 45000
d 25000 29000
r 1600 460 11000 13000
d 43000 13000
d 27000 33000
d 35000 19000
r 1000 144 39000 43000
d 35000 39000
d 3000 49000
d 49000 13000
r 1000 340 19000 29000
d 41000 43000
d 9000 41000
d 29000 5000
r 1600 219 21000 13000
d 33000 11000
d 35000 5000
d 1000 27000
r 1400 299 17000 3000
d 29000 1000
d 31000 43000
d 3000 9000
r 1000 289 19000 5000
d 27000 11000
d 3000 13000
d 37000 33000
r 1200 486 49000 17000
d 19000 51000
d 23000 37000
d 11000 9000
r 1000 128 17000 47000
d 15000 25000
d 33000 57000
d 43000 45000
r 1000 215 47000 45000
d 3000 39000
d 37000 39000
d 27000 9000
r 1800 298 5000 51000
d 17000 51000
d 53000 33000
d 9000 39000
r 1000 473 39000 41000
d 33000 43000
d 17000 55000
d 41000 11000
r 1600 322 37000 27000
d 55000 55000
d 33000 55000
d 37000 5000
r 1000 454 11000 15000
d 27000 27000
d 47000 1000
d 39000 35000
r 1200 238 5000 33000
d 25000 11000
d 45000 27000
d 23000 1000
r 1600 419 23000 7000
d 19000 13000
d 13000 9000
d 1000 31000
r 1200 323 51000 1000
d 13000 11000
d 37000 37000
d 43000 31000
r 1600 262 11000 3000
d 37000 25000
d 21000 7000
d 3000 37000
r 1800 168 51000 13000
d 19000 55000
d 15000 3000
d 39000 5000
r 1000 389 13000 1000
d 11000 7000
d 57000 17000
d 35000 21000
r 1000 298 41000 57000
d 45000 27000
d 53000 5000
d 43000 23000
r 1400 162 55000 41000
d 35000 53000
d 11000 33000
d 5000 47000
r 1000 453 47000 3000
d 53000 49000
d 19000 33000
d 25000 41000
r 1000 257 45000 3000
d 47000 53000
d 15000 57000
d 49000 13000
r 1600 173 15000 45000
d 47000 23000
d 37000 19000
d 11000 49000
r 1600 142 41000 35000
d 15000 55000
d 1000 47000
d 27000 37000
r 1400 288 15000 13000
d 5000 23000
d 51000 51000
d 53000 33000
r 1400 297 39000 53000
d 21000 5000
d 29000 23000
d 33000 9000
r 1800 101 49000 45000
d 7000 15000
d 45000 45000
d 31000 43000
r 1800 340 3000 21000
d 29000 1000
d 55000 33000
d 55000 53000
r 1800 478 45000 5000
d 29000 21000
d 53000 27000
d 51000 9000
r 1600 195 45000 31000
d 43000 51000
d 29000 5000
d 9000 23000
r 1400 295 7000 5000
d 15000 13000
d 23000 25000
d 51000 57000
r 1800 383 9000 31000
d 45000 19000
d 55000 15000
d 57000 53000
r 1600 178 15000 39000
d 47000 53000
d 9000 21000
d 17000 53000
r 1200 431 29000 27000
d 45000 51000
d 7000 39000
d 33000 27000
r 1800 450 33000 47000
d 17000 25000
d 47000 51000
d 17000 13000
r 1200 417 49000 33000
d 17000 55000
d 35000 11000
d 13000 31000
r 1600 294 11000 9000
d 25000 31000
d 35000 7000
d 19000 49000
r 1600 121 41000 3000
d 1000 47000
d 53000 7000
d 23000 37000
r 1800 320 39000 25000
d 55000 25000
d 57000 1000
d 9000 9000
r 1400 456 29000 13000
d 3000 17000
d 33000 17000
d 45000 11000
r 1000 288 19000 45000
d 53000 1000
d 13000 49000
d 11000 17000
r 1400 117 15000 33000
d 31000 53000
d 57000 55000
d 27000 49000
r 1800 207 15000 51000
d 41000 57000
d 41000 21000
d 27000 39000
r 1800 271 49000 11000
d 1000 3000
d 37000 15000
d 19000 33000
r 1000 265 55000 3000
d 25000 17000
d 39000 13000
d 39000 27000
r 1600 273 27000 19000
d 55000 37000
d 33000 27000
d 3000 25000
r 1400 383 39000 1000
d 3000 7000
d 11000 39000
d 13000 45000
r 1200 284 45000 23000
d 31000 27000
d 35000 57000
d 23000 51000
r 1600 262 25000 25000
d 17000 23000
d 3000 35000
d 47000 43000
r 1600 257 35000 45000
d 5000 17000
d 23000 45000
d 9000 3000
r 1200 374 53000 47000
d 29000 15000
d 9000 37000
d 35000 53000
r 1000 223 29000 51000
d 39000 1000
d 27000 37000
d 45000 3000
r 1000 405 41000 49000
d 23000 49000
d 47000 11000
d 29000 13000
r 1000 248 41000 43000
d 11000 7000
d 25000 33000
d 53000 5000
r 1400 441 31000 9000
d 3000 13000
d 15000 13000
d 15000 11000
r 1400 423 51000 35000
d 13000 49000
d 21000 45000
d 37000 29000
r 1600 299 39000 49000
d 9000 39000
d 25000 51000
d 25000 33000
r 1800 106 45000 35000
d 23000 3000
d 45000 57000
d 5000 45000
r 1200 432 9000 1000
d 27000 1000
d 33000 37000
d 19000 21000
r 1200 103 1000 17000
d 11000 33000
d 45000 39000
d 35000 45000
r 1400 303 49000 1000
d 13000 15000
d 23000 43000
d 51000 33000
r 1000 168 43000 27000
d 51000 3000
d 17000 43000
d 27000 1000
r 1800 144 37000 57000
d 43000 35000
d 57000 53000
d 47000 7000
r 1000 415 45000 47000
d 51000 43000
d 7000 43000
d 57000 43000
r 1600 295 19000 39000
d 1000 15000
d 35000 11000
d 25000 55000
r 1400 317 29000 5000
d 25000 49000
d 27000 49000
d 39000 57000
r 1600 409 43000 19000
d 21000 47000
d 13000 7000
d 55000 9000
r 1000 161 57000 15000
d 1000 13000
d 49000 33000
d 55000 51000
r 1600 139 47000 9000
d 39000 1000
d 47000 51000
d 37000 19000
r 1600 265 55000 5000
d 29000 39000
d 53000 15000
d 49000 3000
r 1200 322 5000 13000
d 41000 1000
d 51000 27000
d 53000 29000
r 1800 330 55000 33000
d 21000 41000
d 39000 33000
d 27000 13000
r 1000 499 11000 51000
d 53000 31000
d 15000 31000
d 41000 11000
r 1400 319 41000 37000
d 37000 17000
d 49000 5000
d 1000 45000
r 1000 234 41000 1000
d 55000 49000
d 51000 29000
d 35000 25000
r 1600 327 9000 23000
d 17000 9000
d 47000 25000
d 55000 25000
r 1600 260 21000 39000
d 51000 5000
d 3000 1000
d 23000 13000
r 1400 235 21000 45000
d 5000 13000
d 19000 21000
d 41000 3000
r 1600 465 25000 37000
d 41000 1000
d 57000 27000
d 1000 43000
r 1800 203 23000 57000
d 43000 33000
d 43000 47000
d 25000 9000
r 1800 137 57000 31000
d 45000 15000
d 57000 7000
d 33000 1000
r 1800 191 1000 19000
d 13000 43000
d 23000 51000
d 17000 39000
r 1600 480 41000 45000
d 1000 41000
d 5000 47000
d 53000 33000
r 1200 287 31000 17000
d 7000 5000
d 11000 19000
d 31000 51000
r 1400 481 19000 49000
d 3000 49000
d 9000 29000
d 5000 19000
r 1000 404 3000 7000
d 41000 31000
d 45000 13000
d 17000 55000
r 1400 371 39000 11000
d 39000 47000
d 49000 33000
d 53000 37000
r 1200 162 27000 43000
d 39000 21000
d 23000 9000
d 5000 31000
