98 0 5.793686151504517
98 0 5.9706432819366455
98 0 5.8490211963653564
98 0 6.031359910964966
98 0 5.902219533920288
98 0 5.857176303863525
98 0 5.797322034835815
98 0 6.191239356994629
98 0 6.321628570556641
98 0 5.867409706115723
98 0 5.961288690567017
98 0 6.125729322433472
98 0 6.289402008056641
98 0 6.773576498031616
98 0 6.163305044174194
98 0 6.365258693695068
98 0 6.273874998092651
98 0 6.173340082168579
98 0 5.944339990615845
98 0 6.129348993301392
98 0 5.986846446990967
98 0 5.904757738113403
98 0 6.103231430053711
98 0 5.988372325897217
