28 0 0.17203807830810547
28 0 0.1690375804901123
28 0 0.17703890800476074
28 0 0.1690375804901123
28 0 0.17703962326049805
28 0 0.17518138885498047
28 0 0.1870415210723877
28 0 0.17903995513916016
28 0 0.16203618049621582
28 0 0.16403746604919434
28 0 0.22100234031677246
28 0 0.2290499210357666
28 0 0.20298528671264648
28 0 0.25495147705078125
28 0 0.24103331565856934
28 0 0.20899724960327148
28 0 0.2791426181793213
28 0 0.2969992160797119
28 0 0.21499276161193848
28 0 0.2520570755004883
28 0 0.27098774909973145
28 0 0.2450551986694336
28 0 0.24700093269348145
28 0 0.30123376846313477
28 0 0.23391246795654297
28 0 0.26808905601501465
28 0 0.27362489700317383
28 0 0.26100993156433105
28 0 0.26177477836608887
28 0 0.3160710334777832
28 0 0.2920668125152588
28 0 0.25702953338623047
28 0 0.2760622501373291
28 0 0.2560582160949707
28 0 0.2380537986755371
28 0 0.2890646457672119
28 0 0.2740612030029297
28 0 0.27650976181030273
28 0 0.2580580711364746
28 0 0.2413313388824463
28 0 0.28206372261047363
28 0 0.3090693950653076
28 0 0.28906726837158203
28 0 0.23405194282531738
28 0 0.2470557689666748
28 0 0.27006006240844727
28 0 0.2740614414215088
28 0 0.24956274032592773
28 0 0.2690610885620117
28 0 0.27106189727783203
28 0 0.2591278553009033
28 0 0.27006101608276367
28 0 0.27306127548217773
28 0 0.28406381607055664
28 0 0.27857542037963867
28 0 0.2877516746520996
28 0 0.3241994380950928
28 0 0.2885565757751465
28 0 0.27909088134765625
28 0 0.2582728862762451
28 0 0.28227663040161133
28 0 0.3021361827850342
28 0 0.2912721633911133
28 0 0.2895622253417969
28 0 0.2689857482910156
28 0 0.2689342498779297
28 0 0.25158214569091797
28 0 0.3100152015686035
28 0 0.2690603733062744
28 0 0.28606414794921875
