125 0 10.406352043151855
125 0 10.165955543518066
125 0 10.018822193145752
125 0 10.237716436386108
125 0 10.08491063117981
125 0 10.157342672348022
125 0 9.99773383140564
125 0 10.38264536857605
125 0 10.536383152008057
125 0 10.257989645004272
122 3 16.27127194404602
125 0 16.18220591545105
125 0 15.400976657867432
125 0 16.167710781097412
125 0 15.905962944030762
125 0 15.731265544891357
125 0 15.869712114334106
125 0 16.300711154937744
125 0 16.01732897758484
125 0 16.060279607772827
125 0 15.336910963058472
125 0 15.310773134231567
125 0 15.734727144241333
125 0 15.221252202987671
125 0 15.69372820854187
125 0 15.640275955200195
125 0 16.031848192214966
125 0 16.002111196517944
125 0 16.134864807128906
125 0 16.947912454605103
125 0 16.059976816177368
125 0 15.759876012802124
125 0 15.701474666595459
125 0 15.681328296661377
125 0 14.131591558456421
125 0 14.827137470245361
125 0 15.607923984527588
125 0 15.195236444473267
125 0 16.657782793045044
125 0 16.743950366973877
125 0 15.860388040542603
125 0 16.473041534423828
125 0 15.755706548690796
125 0 16.276247262954712
125 0 15.743902921676636
125 0 16.29828405380249
125 0 16.57552933692932
125 0 16.503721952438354
125 0 17.229147911071777
125 0 16.693695068359375
125 0 15.866947889328003
125 0 15.962459564208984
125 0 15.262961149215698
125 0 16.165531873703003
125 0 15.422614812850952
125 0 15.795673608779907
125 0 15.923869371414185
125 0 15.96596646308899
125 0 15.735314130783081
125 0 15.939010381698608
