63 0 0.8481910228729248
63 0 0.8621940612792969
63 0 0.8781981468200684
63 0 0.8531913757324219
63 0 0.864194393157959
63 0 0.8271868228912354
63 0 0.836188793182373
63 0 0.8581936359405518
63 0 0.8241853713989258
63 0 0.8732888698577881
63 0 1.157581090927124
63 0 1.2230212688446045
63 0 1.0692403316497803
63 0 1.2803096771240234
63 0 1.2602839469909668
63 0 1.2147891521453857
63 0 1.2532813549041748
63 0 1.2512810230255127
63 0 1.2662854194641113
63 0 1.3913116455078125
63 0 1.1722631454467773
63 0 1.2982923984527588
63 0 1.4263215065002441
59 4 3.3287501335144043
63 0 1.3663079738616943
63 0 1.3813109397888184
63 0 1.7483937740325928
63 0 1.476332187652588
63 0 1.5103402137756348
63 0 1.365307331085205
63 0 1.5853571891784668
63 0 1.3563055992126465
63 0 1.5803561210632324
63 0 1.3778157234191895
63 0 1.397352933883667
63 0 1.5343453884124756
63 0 1.4857850074768066
63 0 1.5423455238342285
63 0 1.7363901138305664
63 0 1.5063397884368896
63 0 1.4073171615600586
63 0 2.0254569053649902
63 0 1.6863794326782227
63 0 1.4773333072662354
63 0 1.4453256130218506
63 0 1.5478570461273193
63 0 1.4903357028961182
63 0 1.5783555507659912
63 0 1.7413923740386963
63 0 1.8314125537872314
63 0 1.525343656539917
63 0 1.438324213027954
60 3 1.9534406661987305
63 0 1.5043387413024902
63 0 1.8554177284240723
63 0 1.842921495437622
63 0 2.4550580978393555
63 0 1.5913589000701904
63 0 1.5233433246612549
63 0 2.2750184535980225
63 0 1.7753984928131104
63 0 1.7534089088439941
63 0 2.108473777770996
63 0 1.5283443927764893
63 0 1.9774458408355713
63 0 1.8624193668365479
63 0 1.5058445930480957
63 0 1.455327033996582
63 0 1.5183815956115723
63 0 1.874422311782837
63 0 1.4653301239013672
63 0 2.368039131164551
63 0 1.1732640266418457
63 0 1.2102723121643066
63 0 1.2232763767242432
63 0 1.2652850151062012
63 0 1.2322781085968018
60 3 1.7954034805297852
63 0 1.2782886028289795
63 0 1.2632849216461182
63 0 1.276287317276001
63 0 1.2142739295959473
63 0 1.301293134689331
63 0 1.1982700824737549
63 0 1.2042717933654785
63 0 1.1182518005371094
63 0 1.2432801723480225
63 0 0.9912221431732178
63 0 1.1192529201507568
63 0 1.3062951564788818
63 0 1.2502799034118652
63 0 1.0842435359954834
63 0 1.175264596939087
63 0 1.2022705078125
63 0 1.1782655715942383
63 0 1.160262107849121
63 0 1.1592614650726318
60 3 2.1434824466705322
63 0 1.1392560005187988
63 0 1.1022484302520752
63 0 1.386312484741211
63 0 1.3002939224243164
