2 38 0.1193993091583252
2 38 0.12170672416687012
2 38 0.12007260322570801
2 38 0.11874866485595703
2 38 0.1217048168182373
2 38 0.1195836067199707
2 38 0.12100982666015625
2 38 0.11909890174865723
2 38 0.12137579917907715
2 38 0.12122011184692383
2 38 0.18374204635620117
2 38 0.16006255149841309
2 38 0.17994046211242676
2 38 0.18069005012512207
2 38 0.1701335906982422
2 38 0.16664743423461914
2 38 0.13770294189453125
2 38 0.19172310829162598
2 38 0.17011475563049316
2 38 0.1941688060760498
2 38 0.15701866149902344
2 38 0.19409608840942383
2 38 0.19327425956726074
2 38 0.19219970703125
2 38 0.17104530334472656
2 38 0.17193889617919922
2 38 0.19404840469360352
2 38 0.1931626796722412
2 38 0.14111542701721191
2 38 0.1350266933441162
2 38 0.18804216384887695
2 38 0.1780412197113037
2 38 0.17605376243591309
2 38 0.17603826522827148
2 38 0.18104147911071777
2 38 0.1670377254486084
2 38 0.18703985214233398
2 38 0.18904328346252441
2 38 0.18053221702575684
2 38 0.1890408992767334
2 38 0.17203855514526367
2 38 0.18404197692871094
2 38 0.19384193420410156
2 38 0.1760387420654297
2 38 0.19304299354553223
2 38 0.18804264068603516
2 38 0.1870424747467041
2 38 0.18404555320739746
2 38 0.18404221534729004
2 38 0.18804144859313965
2 38 0.1380317211151123
2 38 0.14103221893310547
2 38 0.20996880531311035
2 38 0.19304442405700684
2 38 0.1780402660369873
2 38 0.20104575157165527
2 38 0.1800401210784912
2 38 0.19996166229248047
2 38 0.19104290008544922
2 38 0.18204092979431152
2 38 0.17403888702392578
2 38 0.19504380226135254
2 38 0.18304061889648438
2 38 0.18004155158996582
2 38 0.20010161399841309
2 38 0.19104313850402832
2 38 0.160628080368042
2 38 0.18404507637023926
2 38 0.19004297256469727
2 38 0.17103171348571777
