38 142 676.9479966163635
36 144 806.1044182777405
57 123 1086.2782084941864
38 142 773.6957085132599
29 151 867.655905008316
33 147 746.576596736908
32 148 690.8485345840454
47 133 969.4197225570679
49 131 1233.4246413707733
28 152 987.5061810016632
60 120 1027.9894120693207
31 149 624.4356575012207
48 132 1270.470355272293
29 151 909.7624223232269
40 140 761.0938968658447
23 157 482.6005959510803
32 148 793.6337008476257
60 120 852.2077341079712
39 141 985.4995257854462
38 142 1094.5359690189362
75 105 1117.0263178348541
26 154 749.2671480178833
44 136 749.0346052646637
32 148 717.9658753871918
43 137 1183.1314129829407
53 127 1150.999210357666
59 121 857.8581802845001
46 134 713.0916788578033
69 111 701.815477848053
73 107 1127.1442530155182
57 123 889.5116198062897
30 150 679.8307657241821
69 111 1032.3262865543365
58 122 1203.999123096466
48 132 830.0004324913025
44 136 761.1641082763672
48 132 697.0638456344604
43 137 859.2269394397736
59 121 789.281729221344
46 134 857.3684229850769
37 143 774.1286737918854
