160 0 16.70413112640381
160 0 16.56771755218506
160 0 15.957984447479248
160 0 22.805001258850098
160 0 15.533090353012085
160 0 20.266299962997437
160 0 17.988616704940796
160 0 23.971219778060913
160 0 17.57343292236328
160 0 13.401500940322876
160 0 22.70041584968567
160 0 22.721016883850098
160 0 24.5752911567688
160 0 13.642073631286621
160 0 18.96857976913452
160 0 32.733163833618164
160 0 20.80509901046753
160 0 26.132190704345703
160 0 18.620951652526855
160 0 29.667187452316284
160 0 26.720680713653564
160 0 23.00301957130432
160 0 21.994081020355225
160 0 20.43570375442505
160 0 21.655799627304077
160 0 27.70843195915222
160 0 21.33621835708618
160 0 26.677473545074463
160 0 25.650318145751953
160 0 30.71874451637268
160 0 31.158078908920288
160 0 32.40881395339966
160 0 24.924787282943726
160 0 25.25476908683777
160 0 30.138880729675293
160 0 29.470795154571533
160 0 25.889864921569824
160 0 25.004178047180176
160 0 33.347559213638306
160 0 23.396946668624878
160 0 21.75639581680298
160 0 26.126950979232788
160 0 23.367011547088623
160 0 22.912163734436035
160 0 27.133529901504517
160 0 22.03998851776123
160 0 27.430259227752686
160 0 26.912574291229248
160 0 22.525306701660156
160 0 23.723718881607056
160 0 26.42685842514038
160 0 19.607810020446777
160 0 20.533824682235718
160 0 26.206475734710693
160 0 21.14312195777893
160 0 18.52449679374695
160 0 17.960988521575928
160 0 23.204100847244263
160 0 31.596195220947266
160 0 17.682278394699097
160 0 23.247199296951294
160 0 20.039820671081543
160 0 19.795884609222412
160 0 24.997249126434326
160 0 22.137261867523193
160 0 33.06956148147583
160 0 24.04256319999695
160 0 23.58717942237854
160 0 26.344088554382324
160 0 26.407554864883423
160 0 23.489123106002808
160 0 25.188011407852173
160 0 20.941853761672974
160 0 19.06685471534729
160 0 20.08948302268982
160 0 25.91962718963623
160 0 26.172786712646484
160 0 18.373547315597534
160 0 19.648112297058105
160 0 22.958981037139893
160 0 19.703258991241455
160 0 19.97894287109375
160 0 17.868929386138916
160 0 27.564983367919922
160 0 30.636417388916016
160 0 26.13747477531433
160 0 19.552729606628418
160 0 26.23624300956726
160 0 21.684943437576294
160 0 22.09683918952942
160 0 20.972065448760986
160 0 26.541856050491333
160 0 24.49712300300598
160 0 32.36929678916931
160 0 21.499825477600098
160 0 35.26339936256409
160 0 25.20044183731079
160 0 23.07752537727356
160 0 26.38510489463806
160 0 22.070204973220825
160 0 28.348739862442017
160 0 34.407856702804565
160 0 27.75156831741333
160 0 22.038197994232178
