5 0 0.008000850677490234
5 0 0.009002685546875
5 0 0.010002374649047852
5 0 0.010001897811889648
5 0 0.009002685546875
5 0 0.009001970291137695
5 0 0.009002208709716797
5 0 0.009002685546875
5 0 0.009002447128295898
5 0 0.009003877639770508
5 0 0.014002323150634766
5 0 0.01600360870361328
5 0 0.011002302169799805
5 0 0.01200246810913086
5 0 0.016002893447875977
5 0 0.014002799987792969
5 0 0.014002561569213867
5 0 0.011002302169799805
5 0 0.01400303840637207
5 0 0.015002965927124023
5 0 0.011001825332641602
5 0 0.015002727508544922
5 0 0.01400303840637207
5 0 0.014003276824951172
5 0 0.011002779006958008
5 0 0.014002799987792969
5 0 0.014003276824951172
5 0 0.011002302169799805
5 0 0.011002540588378906
5 0 0.013003110885620117
5 0 0.011002540588378906
5 0 0.013002157211303711
5 0 0.011001110076904297
5 0 0.010001659393310547
5 0 0.013002634048461914
5 0 0.011002302169799805
5 0 0.014003276824951172
5 0 0.008001089096069336
5 0 0.014003515243530273
5 0 0.01400303840637207
5 0 0.015004158020019531
5 0 0.012001752853393555
5 0 0.011002063751220703
5 0 0.012001514434814453
5 0 0.014002799987792969
5 0 0.013002872467041016
5 0 0.015003204345703125
5 0 0.014002561569213867
5 0 0.01400303840637207
5 0 0.012002229690551758
5 0 0.011001110076904297
5 0 0.011002063751220703
5 0 0.010002613067626953
5 0 0.010001897811889648
5 0 0.014002561569213867
5 0 0.01500248908996582
5 0 0.015002250671386719
5 0 0.013002395629882812
5 0 0.012001991271972656
5 0 0.012002706527709961
5 0 0.014003276824951172
5 0 0.013002872467041016
5 0 0.011001825332641602
5 0 0.05401134490966797
5 0 0.01400303840637207
5 0 0.01500391960144043
5 0 0.013002395629882812
5 0 0.01500248908996582
5 0 0.012003898620605469
5 0 0.01400303840637207
5 0 0.019003629684448242
5 0 0.01600337028503418
5 0 0.014003276824951172
5 0 0.01600360870361328
5 0 0.013002157211303711
5 0 0.015003442764282227
5 0 0.014002561569213867
5 0 0.017004728317260742
5 0 0.015004158020019531
5 0 0.015002250671386719
5 0 0.01400303840637207
5 0 0.014002799987792969
5 0 0.015003442764282227
5 0 0.01400303840637207
5 0 0.01400303840637207
5 0 0.016002893447875977
5 0 0.015002965927124023
5 0 0.014003515243530273
5 0 0.014002799987792969
5 0 0.014003276824951172
5 0 0.01400303840637207
5 0 0.015003204345703125
5 0 0.012003183364868164
5 0 0.011002302169799805
5 0 0.013002872467041016
5 0 0.015003681182861328
5 0 0.01600337028503418
5 0 0.015001773834228516
5 0 0.015002965927124023
5 0 0.013002634048461914
