40 0 0.3651595115661621
40 0 0.40053582191467285
40 0 0.3671133518218994
40 0 0.3676290512084961
40 0 0.3744995594024658
40 0 0.4390904903411865
40 0 0.39913415908813477
40 0 0.36313867568969727
40 0 0.3591270446777344
40 0 0.35945558547973633
40 0 0.5580792427062988
40 0 0.5022587776184082
40 0 0.5661523342132568
40 0 0.584054708480835
40 0 0.5519201755523682
40 0 0.5727324485778809
40 0 0.5863053798675537
40 0 0.5401036739349365
40 0 0.441162109375
40 0 0.5666661262512207
40 0 0.539172887802124
40 0 0.5397422313690186
40 0 0.5726675987243652
40 0 0.49009132385253906
40 0 0.561671257019043
40 0 0.4361090660095215
40 0 0.3982560634613037
40 0 0.5432088375091553
40 0 0.4830794334411621
40 0 0.5541367530822754
40 0 0.5490050315856934
40 0 0.5501236915588379
40 0 0.5901336669921875
40 0 0.5641272068023682
40 0 0.5530824661254883
40 0 0.5902004241943359
40 0 0.5431220531463623
40 0 0.5121152400970459
40 0 0.5801308155059814
40 0 0.5951342582702637
40 0 0.5011119842529297
40 0 0.6111373901367188
40 0 0.5371205806732178
40 0 0.5921337604522705
40 0 0.6191401481628418
40 0 0.5667414665222168
40 0 0.5631272792816162
40 0 0.5611259937286377
40 0 0.5891323089599609
40 0 0.5911321640014648
40 0 0.4941103458404541
40 0 0.5631263256072998
40 0 0.5811309814453125
40 0 0.6091291904449463
40 0 0.6071367263793945
40 0 0.6221399307250977
40 0 0.5831320285797119
40 0 0.5111150741577148
40 0 0.6321420669555664
40 0 0.5191171169281006
40 0 0.5701282024383545
40 0 0.5431218147277832
40 0 0.5971348285675049
40 0 0.6011350154876709
40 0 0.5321202278137207
40 0 0.5811305046081543
40 0 0.5665044784545898
40 0 0.5625250339508057
40 0 0.5743184089660645
40 0 0.4471001625061035
40 0 0.46010398864746094
40 0 0.659149169921875
40 0 0.551124095916748
40 0 0.537121057510376
40 0 0.5041134357452393
40 0 0.49111104011535645
40 0 0.5951335430145264
40 0 0.3940887451171875
40 0 0.513115644454956
40 0 0.4290964603424072
40 0 0.45510244369506836
40 0 0.4741065502166748
40 0 0.6701509952545166
40 0 0.4410994052886963
40 0 0.4410984516143799
40 0 0.502112627029419
40 0 0.4431009292602539
40 0 0.5651280879974365
40 0 0.6061365604400635
40 0 0.5231175422668457
40 0 0.6191389560699463
40 0 0.5541248321533203
40 0 0.4451003074645996
40 0 0.538121223449707
40 0 0.6161391735076904
40 0 0.5731289386749268
40 0 0.5771298408508301
40 0 0.5241167545318604
40 0 0.49511122703552246
