4 94 8.586722135543823
4 94 8.391593933105469
4 94 8.599164485931396
4 94 8.770976543426514
4 94 8.448309659957886
4 94 8.641574621200562
4 94 8.622922420501709
4 94 9.421812534332275
4 94 9.29151725769043
4 94 8.62453317642212
4 94 9.142289400100708
4 94 8.945621728897095
4 94 9.168123245239258
4 94 9.876884937286377
4 94 8.967665672302246
4 94 9.640994310379028
4 94 9.409353971481323
4 94 9.426781415939331
4 94 8.98526120185852
4 94 8.999614477157593
4 94 13.212838172912598
4 94 13.59878396987915
4 94 15.157475233078003
4 94 14.942450284957886
4 94 8.815903425216675
4 94 8.750408411026001
4 94 8.748751401901245
4 94 8.836215257644653
