125 0 15.459090948104858
125 0 15.503643035888672
125 0 14.067630052566528
125 0 18.57357931137085
125 0 15.777088165283203
125 0 14.533579587936401
125 0 15.294897079467773
125 0 14.196059942245483
125 0 15.724446773529053
125 0 14.437895059585571
125 0 23.02583956718445
125 0 21.712374687194824
125 0 23.030968189239502
125 0 22.425415992736816
125 0 20.85668182373047
125 0 22.719648599624634
125 0 23.104837894439697
125 0 21.20944857597351
125 0 23.462326288223267
125 0 25.30068612098694
125 0 22.424710512161255
125 0 22.256497144699097
125 0 21.3391273021698
125 0 21.925474643707275
125 0 20.991358518600464
125 0 24.266387701034546
125 0 23.945744037628174
125 0 24.2511043548584
125 0 22.596426725387573
125 0 22.984383821487427
125 0 20.345659494400024
125 0 23.39195489883423
125 0 22.768494606018066
125 0 20.83675503730774
125 0 23.895328044891357
125 0 21.916959762573242
125 0 21.392457485198975
125 0 22.66683554649353
125 0 28.391589641571045
125 0 20.975411653518677
125 0 25.14121389389038
125 0 25.63498330116272
125 0 26.822038173675537
125 0 25.70000123977661
125 0 23.982070922851562
125 0 23.81367301940918
125 0 23.092068433761597
125 0 23.77784562110901
125 0 24.94743013381958
125 0 22.31046748161316
125 0 23.053862810134888
125 0 22.479187726974487
125 0 22.121232748031616
125 0 22.146201848983765
125 0 21.129141569137573
125 0 22.39121437072754
125 0 20.44241189956665
125 0 20.29904341697693
125 0 22.67068600654602
125 0 28.79457116127014
