10 0 0.019014358520507812
10 0 0.0200040340423584
10 0 0.021004199981689453
10 0 0.022005796432495117
10 0 0.022005319595336914
10 0 0.024005889892578125
10 0 0.022005081176757812
10 0 0.020005226135253906
10 0 0.018004655838012695
10 0 0.02001810073852539
10 0 0.027005910873413086
10 0 0.03400707244873047
10 0 0.03300595283508301
10 0 0.03300786018371582
10 0 0.029005050659179688
10 0 0.039008378982543945
10 0 0.04400897026062012
10 0 0.041841745376586914
10 0 0.03400707244873047
10 0 0.03700828552246094
10 0 0.026005983352661133
10 0 0.03100728988647461
10 0 0.032007694244384766
10 0 0.03200674057006836
10 0 0.030006885528564453
10 0 0.032007455825805664
10 0 0.027010440826416016
10 0 0.03302931785583496
10 0 0.02800464630126953
10 0 0.03194928169250488
10 0 0.031006574630737305
10 0 0.06501364707946777
10 0 0.026003599166870117
10 0 0.030007123947143555
10 0 0.025004863739013672
10 0 0.02800607681274414
10 0 0.025004863739013672
10 0 0.025005578994750977
10 0 0.02600550651550293
10 0 0.03000664710998535
10 0 0.02700519561767578
10 0 0.03300738334655762
10 0 0.02600574493408203
10 0 0.025006532669067383
10 0 0.03400778770446777
10 0 0.027005672454833984
10 0 0.032007455825805664
10 0 0.03400683403015137
10 0 0.030004262924194336
10 0 0.03300642967224121
10 0 0.030005931854248047
10 0 0.025004863739013672
10 0 0.031006574630737305
10 0 0.028006553649902344
10 0 0.027005434036254883
10 0 0.02800607681274414
10 0 0.030005693435668945
10 0 0.03500795364379883
10 0 0.04600811004638672
10 0 0.026006698608398438
10 0 0.031006574630737305
10 0 0.030005931854248047
10 0 0.025005340576171875
10 0 0.033006906509399414
10 0 0.03300642967224121
10 0 0.03600764274597168
10 0 0.051012277603149414
10 0 0.032007455825805664
10 0 0.023004770278930664
10 0 0.030005693435668945
