360 0 40.69280004501343
360 0 48.68101406097412
360 0 54.54487729072571
360 0 48.38423490524292
360 0 64.52729511260986
360 0 58.21341419219971
360 0 52.510908365249634
360 0 59.809754848480225
360 0 132.0296130180359
355 5 68.36314821243286
358 2 62.870408058166504
360 0 59.14887452125549
358 2 47.58089017868042
360 0 56.33281111717224
352 8 45.432005643844604
360 0 42.58175015449524
360 0 56.23694562911987
360 0 48.82514238357544
360 0 48.686923027038574
360 0 57.784090518951416
360 0 66.93937492370605
360 0 61.47326922416687
360 0 50.716428995132446
360 0 42.54876637458801
360 0 41.9444522857666
358 2 42.894667625427246
360 0 44.0909378528595
360 0 68.9784607887268
360 0 57.69090390205383
360 0 57.677027463912964
360 0 60.880711793899536
360 0 64.58237051963806
360 0 71.93185019493103
360 0 60.657975912094116
360 0 59.52147817611694
360 0 60.02410960197449
360 0 54.79182410240173
360 0 55.728325843811035
360 0 55.86009931564331
360 0 55.75502252578735
360 0 48.62255668640137
360 0 48.09307646751404
360 0 41.97352385520935
360 0 61.1776020526886
360 0 62.98551535606384
360 0 54.483333110809326
360 0 61.32283568382263
357 3 52.54228687286377
360 0 64.705815076828
360 0 65.02484393119812
360 0 63.212597608566284
360 0 64.52956795692444
360 0 66.18942785263062
360 0 64.06833076477051
360 0 62.798585414886475
360 0 59.31289792060852
360 0 59.863529443740845
360 0 68.30359196662903
360 0 64.74590110778809
360 0 65.4015760421753
