50 0 0.6121389865875244
50 0 0.6531462669372559
50 0 0.6251416206359863
50 0 0.6201388835906982
50 0 0.6141376495361328
50 0 0.6521475315093994
50 0 0.6242184638977051
50 0 0.6521463394165039
50 0 0.6277105808258057
50 0 0.6094565391540527
50 0 0.9342105388641357
50 0 1.0152289867401123
50 0 0.9495291709899902
50 0 0.9032027721405029
50 0 1.099247932434082
50 0 1.1002476215362549
50 0 1.0282318592071533
50 0 1.0082271099090576
50 0 1.0052270889282227
50 0 1.0112285614013672
50 0 0.9752192497253418
50 0 0.9612164497375488
50 0 1.09824800491333
50 0 1.2137258052825928
50 0 1.0342328548431396
50 0 0.9942238330841064
50 0 1.192734956741333
50 0 0.9682180881500244
50 0 0.9862222671508789
50 0 0.9992246627807617
50 0 0.998225212097168
50 0 1.012228012084961
50 0 0.9654562473297119
50 0 1.0042262077331543
50 0 0.9812216758728027
50 0 1.0082271099090576
50 0 1.002225637435913
50 0 0.9022030830383301
50 0 1.0146865844726562
50 0 0.9952244758605957
50 0 0.9952242374420166
50 0 0.9542155265808105
50 0 1.1342556476593018
50 0 1.4653303623199463
50 0 0.9942243099212646
50 0 1.0132286548614502
50 0 1.447326898574829
50 0 1.0066747665405273
50 0 1.012228012084961
50 0 1.0802435874938965
50 0 1.1022489070892334
50 0 0.9952244758605957
50 0 1.0202295780181885
50 0 1.1452581882476807
50 0 1.0112273693084717
50 0 1.076242446899414
50 0 1.0922460556030273
50 0 1.135256290435791
50 0 1.014228343963623
50 0 1.0342333316802979
50 0 1.2862887382507324
50 0 1.0362331867218018
50 0 1.4538342952728271
50 0 1.2012708187103271
50 0 1.4523274898529053
50 0 1.0882446765899658
50 0 1.0622389316558838
50 0 1.0652401447296143
50 0 1.3463032245635986
50 0 1.0527420043945312
