125 0 5.854587078094482
125 0 5.865893363952637
125 0 5.985520601272583
125 0 6.127397060394287
125 0 5.917335271835327
125 0 6.0383758544921875
125 0 5.978191614151001
125 0 5.954592704772949
125 0 5.9760425090789795
125 0 5.970333099365234
125 0 10.095089673995972
125 0 11.95319938659668
125 0 13.28299355506897
125 0 11.200977563858032
125 0 11.645129203796387
125 0 10.677912473678589
125 0 9.713188648223877
125 0 9.833216428756714
125 0 9.945203304290771
125 0 9.426797866821289
125 0 9.733540773391724
125 0 9.363797187805176
125 0 9.988258361816406
125 0 9.774226665496826
125 0 9.737194776535034
125 0 9.585970640182495
125 0 10.220046997070312
125 0 9.000121355056763
125 0 8.54555082321167
125 0 9.653093576431274
125 0 9.605198860168457
125 0 8.647271394729614
125 0 8.350292682647705
125 0 9.336486339569092
125 0 9.25402307510376
125 0 8.71523666381836
125 0 9.220231056213379
121 4 10.066730499267578
125 0 8.985254764556885
125 0 9.102139949798584
125 0 8.655302047729492
125 0 8.35488486289978
125 0 9.301281929016113
125 0 8.940357685089111
125 0 7.875587224960327
125 0 8.721012115478516
125 0 8.477696180343628
125 0 7.871928691864014
122 3 7.795671224594116
120 5 9.022079467773438
125 0 7.33216667175293
125 0 7.702937126159668
125 0 7.582775115966797
125 0 7.635438919067383
125 0 7.661483526229858
125 0 7.329238176345825
125 0 7.439495325088501
125 0 7.490598201751709
125 0 7.832235336303711
125 0 7.453152179718018
120 5 9.484405279159546
125 0 8.246874809265137
125 0 8.14907693862915
125 0 8.324898719787598
125 0 7.992801189422607
125 0 7.611758232116699
125 0 7.860521554946899
125 0 8.130284070968628
125 0 7.402403116226196
125 0 7.374952077865601
