32 0 0.33707594871520996
32 0 0.32607436180114746
32 0 0.3380749225616455
32 0 0.33707332611083984
32 0 0.3323178291320801
32 0 0.3340761661529541
32 0 0.3320751190185547
32 0 0.35507893562316895
32 0 0.3300745487213135
32 0 0.33707571029663086
32 0 0.479461669921875
32 0 0.45510268211364746
32 0 0.6091361045837402
32 0 0.5191168785095215
32 0 0.5131158828735352
32 0 0.513028621673584
32 0 0.4594850540161133
32 0 0.4846057891845703
32 0 0.5211172103881836
32 0 0.49711179733276367
32 0 0.4881103038787842
32 0 0.553124189376831
32 0 0.5151150226593018
32 0 0.5271391868591309
32 0 0.5251181125640869
32 0 0.5561251640319824
32 0 0.502112627029419
32 0 0.5311195850372314
32 0 0.5431218147277832
32 0 0.5166230201721191
32 0 0.5621297359466553
32 0 0.5461232662200928
32 0 0.5791308879852295
32 0 0.5301191806793213
32 0 0.5451228618621826
32 0 0.5611262321472168
32 0 0.5461227893829346
32 0 0.5631265640258789
32 0 0.5634596347808838
32 0 0.551123857498169
32 0 0.5931329727172852
32 0 0.5901331901550293
32 0 0.5831310749053955
32 0 0.5641269683837891
32 0 0.5461230278015137
32 0 0.5571260452270508
32 0 0.6171386241912842
32 0 0.5471236705780029
32 0 0.550123929977417
32 0 0.6069927215576172
32 0 0.5581262111663818
32 0 0.6061372756958008
32 0 0.5611262321472168
32 0 0.6741511821746826
32 0 0.761171817779541
32 0 0.6391434669494629
32 0 0.6301422119140625
32 0 0.569129467010498
32 0 0.5481235980987549
32 0 0.5591256618499756
32 0 0.5321202278137207
32 0 0.5671274662017822
32 0 0.5841360092163086
32 0 0.5421288013458252
32 0 0.5711278915405273
32 0 0.5271203517913818
32 0 0.5601258277893066
32 0 0.5531244277954102
32 0 0.5561251640319824
32 0 0.5481345653533936
