5 0 0.01900482177734375
5 0 0.044010162353515625
5 0 0.02500462532043457
5 0 0.031006574630737305
5 0 0.01800394058227539
5 0 0.021004676818847656
5 0 0.01800370216369629
5 0 0.030007123947143555
5 0 0.024004697799682617
5 0 0.023005008697509766
5 0 0.033007144927978516
5 0 0.04300999641418457
5 0 0.04100918769836426
5 0 0.04100918769836426
5 0 0.029006004333496094
5 0 0.03400778770446777
5 0 0.03500771522521973
5 0 0.03600811958312988
5 0 0.02800607681274414
5 0 0.031007051467895508
5 0 0.021004438400268555
5 0 0.03659462928771973
5 0 0.022005081176757812
5 0 0.023951053619384766
5 0 0.029006481170654297
5 0 0.04400992393493652
5 0 0.031006336212158203
5 0 0.025005578994750977
5 0 0.03100728988647461
5 0 0.03600788116455078
5 0 0.023005247116088867
5 0 0.033007144927978516
5 0 0.05401206016540527
5 0 0.03000664710998535
5 0 0.044010162353515625
5 0 0.027006149291992188
5 0 0.02800583839416504
5 0 0.04400920867919922
5 0 0.03200674057006836
5 0 0.04752206802368164
5 0 0.03397083282470703
5 0 0.03000664710998535
5 0 0.042954206466674805
5 0 0.03500795364379883
5 0 0.031006813049316406
5 0 0.022004127502441406
5 0 0.07601809501647949
5 0 0.03700852394104004
5 0 0.042009830474853516
5 0 0.038008928298950195
5 0 0.031007051467895508
5 0 0.03700876235961914
5 0 0.03700900077819824
5 0 0.019003629684448242
5 0 0.0490114688873291
5 0 0.03700852394104004
5 0 0.0290067195892334
5 0 0.03700733184814453
5 0 0.041010141372680664
5 0 0.03000664710998535
5 0 0.028006553649902344
5 0 0.03100752830505371
5 0 0.0290067195892334
5 0 0.04200935363769531
5 0 0.03700757026672363
5 0 0.031007051467895508
5 0 0.04701066017150879
5 0 0.052011966705322266
5 0 0.0310060977935791
5 0 0.03400754928588867
