125 0 7.42100715637207
125 0 7.419252157211304
125 0 7.3156044483184814
125 0 7.3168652057647705
125 0 7.497932195663452
125 0 7.517346620559692
125 0 7.48613429069519
125 0 7.4020912647247314
125 0 7.7397496700286865
125 0 7.179895877838135
125 0 11.020463466644287
125 0 10.558403015136719
125 0 10.75956654548645
125 0 11.009598970413208
125 0 10.799804449081421
125 0 10.66242241859436
125 0 10.816192865371704
125 0 11.037755727767944
125 0 10.833094835281372
125 0 10.95366382598877
125 0 10.885465621948242
125 0 11.0877046585083
125 0 11.181957244873047
125 0 10.950100183486938
125 0 10.638759851455688
125 0 11.074180126190186
125 0 11.021327257156372
125 0 10.658285856246948
125 0 11.043238878250122
125 0 11.121570587158203
125 0 11.020935773849487
125 0 10.997424602508545
125 0 10.617274045944214
125 0 10.81217336654663
125 0 10.459611892700195
125 0 11.402856349945068
125 0 10.969829797744751
125 0 11.057328939437866
125 0 11.12666940689087
125 0 10.803652286529541
125 0 10.844610929489136
125 0 10.759055852890015
125 0 10.794781684875488
125 0 11.228028059005737
125 0 10.768528461456299
125 0 11.29826831817627
125 0 11.39527440071106
125 0 11.809563398361206
125 0 10.757828950881958
125 0 11.014107704162598
125 0 11.481830835342407
125 0 11.089554786682129
125 0 11.126320600509644
125 0 11.063327074050903
125 0 11.202892303466797
125 0 11.785796403884888
125 0 11.691491603851318
125 0 11.588144302368164
125 0 11.635140895843506
122 3 11.7568039894104
