160 0 8.257466077804565
160 0 7.812907695770264
160 0 9.509397983551025
160 0 8.79854154586792
160 0 8.129729270935059
131 29 27.12764835357666
160 0 8.749776601791382
160 0 8.577072381973267
155 5 11.929639339447021
160 0 10.06273603439331
160 0 17.186301708221436
160 0 11.72655701637268
160 0 13.335432291030884
160 0 8.887852191925049
160 0 8.857792615890503
160 0 10.696908950805664
160 0 11.433655977249146
160 0 11.980212211608887
160 0 10.814999103546143
160 0 11.215033769607544
160 0 12.018921375274658
160 0 12.255406379699707
160 0 10.794403791427612
160 0 12.922178506851196
160 0 13.722209215164185
160 0 12.373632431030273
160 0 14.020304441452026
160 0 12.038437366485596
160 0 13.82668423652649
153 7 20.27300214767456
160 0 15.977553844451904
160 0 17.048842191696167
160 0 15.53650164604187
160 0 14.33323073387146
143 17 26.03173327445984
160 0 12.957920551300049
160 0 23.757503032684326
160 0 16.786189556121826
160 0 13.2841055393219
160 0 18.665615558624268
160 0 15.551504611968994
160 0 12.607683658599854
160 0 14.06525993347168
160 0 12.500818014144897
160 0 12.631052255630493
160 0 13.715068340301514
160 0 14.133960247039795
160 0 13.6099853515625
160 0 11.962281942367554
160 0 12.528536081314087
160 0 12.351302862167358
135 25 32.860209941864014
160 0 12.386603832244873
