180 0 37.90826654434204
180 0 36.1417396068573
180 0 37.089532136917114
180 0 36.00531578063965
180 0 38.16792154312134
180 0 37.094399213790894
180 0 49.626222372055054
180 0 37.34725546836853
180 0 51.3870050907135
180 0 37.494449853897095
180 0 36.79465460777283
180 0 41.09355926513672
180 0 41.5782036781311
180 0 48.54080843925476
180 0 45.93822956085205
180 0 45.84662175178528
180 0 55.76798176765442
180 0 64.48767590522766
180 0 64.12722182273865
180 0 56.46773314476013
180 0 60.172826290130615
180 0 64.93034267425537
180 0 57.48368000984192
180 0 58.27053904533386
180 0 71.73998522758484
180 0 58.68083047866821
180 0 62.169283390045166
180 0 64.63989281654358
180 0 62.56597280502319
180 0 66.77216029167175
180 0 62.75741243362427
180 0 63.933342933654785
180 0 60.37860155105591
180 0 60.089152812957764
180 0 57.67461895942688
180 0 69.60804390907288
180 0 60.98081946372986
180 0 56.90915846824646
180 0 63.3995463848114
180 0 62.22039031982422
180 0 58.98998236656189
180 0 53.944498777389526
180 0 54.31117820739746
180 0 55.48373985290527
180 0 56.64791417121887
180 0 56.264692544937134
180 0 53.158557653427124
180 0 59.19134879112244
180 0 53.505656480789185
180 0 56.586275815963745
180 0 55.06731915473938
180 0 53.193408489227295
180 0 73.33929681777954
180 0 52.01235866546631
180 0 56.7674617767334
180 0 56.4955198764801
180 0 71.9017653465271
180 0 65.62015199661255
180 0 62.88252568244934
180 0 73.16774034500122
180 0 68.68105697631836
180 0 64.74392819404602
180 0 70.56890630722046
180 0 61.87065029144287
180 0 55.4314284324646
180 0 54.47419023513794
