39 6 1.309138536453247
38 7 1.6353685855865479
43 2 1.2262766361236572
40 5 1.90142822265625
40 5 1.826319932937622
35 10 1.9004278182983398
42 3 1.3072938919067383
35 10 2.026455879211426
37 8 1.663374900817871
39 6 1.5573499202728271
42 3 1.4156548976898193
34 11 2.417266607284546
40 5 1.6072444915771484
37 8 1.9955005645751953
33 12 3.3407466411590576
39 6 2.2395031452178955
36 9 3.4207656383514404
30 15 3.813854455947876
39 6 2.0814661979675293
32 13 3.713831901550293
38 7 2.2184970378875732
32 13 3.7708446979522705
34 11 2.144479751586914
37 8 1.9624404907226562
35 10 2.329521417617798
38 7 2.279510498046875
35 10 2.534569025039673
42 3 2.0604617595672607
35 10 2.8056294918060303
35 10 2.3395235538482666
39 6 2.1554839611053467
36 9 2.5125632286071777
35 10 2.9056503772735596
37 8 1.9024255275726318
34 11 3.294738292694092
31 14 4.08091402053833
42 3 1.8254096508026123
34 11 2.9426581859588623
32 13 3.2757349014282227
