8 152 397.2997987270355
12 148 563.1398272514343
23 137 436.2816469669342
21 139 502.2877314090729
28 132 449.47108602523804
17 143 367.9345932006836
23 137 529.7853486537933
26 134 380.36023926734924
37 123 507.1974456310272
76 84 621.1419479846954
35 125 401.94086170196533
15 145 516.243485212326
22 138 362.5005419254303
25 135 454.3331735134125
29 131 447.8417465686798
45 115 553.564640045166
18 142 378.7945005893707
65 95 361.69347310066223
45 115 438.110782623291
24 136 424.87710452079773
10 150 343.0065541267395
20 140 412.4512758255005
