8 0 0.07901716232299805
8 0 0.06601428985595703
8 0 0.0490109920501709
6 2 0.058013200759887695
8 0 0.05501151084899902
6 2 0.058012962341308594
8 0 0.06101727485656738
6 2 0.06601262092590332
6 2 0.06401395797729492
8 0 0.02800464630126953
8 0 0.02600550651550293
8 0 0.05905938148498535
8 0 0.04601144790649414
6 2 0.07520103454589844
6 2 0.08431673049926758
8 0 0.030007362365722656
6 2 0.14928388595581055
6 2 0.07902812957763672
6 2 0.0850529670715332
8 0 0.030005931854248047
6 2 0.1340477466583252
8 0 0.03400826454162598
8 0 0.042009592056274414
8 0 0.11402750015258789
8 0 0.01800394058227539
6 2 0.08522820472717285
8 0 0.03400754928588867
6 2 0.12512469291687012
6 2 0.07318711280822754
6 2 0.08313989639282227
8 0 0.08301925659179688
6 2 0.08303165435791016
6 2 0.08902835845947266
6 2 0.11402750015258789
8 0 0.14103102684020996
6 2 0.10702276229858398
8 0 0.040009260177612305
6 2 0.22805142402648926
8 0 0.03800821304321289
6 2 0.09302067756652832
6 2 0.10802531242370605
8 0 0.043009281158447266
6 2 0.12402796745300293
8 0 0.027006149291992188
8 0 0.11708188056945801
8 0 0.04100942611694336
8 0 0.14303231239318848
8 0 0.03400754928588867
8 0 0.057013511657714844
6 2 0.1000223159790039
8 0 0.07714295387268066
6 2 0.13547468185424805
8 0 0.050998687744140625
6 2 0.15904021263122559
6 2 0.0821075439453125
8 0 0.1013340950012207
8 0 0.03402090072631836
8 0 0.03194022178649902
4 4 0.23034310340881348
6 2 0.08693790435791016
8 0 0.025005578994750977
8 0 0.06999969482421875
6 2 0.09906983375549316
8 0 0.05903363227844238
8 0 0.058164358139038086
6 2 0.1871330738067627
8 0 0.04490351676940918
8 0 0.04901123046875
6 2 0.11002588272094727
8 0 0.08802008628845215
