3 5 0.01400303840637207
3 5 0.014001846313476562
3 5 0.013002157211303711
3 5 0.014002799987792969
3 5 0.014003515243530273
3 5 0.015002250671386719
3 5 0.015002727508544922
3 5 0.014002799987792969
3 5 0.015002727508544922
3 5 0.014002799987792969
3 5 0.014002799987792969
3 5 0.022005081176757812
3 5 0.018002986907958984
3 5 0.022005081176757812
3 5 0.022005796432495117
3 5 0.022005081176757812
3 5 0.022005319595336914
3 5 0.022005558013916016
3 5 0.02400517463684082
3 5 0.02200484275817871
3 5 0.0200042724609375
3 5 0.018004179000854492
3 5 0.01600360870361328
3 5 0.024004697799682617
3 5 0.016003847122192383
3 5 0.0220034122467041
3 5 0.02200484275817871
3 5 0.020003318786621094
3 5 0.018003463745117188
3 5 0.018003225326538086
3 5 0.01900506019592285
3 5 0.0200045108795166
3 5 0.021004199981689453
3 5 0.020003795623779297
3 5 0.0200042724609375
3 5 0.020003080368041992
3 5 0.017003536224365234
3 5 0.020003318786621094
3 5 0.017003774642944336
3 5 0.017003536224365234
3 5 0.01600360870361328
3 5 0.02300548553466797
3 5 0.018003225326538086
3 5 0.02200794219970703
3 5 0.01900458335876465
3 5 0.023005247116088867
3 5 0.023003816604614258
3 5 0.0200045108795166
3 5 0.021004438400268555
3 5 0.023004770278930664
3 5 0.02400517463684082
3 5 0.01868295669555664
3 5 0.02293992042541504
3 5 0.01918482780456543
3 5 0.02061629295349121
3 5 0.017003774642944336
3 5 0.02205944061279297
3 5 0.020628690719604492
3 5 0.017578601837158203
3 5 0.023004770278930664
3 5 0.0200040340423584
3 5 0.02217864990234375
3 5 0.018004179000854492
3 5 0.021689414978027344
3 5 0.018134355545043945
3 5 0.022400856018066406
3 5 0.022350072860717773
3 5 0.019004344940185547
3 5 0.02200484275817871
3 5 0.023005247116088867
