98 0 4.038156032562256
98 0 3.8103065490722656
98 0 3.7971439361572266
98 0 3.8588154315948486
98 0 3.8896117210388184
98 0 3.7994613647460938
98 0 3.8564066886901855
98 0 3.7848141193389893
98 0 3.843675136566162
98 0 3.900498390197754
98 0 3.789391279220581
98 0 3.871410369873047
98 0 4.133398056030273
98 0 4.008912801742554
98 0 4.050786733627319
98 0 4.034909725189209
98 0 4.214423418045044
98 0 3.9948911666870117
98 0 3.974795341491699
98 0 3.9028797149658203
98 0 5.240180492401123
98 0 5.179121732711792
98 0 6.0813703536987305
98 0 5.712287425994873
98 0 5.843317031860352
98 0 6.351895570755005
98 0 6.4534547328948975
98 0 7.257143974304199
98 0 6.044373512268066
98 0 6.150386810302734
98 0 6.37889838218689
98 0 7.260635614395142
98 0 7.118603229522705
98 0 6.4039483070373535
98 0 7.451718330383301
98 0 6.689968824386597
98 0 6.588482856750488
98 0 6.583483934402466
98 0 6.500977993011475
98 0 7.080101013183594
98 0 6.704015493392944
98 0 6.808534622192383
98 0 6.776033401489258
98 0 6.973572492599487
98 0 6.653500080108643
98 0 7.123080492019653
98 0 6.669503211975098
98 0 6.082370758056641
98 0 5.789810419082642
98 0 6.058365106582642
98 0 6.327425956726074
98 0 6.100374460220337
98 0 6.172618627548218
98 0 6.124008893966675
98 0 6.195836305618286
98 0 6.048726797103882
98 0 6.345430374145508
98 0 6.234404563903809
98 0 6.308901071548462
98 0 6.151487588882446
98 0 6.391641616821289
98 0 6.2007200717926025
98 0 6.228832244873047
98 0 6.000191688537598
98 0 5.794635534286499
98 0 5.693965435028076
98 0 5.836888551712036
98 0 6.208662748336792
98 0 5.584898471832275
98 0 5.915435791015625
98 0 5.867994546890259
98 0 5.743044853210449
98 0 6.059222936630249
98 0 5.875049114227295
98 0 5.429602146148682
98 0 5.772950172424316
98 0 5.959845304489136
98 0 5.728189706802368
98 0 5.87187385559082
98 0 5.710418701171875
98 0 5.605359792709351
98 0 5.8541810512542725
98 0 5.813481092453003
98 0 5.765807628631592
93 5 7.339718341827393
