72 26 30.641604900360107
72 26 24.9134464263916
74 24 24.820593118667603
83 15 26.522993564605713
79 19 22.08192205429077
82 16 21.902076244354248
70 28 20.181684017181396
78 20 30.242534637451172
74 24 22.42023205757141
72 26 25.886324644088745
69 29 21.564860105514526
89 9 28.945532083511353
70 28 26.444480895996094
74 24 24.673380136489868
76 22 23.552608966827393
80 18 18.944852352142334
85 13 24.928795099258423
84 14 25.7897686958313
81 17 21.148615837097168
77 21 22.72606134414673
77 21 29.501806497573853
67 31 33.97049307823181
66 32 47.93139672279358
77 21 42.969916582107544
87 11 27.41471838951111
86 12 23.876696825027466
84 14 28.195982694625854
57 41 28.908265352249146
