43 0 0.548900842666626
43 0 0.5467824935913086
43 0 0.5625350475311279
43 0 0.536501407623291
43 0 0.5341858863830566
43 0 0.5019350051879883
43 0 0.5800063610076904
43 0 0.5469069480895996
43 0 0.5781605243682861
43 0 0.5680751800537109
43 0 0.9092056751251221
43 0 0.852191686630249
43 0 0.8741970062255859
43 0 0.9022035598754883
43 0 0.9352107048034668
43 0 0.9402117729187012
43 0 0.811182975769043
43 0 0.9252088069915771
43 0 0.8611934185028076
43 0 0.8481905460357666
43 0 1.0532374382019043
43 0 0.9082040786743164
43 0 0.9112062454223633
43 0 0.9662175178527832
43 0 0.9992251396179199
43 0 0.9562156200408936
43 0 0.9062037467956543
43 0 1.0392334461212158
43 0 0.9052038192749023
43 0 1.1142513751983643
43 0 0.9832212924957275
43 0 1.0212295055389404
43 0 1.0042269229888916
43 0 0.9532148838043213
43 0 1.1292533874511719
43 0 1.316296100616455
43 0 1.2362802028656006
43 0 1.2012698650360107
43 0 1.1432578563690186
43 0 0.9812211990356445
43 0 1.150259256362915
43 0 0.9412124156951904
43 0 0.9102044105529785
43 0 0.8661947250366211
43 0 1.1672632694244385
43 0 1.0177347660064697
43 0 0.9542145729064941
43 0 0.9072041511535645
43 0 0.8982019424438477
43 0 1.0202336311340332
43 0 1.1042487621307373
43 0 1.3322997093200684
43 0 1.738391399383545
43 0 1.062239408493042
43 0 1.1002464294433594
43 0 1.3002920150756836
43 0 1.038233995437622
43 0 1.0842444896697998
43 0 1.1782653331756592
43 0 0.9862213134765625
43 0 1.2192742824554443
43 0 1.0612382888793945
43 0 1.0852441787719727
43 0 1.0092277526855469
43 0 1.1552603244781494
43 0 0.9892227649688721
43 0 1.345304012298584
43 0 1.4543275833129883
43 0 1.0822436809539795
43 0 1.2992918491363525
43 0 0.8291869163513184
43 0 0.8731961250305176
43 0 0.8731961250305176
43 0 0.8271880149841309
43 0 0.9971327781677246
43 0 0.8011798858642578
43 0 0.8421893119812012
43 0 0.8031811714172363
43 0 0.7891690731048584
43 0 0.9192078113555908
43 0 0.8501901626586914
43 0 0.8001804351806641
43 0 0.8936710357666016
43 0 0.8942015171051025
43 0 0.8241868019104004
43 0 0.9072041511535645
43 0 0.7766978740692139
43 0 0.8121826648712158
43 0 0.8441896438598633
43 0 0.8171839714050293
43 0 0.8291878700256348
43 0 0.7781760692596436
43 0 0.7921791076660156
43 0 0.8031811714172363
43 0 0.8091819286346436
43 0 0.8871989250183105
43 0 0.8481903076171875
43 0 0.7981796264648438
43 0 0.8681957721710205
43 0 0.7510566711425781
