7 0 0.006001472473144531
7 0 0.007000923156738281
7 0 0.007000923156738281
7 0 0.0060002803802490234
7 0 0.0060007572174072266
7 0 0.0070018768310546875
7 0 0.006001710891723633
7 0 0.006000518798828125
7 0 0.005000114440917969
7 0 0.0060002803802490234
7 0 0.015004396438598633
7 0 0.011001348495483398
7 0 0.014002323150634766
7 0 0.012003421783447266
7 0 0.010003328323364258
7 0 0.0070018768310546875
7 0 0.012002706527709961
7 0 0.010002374649047852
7 0 0.012002229690551758
7 0 0.010002374649047852
7 0 0.011002063751220703
7 0 0.010001897811889648
7 0 0.009001731872558594
7 0 0.010003328323364258
7 0 0.009001970291137695
7 0 0.00800180435180664
7 0 0.013002395629882812
7 0 0.01000213623046875
7 0 0.007001161575317383
7 0 0.011002302169799805
7 0 0.010001897811889648
7 0 0.01100301742553711
7 0 0.008001327514648438
7 0 0.008002042770385742
7 0 0.00700068473815918
7 0 0.009001970291137695
7 0 0.01000213623046875
7 0 0.009001731872558594
7 0 0.009001970291137695
7 0 0.01000213623046875
7 0 0.011002302169799805
7 0 0.011001825332641602
7 0 0.01000213623046875
7 0 0.012001514434814453
7 0 0.007001399993896484
7 0 0.01000356674194336
7 0 0.01200246810913086
7 0 0.011002540588378906
7 0 0.007001638412475586
7 0 0.012002944946289062
7 0 0.0110015869140625
7 0 0.009001731872558594
7 0 0.010003089904785156
7 0 0.009002447128295898
7 0 0.012003421783447266
7 0 0.014003276824951172
7 0 0.022004127502441406
7 0 0.009002208709716797
7 0 0.0110015869140625
7 0 0.010002613067626953
7 0 0.012001991271972656
7 0 0.015002727508544922
7 0 0.008002996444702148
7 0 0.011002302169799805
7 0 0.011002302169799805
7 0 0.010021209716796875
7 0 0.01000213623046875
7 0 0.011002063751220703
7 0 0.010002374649047852
7 0 0.007001399993896484
