28 0 0.31307077407836914
28 0 0.23205232620239258
28 0 0.2340528964996338
28 0 0.2360544204711914
24 4 0.2991018295288086
26 2 0.22605061531066895
28 0 0.22205066680908203
26 2 0.2610585689544678
28 0 0.251056432723999
28 0 0.21204853057861328
25 3 0.42495179176330566
28 0 0.40105485916137695
25 3 0.565112829208374
28 0 0.5090591907501221
28 0 0.2489330768585205
23 5 0.42701101303100586
28 0 0.37214040756225586
28 0 0.3253200054168701
28 0 0.38098788261413574
24 4 0.6011347770690918
28 0 0.3769850730895996
24 4 0.49400973320007324
28 0 0.41308164596557617
28 0 0.4009127616882324
28 0 0.32057952880859375
25 3 0.5001122951507568
28 0 0.3120105266571045
28 0 0.40944576263427734
25 3 0.27653980255126953
26 2 0.46215033531188965
28 0 0.3470783233642578
26 2 0.5191166400909424
28 0 0.24405455589294434
28 0 0.5143730640411377
28 0 0.27706098556518555
28 0 0.40609145164489746
28 0 0.5121145248413086
26 2 0.3540794849395752
26 2 0.4961111545562744
26 2 0.3850862979888916
25 3 0.46610450744628906
28 0 0.32007384300231934
28 0 0.45433497428894043
23 5 0.7131602764129639
28 0 0.3540806770324707
25 3 0.41509389877319336
28 0 0.34807705879211426
28 0 0.3940894603729248
28 0 0.35708117485046387
28 0 0.3470778465270996
28 0 0.40296173095703125
28 0 0.33934640884399414
28 0 0.3671104907989502
28 0 0.7461678981781006
24 4 0.4413633346557617
28 0 0.37642765045166016
23 5 0.5266273021697998
28 0 0.3892793655395508
27 1 0.38098597526550293
26 2 0.38831520080566406
26 2 0.5334677696228027
28 0 0.27790355682373047
28 0 0.42235279083251953
28 0 0.26529765129089355
28 0 0.28099775314331055
26 2 0.4449937343597412
20 8 0.6310665607452393
26 2 0.6150674819946289
28 0 0.3887474536895752
26 2 0.6809818744659424
