98 0 3.7323060035705566
98 0 3.7108044624328613
98 0 3.726897716522217
98 0 3.7044641971588135
98 0 3.749537229537964
98 0 3.7066078186035156
98 0 3.7778780460357666
98 0 3.7672038078308105
98 0 3.7276487350463867
98 0 3.796170473098755
98 0 3.802856683731079
98 0 3.80185604095459
98 0 3.8738291263580322
98 0 3.7748513221740723
98 0 3.7808516025543213
98 0 4.05591344833374
98 0 3.9848978519439697
98 0 3.7722597122192383
98 0 3.8490662574768066
98 0 3.7832040786743164
98 0 4.722195148468018
98 0 4.6300435066223145
98 0 5.5952606201171875
98 0 5.705285549163818
98 0 4.7273736000061035
98 0 5.937338829040527
98 0 6.469465970993042
98 0 6.794996738433838
98 0 6.046362400054932
98 0 6.013355016708374
98 0 6.117378234863281
98 0 6.381943464279175
98 0 6.57698655128479
98 0 6.34843111038208
98 0 6.652939081192017
98 0 6.55147647857666
98 0 6.377943515777588
98 0 6.582991123199463
98 0 6.154386758804321
98 0 6.488924980163574
98 0 6.6124913692474365
98 0 6.577987194061279
98 0 6.491462230682373
98 0 6.710512399673462
98 0 6.48693060874939
98 0 6.5464746952056885
98 0 6.280415773391724
98 0 6.219901084899902
98 0 5.920333623886108
98 0 6.526977062225342
98 0 5.9563422203063965
98 0 5.85561990737915
98 0 6.110314846038818
98 0 6.012557744979858
98 0 5.7262468338012695
98 0 6.199397563934326
98 0 6.5134758949279785
98 0 6.116513729095459
98 0 6.135382652282715
98 0 6.320750713348389
98 0 6.029257535934448
98 0 6.001685380935669
98 0 7.446784496307373
98 0 5.345695734024048
98 0 5.67070198059082
98 0 5.525890111923218
98 0 5.83875584602356
98 0 5.648890733718872
98 0 5.5318639278411865
98 0 5.600229740142822
98 0 5.666995048522949
98 0 5.7737953662872314
98 0 5.7432544231414795
98 0 5.491616725921631
98 0 5.749404191970825
98 0 5.9648730754852295
98 0 5.78027606010437
98 0 5.650203704833984
98 0 5.343542575836182
98 0 5.595812797546387
98 0 5.29987096786499
98 0 5.7056639194488525
98 0 4.765812158584595
98 0 5.079070568084717
98 0 5.1638383865356445
98 0 3.873030424118042
98 0 3.8294429779052734
98 0 3.900480031967163
98 0 3.8420872688293457
