20 0 0.10604715347290039
20 0 0.10004425048828125
20 0 0.10609126091003418
20 0 0.10102105140686035
20 0 0.09799361228942871
20 0 0.1060178279876709
20 0 0.09799051284790039
20 0 0.11061263084411621
20 0 0.10405802726745605
20 0 0.10314083099365234
20 0 0.14528870582580566
20 0 0.12105154991149902
20 0 0.15991568565368652
20 0 0.11605644226074219
20 0 0.11342835426330566
20 0 0.15156149864196777
20 0 0.1690654754638672
20 0 0.13505959510803223
20 0 0.11905384063720703
20 0 0.11706423759460449
20 0 0.17119574546813965
20 0 0.13923120498657227
20 0 0.17032814025878906
20 0 0.16706371307373047
20 0 0.11832809448242188
20 0 0.1380443572998047
20 0 0.16318559646606445
20 0 0.13668012619018555
20 0 0.14712738990783691
20 0 0.17157769203186035
20 0 0.1600360870361328
20 0 0.16003632545471191
20 0 0.15503454208374023
20 0 0.11702632904052734
20 0 0.16984248161315918
20 0 0.14803338050842285
20 0 0.13403010368347168
20 0 0.15403485298156738
20 0 0.15004372596740723
20 0 0.11202502250671387
20 0 0.13703060150146484
20 0 0.1270284652709961
20 0 0.12602782249450684
20 0 0.1710376739501953
20 0 0.11302542686462402
20 0 0.14503240585327148
20 0 0.16503643989562988
20 0 0.16303730010986328
20 0 0.1400308609008789
20 0 0.1380312442779541
20 0 0.15503454208374023
20 0 0.13403034210205078
20 0 0.16303658485412598
20 0 0.1580352783203125
20 0 0.20304536819458008
20 0 0.13102984428405762
20 0 0.15203452110290527
20 0 0.15303349494934082
20 0 0.15003442764282227
20 0 0.13903331756591797
20 0 0.14603376388549805
20 0 0.14003205299377441
20 0 0.14403653144836426
20 0 0.13795709609985352
20 0 0.12502694129943848
20 0 0.10802412033081055
20 0 0.15203523635864258
20 0 0.15103363990783691
20 0 0.12002778053283691
20 0 0.11302471160888672
20 0 0.11002326011657715
