2 0 0.0010001659393310547
2 0 0.0010004043579101562
2 0 0.0020012855529785156
2 0 0.0010004043579101562
2 0 0.0010001659393310547
2 0 0.0010001659393310547
2 0 0.0010001659393310547
2 0 0.0010001659393310547
2 0 0.0010001659393310547
2 0 0.0009999275207519531
2 0 0.0020008087158203125
2 0 0.0010001659393310547
2 0 0.002000093460083008
2 0 0.0009989738464355469
2 0 0.0009999275207519531
2 0 0.003000020980834961
2 0 0.0020003318786621094
2 0 0.0010004043579101562
2 0 0.0010006427764892578
2 0 0.002000570297241211
2 0 0.004001617431640625
2 0 0.0009996891021728516
2 0 0.002000570297241211
2 0 0.0010001659393310547
2 0 0.0010004043579101562
2 0 0.0020003318786621094
2 0 0.002000570297241211
2 0 0.0020012855529785156
2 0 0.002000093460083008
2 0 0.00099945068359375
2 0 0.002000093460083008
2 0 0.0010004043579101562
2 0 0.002000093460083008
2 0 0.0009996891021728516
2 0 0.002000570297241211
2 0 0.0010004043579101562
2 0 0.0010006427764892578
2 0 0.003000497817993164
2 0 0.002000570297241211
2 0 0.0009999275207519531
2 0 0.0020008087158203125
2 0 0.0020003318786621094
2 0 0.002000570297241211
2 0 0.002000093460083008
2 0 0.0020003318786621094
2 0 0.0009999275207519531
2 0 0.0009999275207519531
2 0 0.0020003318786621094
2 0 0.002000570297241211
2 0 0.002000570297241211
2 0 0.0010001659393310547
2 0 0.0010004043579101562
2 0 0.002000570297241211
2 0 0.001001119613647461
2 0 0.002000093460083008
2 0 0.0020008087158203125
2 0 0.0020003318786621094
2 0 0.0020008087158203125
2 0 0.0010004043579101562
2 0 0.0010001659393310547
2 0 0.0010001659393310547
2 0 0.0020003318786621094
2 0 0.0020003318786621094
2 0 0.0010004043579101562
2 0 0.002000570297241211
2 0 0.0020003318786621094
2 0 0.0010001659393310547
2 0 0.002001047134399414
2 0 0.0010001659393310547
2 0 0.0009999275207519531
