8 0 0.026004791259765625
8 0 0.029006242752075195
8 0 0.02600550651550293
8 0 0.02600574493408203
8 0 0.026385068893432617
8 0 0.02600574493408203
8 0 0.028005361557006836
8 0 0.02600574493408203
8 0 0.026005268096923828
8 0 0.033005475997924805
8 0 0.028006792068481445
8 0 0.03800821304321289
8 0 0.02800726890563965
8 0 0.041744232177734375
8 0 0.04201006889343262
8 0 0.044011831283569336
8 0 0.028006792068481445
8 0 0.04401135444641113
8 0 0.028006792068481445
8 0 0.034006595611572266
8 0 0.042009830474853516
8 0 0.03400754928588867
8 0 0.04401063919067383
8 0 0.03200697898864746
8 0 0.028006792068481445
8 0 0.036008358001708984
8 0 0.04401063919067383
8 0 0.03600883483886719
8 0 0.034008026123046875
8 0 0.044010162353515625
8 0 0.03800821304321289
8 0 0.04098176956176758
8 0 0.03200554847717285
8 0 0.04300951957702637
8 0 0.03700876235961914
8 0 0.03500676155090332
8 0 0.044011831283569336
8 0 0.031006813049316406
8 0 0.04301118850708008
8 0 0.03400874137878418
8 0 0.04100918769836426
8 0 0.037007808685302734
8 0 0.03900909423828125
8 0 0.04300975799560547
8 0 0.03900885581970215
8 0 0.036008358001708984
8 0 0.03700852394104004
8 0 0.038007497787475586
8 0 0.037007808685302734
8 0 0.03700828552246094
8 0 0.04294180870056152
8 0 0.045027971267700195
8 0 0.04346656799316406
8 0 0.04171586036682129
8 0 0.042099714279174805
8 0 0.03434634208679199
8 0 0.041970252990722656
8 0 0.042847394943237305
8 0 0.042043447494506836
8 0 0.04326486587524414
8 0 0.041910409927368164
8 0 0.04268503189086914
8 0 0.04144430160522461
8 0 0.039075613021850586
8 0 0.04043912887573242
8 0 0.03479933738708496
8 0 0.04219555854797363
8 0 0.0400090217590332
8 0 0.041008949279785156
8 0 0.04301023483276367
