80 0 3.494849443435669
80 0 3.574274778366089
80 0 3.650418519973755
80 0 3.4683594703674316
80 0 3.5326714515686035
80 0 3.564981460571289
80 0 3.6046111583709717
80 0 3.5464980602264404
80 0 3.5588057041168213
80 0 3.696835994720459
80 0 5.224641561508179
80 0 5.484527826309204
80 0 5.459612846374512
80 0 5.365839242935181
80 0 5.264749765396118
80 0 5.320006608963013
80 0 5.3344550132751465
80 0 5.551228761672974
80 0 5.459920406341553
80 0 5.352725505828857
80 0 5.273119688034058
80 0 5.2583537101745605
80 0 5.3197362422943115
80 0 5.406399488449097
80 0 5.27601432800293
80 0 5.457742214202881
80 0 5.365878105163574
80 0 5.472031831741333
80 0 5.3329479694366455
80 0 5.466061353683472
80 0 5.651285171508789
80 0 5.633908033370972
80 0 5.626916408538818
80 0 5.415598630905151
80 0 5.669703483581543
80 0 5.257828712463379
80 0 5.255926609039307
80 0 5.381373405456543
80 0 5.319741487503052
80 0 5.316870450973511
80 0 5.484166860580444
80 0 5.463223695755005
80 0 5.579529762268066
80 0 5.27323055267334
80 0 5.163965702056885
75 5 7.0332136154174805
80 0 5.7046589851379395
80 0 5.372201204299927
80 0 5.4106152057647705
80 0 5.454661130905151
80 0 5.623835802078247
80 0 5.83197021484375
80 0 5.459989786148071
80 0 5.725640773773193
80 0 5.4659199714660645
80 0 5.145890951156616
80 0 5.584320545196533
80 0 5.313890218734741
80 0 5.611854314804077
80 0 5.3460118770599365
