245 0 26.62884259223938
245 0 25.545965433120728
245 0 24.964882850646973
245 0 24.84230065345764
245 0 26.056328058242798
245 0 24.47235345840454
245 0 25.71180272102356
245 0 25.5829656124115
245 0 26.20825219154358
245 0 24.905643463134766
245 0 35.964136600494385
245 0 35.04520130157471
245 0 32.53458833694458
245 0 35.836631774902344
245 0 43.64281129837036
245 0 32.25942063331604
245 0 33.54983568191528
245 0 34.63878870010376
245 0 35.95626735687256
245 0 35.09147238731384
245 0 34.559006214141846
245 0 35.12094330787659
245 0 38.33674097061157
245 0 38.68445372581482
245 0 43.53848123550415
245 0 43.13011074066162
245 0 42.75640296936035
245 0 41.390499114990234
245 0 42.21607184410095
245 0 40.99685335159302
245 0 38.93034791946411
245 0 39.51787090301514
245 0 36.59409499168396
245 0 36.49367880821228
