20 0 0.05301165580749512
20 0 0.05401182174682617
20 0 0.05103254318237305
20 0 0.0606846809387207
20 0 0.05401015281677246
20 0 0.0550227165222168
20 0 0.049877166748046875
20 0 0.05601143836975098
20 0 0.052010297775268555
20 0 0.05701398849487305
20 0 0.08104252815246582
20 0 0.08004474639892578
20 0 0.08305931091308594
20 0 0.08621549606323242
20 0 0.06703925132751465
20 0 0.08405542373657227
20 0 0.08005070686340332
20 0 0.0700383186340332
20 0 0.09001994132995605
20 0 0.0815887451171875
20 0 0.08905982971191406
20 0 0.09202051162719727
20 0 0.09775137901306152
20 0 0.08793759346008301
20 0 0.06393551826477051
20 0 0.08497023582458496
20 0 0.0855093002319336
20 0 0.08902859687805176
20 0 0.0890200138092041
20 0 0.07429909706115723
20 0 0.11102485656738281
20 0 0.08801984786987305
20 0 0.08601975440979004
20 0 0.14403080940246582
20 0 0.09402060508728027
20 0 0.07597565650939941
20 0 0.07999491691589355
20 0 0.06801533699035645
20 0 0.09402012825012207
20 0 0.06201362609863281
20 0 0.09002089500427246
20 0 0.08492565155029297
20 0 0.08801913261413574
20 0 0.07401704788208008
20 0 0.07301664352416992
20 0 0.0980217456817627
20 0 0.07301640510559082
20 0 0.07201623916625977
20 0 0.08801937103271484
20 0 0.08101797103881836
20 0 0.07201480865478516
20 0 0.08201837539672852
20 0 0.0800180435180664
20 0 0.07701683044433594
20 0 0.0600128173828125
20 0 0.07401704788208008
20 0 0.08299517631530762
20 0 0.09502100944519043
20 0 0.06801557540893555
20 0 0.09202075004577637
20 0 0.07601737976074219
20 0 0.07701873779296875
20 0 0.07001662254333496
20 0 0.08801937103271484
20 0 0.07101583480834961
20 0 0.08413338661193848
20 0 0.07101678848266602
20 0 0.08501911163330078
20 0 0.08201837539672852
20 0 0.07316875457763672
20 0 0.05701303482055664
20 0 0.08401870727539062
20 0 0.060013771057128906
