35 5 1.1642625331878662
23 17 2.545214891433716
33 7 1.9444389343261719
34 6 1.3683078289031982
33 7 1.6673758029937744
36 4 2.179171323776245
27 13 1.721388578414917
26 14 2.386537551879883
33 7 1.8934249877929688
26 14 1.813812255859375
36 4 1.4436595439910889
30 10 1.8810510635375977
26 14 2.2305195331573486
29 11 3.5415303707122803
33 7 1.5719399452209473
27 13 2.235879421234131
30 10 3.808354377746582
30 10 2.158362627029419
27 13 3.0852439403533936
25 15 4.221083402633667
32 8 1.6577823162078857
29 11 2.5527074337005615
29 11 3.424501657485962
29 11 3.277294635772705
24 16 3.1964681148529053
32 8 2.467522144317627
40 0 1.1602904796600342
27 13 1.7395062446594238
27 13 2.4036900997161865
27 13 3.3155345916748047
28 12 2.860643148422241
28 12 2.4685561656951904
21 19 4.3329758644104
24 16 2.3425283432006836
33 7 1.759462594985962
29 11 3.747056722640991
26 14 3.9808623790740967
28 12 2.359813690185547
29 11 3.144350290298462
29 11 1.847956895828247
35 5 1.7593953609466553
21 19 4.370985269546509
31 9 2.2822442054748535
26 14 3.621816396713257
27 13 2.9136054515838623
29 11 2.095472812652588
28 12 3.5164458751678467
25 15 3.275737762451172
24 16 5.185729026794434
30 10 1.9334464073181152
25 15 3.0546884536743164
29 11 2.2885165214538574
25 15 3.9308853149414062
27 13 3.2157249450683594
33 7 2.3565304279327393
29 11 2.5715975761413574
33 7 2.637594223022461
25 15 2.8966526985168457
22 18 4.523244380950928
27 13 2.8426403999328613
27 13 4.103924751281738
32 8 2.6916065216064453
33 7 1.7764003276824951
26 14 7.004578113555908
28 12 3.164712429046631
27 13 3.2827396392822266
27 13 3.1299383640289307
28 12 2.28987717628479
30 10 2.0966434478759766
26 14 3.993314027786255
