3 25 0.10702395439147949
3 25 0.11102533340454102
3 25 0.1047983169555664
3 25 0.10602378845214844
3 25 0.10602331161499023
3 25 0.10402297973632812
3 25 0.1070246696472168
3 25 0.10502266883850098
3 25 0.10502338409423828
3 25 0.10502314567565918
3 25 0.1790456771850586
3 25 0.15300297737121582
3 25 0.17301177978515625
3 25 0.14896345138549805
3 25 0.17689895629882812
3 25 0.12499666213989258
3 25 0.13098978996276855
3 25 0.17898058891296387
3 25 0.16096782684326172
3 25 0.124969482421875
3 25 0.16699528694152832
3 25 0.1776900291442871
3 25 0.1579275131225586
3 25 0.17910361289978027
3 25 0.16449713706970215
3 25 0.18495917320251465
3 25 0.12832331657409668
3 25 0.13833045959472656
3 25 0.14702439308166504
3 25 0.14807629585266113
3 25 0.1600356101989746
3 25 0.1780405044555664
3 25 0.15203499794006348
3 25 0.17103910446166992
3 25 0.16543102264404297
3 25 0.15103411674499512
3 25 0.15505075454711914
3 25 0.16403675079345703
3 25 0.16103625297546387
3 25 0.1710374355316162
3 25 0.16303658485412598
3 25 0.1760387420654297
3 25 0.15203404426574707
3 25 0.16627097129821777
3 25 0.17903971672058105
3 25 0.14904546737670898
3 25 0.17403912544250488
3 25 0.17103838920593262
3 25 0.15802264213562012
3 25 0.16203618049621582
3 25 0.17403864860534668
3 25 0.17103862762451172
3 25 0.1629774570465088
3 25 0.13889002799987793
3 25 0.16112875938415527
3 25 0.15502595901489258
3 25 0.1850414276123047
3 25 0.17917418479919434
3 25 0.16570472717285156
3 25 0.1760396957397461
3 25 0.1760396957397461
3 25 0.16407060623168945
3 25 0.17889022827148438
3 25 0.17827653884887695
3 25 0.17428803443908691
3 25 0.12901687622070312
3 25 0.17898774147033691
3 25 0.17682886123657227
3 25 0.18303370475769043
3 25 0.17904043197631836
