175 0 16.818942308425903
175 0 19.838683605194092
175 0 15.989798307418823
175 0 17.52982759475708
175 0 15.448467016220093
175 0 20.70998477935791
175 0 18.36678957939148
175 0 17.166053533554077
175 0 21.659739017486572
175 0 23.635987758636475
175 0 20.08239245414734
175 0 20.371159315109253
175 0 19.861562728881836
175 0 16.72406578063965
175 0 16.792035818099976
175 0 17.12647008895874
175 0 19.633068799972534
175 0 21.886281728744507
175 0 21.499639987945557
175 0 23.18411350250244
175 0 25.37825107574463
175 0 23.14697241783142
175 0 23.997121334075928
175 0 25.82850742340088
175 0 26.420991897583008
175 0 24.87147879600525
175 0 27.73809003829956
175 0 26.098044872283936
175 0 27.340214252471924
175 0 23.406926155090332
175 0 27.283311128616333
175 0 27.3817138671875
175 0 27.132226705551147
175 0 25.585174798965454
175 0 27.608134269714355
175 0 21.67605757713318
175 0 29.74339199066162
175 0 24.68229603767395
175 0 25.496248960494995
175 0 22.460589170455933
175 0 27.84722113609314
175 0 26.89698076248169
175 0 24.634403944015503
175 0 27.149065732955933
175 0 24.516304969787598
175 0 24.053155660629272
175 0 26.04943037033081
175 0 22.369422912597656
175 0 25.029690742492676
175 0 23.41596531867981
175 0 22.61910128593445
175 0 25.968250036239624
175 0 21.973819732666016
175 0 25.70000147819519
175 0 27.115923404693604
175 0 27.190895795822144
175 0 24.3107647895813
175 0 24.840837717056274
175 0 21.650601387023926
175 0 22.128435134887695
175 0 20.45037317276001
175 0 24.389779090881348
175 0 23.65390658378601
175 0 21.741280555725098
175 0 22.59277367591858
175 0 24.746126174926758
175 0 24.866946697235107
175 0 24.995662689208984
175 0 23.143998384475708
175 0 22.65938377380371
175 0 18.4651780128479
175 0 24.870012521743774
175 0 23.73159122467041
175 0 24.339006662368774
175 0 20.242424249649048
175 0 19.667836666107178
