5 0 0.013002872467041016
5 0 0.017003536224365234
5 0 0.013002634048461914
5 0 0.01600360870361328
5 0 0.012002229690551758
5 0 0.01200246810913086
5 0 0.013002872467041016
5 0 0.013002634048461914
5 0 0.011002063751220703
5 0 0.013002634048461914
5 0 0.023006200790405273
5 0 0.01800394058227539
5 0 0.01900482177734375
5 0 0.025005817413330078
5 0 0.02000570297241211
5 0 0.02102184295654297
5 0 0.015007495880126953
5 0 0.015003442764282227
5 0 0.02300882339477539
5 0 0.01800370216369629
5 0 0.020003795623779297
5 0 0.023041486740112305
5 0 0.014002799987792969
5 0 0.02200484275817871
5 0 0.022005796432495117
5 0 0.02200484275817871
5 0 0.015003442764282227
5 0 0.0200042724609375
5 0 0.0200045108795166
5 0 0.0200042724609375
5 0 0.0200045108795166
5 0 0.019004106521606445
5 0 0.013003110885620117
5 0 0.01600360870361328
5 0 0.021005630493164062
5 0 0.015003681182861328
5 0 0.017003536224365234
5 0 0.01800394058227539
5 0 0.02100539207458496
5 0 0.02000117301940918
5 0 0.015051603317260742
5 0 0.014003992080688477
5 0 0.023005008697509766
5 0 0.018004655838012695
5 0 0.022005558013916016
5 0 0.01600337028503418
5 0 0.012002229690551758
5 0 0.01600337028503418
5 0 0.015003204345703125
5 0 0.021004676818847656
5 0 0.0200042724609375
5 0 0.019004344940185547
5 0 0.019003868103027344
5 0 0.020003795623779297
5 0 0.01800394058227539
5 0 0.023004770278930664
5 0 0.018004894256591797
5 0 0.020005226135253906
5 0 0.041010379791259766
5 0 0.015002965927124023
5 0 0.021004676818847656
5 0 0.01900458335876465
5 0 0.021004915237426758
5 0 0.018004655838012695
5 0 0.014002323150634766
5 0 0.01800394058227539
5 0 0.026006460189819336
5 0 0.019004106521606445
5 0 0.014002084732055664
5 0 0.0200045108795166
