18 0 0.0690159797668457
18 0 0.0690157413482666
18 0 0.07101559638977051
18 0 0.0690147876739502
18 0 0.0690147876739502
18 0 0.06801486015319824
18 0 0.07001614570617676
18 0 0.06803250312805176
18 0 0.06701540946960449
18 0 0.06801509857177734
18 0 0.11402511596679688
18 0 0.11202454566955566
18 0 0.09401655197143555
18 0 0.10502266883850098
18 0 0.12002706527709961
18 0 0.09702110290527344
18 0 0.1000223159790039
18 0 0.07601690292358398
18 0 0.10202312469482422
18 0 0.08824038505554199
18 0 0.11102437973022461
18 0 0.07601666450500488
18 0 0.11702537536621094
18 0 0.11402559280395508
18 0 0.10302209854125977
18 0 0.08301830291748047
18 0 0.1000211238861084
18 0 0.10302376747131348
18 0 0.10502433776855469
18 0 0.08601927757263184
18 0 0.11002469062805176
18 0 0.10702395439147949
18 0 0.08401918411254883
18 0 0.1110239028930664
18 0 0.10702323913574219
18 0 0.10803508758544922
18 0 0.11302566528320312
18 0 0.09427213668823242
18 0 0.089019775390625
18 0 0.11402630805969238
18 0 0.09956121444702148
18 0 0.09097599983215332
18 0 0.08813595771789551
18 0 0.13502979278564453
18 0 0.10202383995056152
18 0 0.08101892471313477
18 0 0.08101725578308105
18 0 0.09102129936218262
18 0 0.09301972389221191
18 0 0.09502243995666504
18 0 0.09702157974243164
18 0 0.0710151195526123
18 0 0.11202597618103027
18 0 0.10704374313354492
18 0 0.0770256519317627
18 0 0.07501721382141113
18 0 0.09202122688293457
18 0 0.08301734924316406
18 0 0.09402108192443848
18 0 0.07201719284057617
18 0 0.08701896667480469
18 0 0.11002373695373535
18 0 0.07201719284057617
18 0 0.08301830291748047
18 0 0.07401633262634277
18 0 0.0780184268951416
18 0 0.07401585578918457
18 0 0.11302471160888672
18 0 0.089019775390625
18 0 0.0980222225189209
