76 22 10.221287727355957
66 32 13.986811637878418
74 24 10.880955934524536
79 19 9.582540512084961
79 19 11.04654574394226
77 21 10.155090093612671
68 30 10.993008852005005
82 16 11.77785038948059
83 15 10.683771848678589
83 15 11.404953479766846
76 22 14.127936840057373
70 28 12.050135374069214
83 15 10.206216096878052
70 28 10.284317255020142
84 14 8.499915599822998
72 26 13.109376907348633
83 15 11.52759861946106
76 22 9.835514783859253
81 17 9.403602123260498
77 21 8.981384038925171
75 23 15.664173364639282
71 27 16.35945987701416
84 14 12.450568199157715
75 23 16.390105724334717
