5 0 0.004024982452392578
5 0 0.005000591278076172
5 0 0.005001068115234375
5 0 0.0050008296966552734
5 0 0.007000923156738281
5 0 0.006001472473144531
5 0 0.006000995635986328
5 0 0.005001068115234375
5 0 0.006001949310302734
5 0 0.0050008296966552734
5 0 0.008001089096069336
5 0 0.006002187728881836
5 0 0.009001493453979492
5 0 0.008001089096069336
5 0 0.008000612258911133
5 0 0.009005546569824219
5 0 0.009001970291137695
5 0 0.006001710891723633
5 0 0.0060007572174072266
5 0 0.007001638412475586
5 0 0.006001949310302734
5 0 0.009002685546875
5 0 0.010001897811889648
5 0 0.008002042770385742
5 0 0.0070018768310546875
5 0 0.009002447128295898
5 0 0.006001949310302734
5 0 0.009001731872558594
5 0 0.00800180435180664
5 0 0.008001565933227539
5 0 0.006001949310302734
5 0 0.007001161575317383
5 0 0.006001472473144531
5 0 0.0050008296966552734
5 0 0.009001731872558594
5 0 0.00600123405456543
5 0 0.008002281188964844
5 0 0.009001731872558594
5 0 0.010001897811889648
5 0 0.007990837097167969
5 0 0.00900125503540039
5 0 0.009001970291137695
5 0 0.009002685546875
5 0 0.009002447128295898
5 0 0.009001970291137695
5 0 0.008000612258911133
5 0 0.00800323486328125
5 0 0.005000114440917969
5 0 0.00900125503540039
5 0 0.009001731872558594
5 0 0.010002613067626953
5 0 0.008001327514648438
5 0 0.009002447128295898
5 0 0.007001399993896484
5 0 0.007001638412475586
5 0 0.00800180435180664
5 0 0.00600123405456543
5 0 0.009002208709716797
5 0 0.0110015869140625
5 0 0.007001161575317383
5 0 0.01100301742553711
5 0 0.007000923156738281
5 0 0.009001731872558594
5 0 0.008001565933227539
5 0 0.00600123405456543
5 0 0.009001731872558594
5 0 0.0060007572174072266
5 0 0.006001472473144531
5 0 0.008001327514648438
5 0 0.009002208709716797
