8 0 0.029005050659179688
8 0 0.027005672454833984
8 0 0.026005268096923828
8 0 0.027005672454833984
8 0 0.026368141174316406
8 0 0.026005983352661133
8 0 0.026004552841186523
8 0 0.026005983352661133
8 0 0.028005599975585938
8 0 0.027005910873413086
8 0 0.03000664710998535
8 0 0.03200721740722656
8 0 0.030007362365722656
8 0 0.045023202896118164
8 0 0.042009592056274414
8 0 0.04498171806335449
8 0 0.04401040077209473
8 0 0.042009592056274414
8 0 0.044179439544677734
8 0 0.0450434684753418
8 0 0.02800583839416504
8 0 0.042011260986328125
8 0 0.040009260177612305
8 0 0.0380091667175293
8 0 0.03200674057006836
8 0 0.03800773620605469
8 0 0.038008928298950195
8 0 0.043738365173339844
8 0 0.04491090774536133
8 0 0.0400090217590332
8 0 0.0400083065032959
8 0 0.04500269889831543
8 0 0.0400083065032959
8 0 0.04201030731201172
8 0 0.03800821304321289
8 0 0.037007808685302734
8 0 0.04501032829284668
8 0 0.03500795364379883
8 0 0.03800845146179199
8 0 0.03100728988647461
8 0 0.03701019287109375
8 0 0.042009830474853516
8 0 0.04200935363769531
8 0 0.03601646423339844
8 0 0.04400920867919922
8 0 0.04300975799560547
8 0 0.04100966453552246
8 0 0.04401040077209473
8 0 0.041008710861206055
8 0 0.04601001739501953
8 0 0.04357004165649414
8 0 0.044391632080078125
8 0 0.039638519287109375
8 0 0.03679084777832031
8 0 0.03928041458129883
8 0 0.03900885581970215
8 0 0.04333376884460449
8 0 0.054012298583984375
8 0 0.035831451416015625
8 0 0.042710304260253906
8 0 0.04123067855834961
8 0 0.037645816802978516
8 0 0.04402446746826172
8 0 0.0434718132019043
8 0 0.03366971015930176
8 0 0.04501008987426758
8 0 0.0440824031829834
8 0 0.04200935363769531
8 0 0.0400090217590332
8 0 0.042009592056274414
8 0 0.0400090217590332
8 0 0.04400968551635742
8 0 0.04600977897644043
8 0 0.03800821304321289
8 0 0.04600930213928223
8 0 0.04501008987426758
8 0 0.04500913619995117
8 0 0.04301023483276367
8 0 0.047009944915771484
8 0 0.04400968551635742
8 0 0.04500985145568848
8 0 0.04601097106933594
8 0 0.04701066017150879
8 0 0.04400920867919922
8 0 0.048011064529418945
8 0 0.04200911521911621
8 0 0.04300880432128906
8 0 0.04500985145568848
8 0 0.04201006889343262
8 0 0.043009281158447266
8 0 0.04601025581359863
8 0 0.046010494232177734
8 0 0.04401040077209473
8 0 0.04400992393493652
8 0 0.04601001739501953
8 0 0.04701042175292969
8 0 0.046010494232177734
8 0 0.04401040077209473
8 0 0.038007259368896484
8 0 0.04701066017150879
