2 0 0.003000497817993164
2 0 0.0030002593994140625
2 0 0.0020003318786621094
2 0 0.003000974655151367
2 0 0.002000093460083008
2 0 0.0030002593994140625
2 0 0.002000570297241211
2 0 0.002001047134399414
2 0 0.003000974655151367
2 0 0.0030007362365722656
2 0 0.03300786018371582
2 0 0.003998994827270508
2 0 0.003000497817993164
2 0 0.005001068115234375
2 0 0.005001068115234375
2 0 0.003999948501586914
2 0 0.0030012130737304688
2 0 0.004000663757324219
2 0 0.0060007572174072266
2 0 0.00700068473815918
2 0 0.005000591278076172
2 0 0.005001068115234375
2 0 0.004000663757324219
2 0 0.00400090217590332
2 0 0.003000497817993164
2 0 0.004001140594482422
2 0 0.0030012130737304688
2 0 0.003999948501586914
2 0 0.003000497817993164
2 0 0.004000425338745117
2 0 0.004000663757324219
2 0 0.0030012130737304688
2 0 0.0040013790130615234
2 0 0.003000020980834961
2 0 0.0030007362365722656
2 0 0.00400090217590332
2 0 0.0030007362365722656
2 0 0.0030007362365722656
2 0 0.0019996166229248047
2 0 0.00400090217590332
2 0 0.0050008296966552734
2 0 0.003000020980834961
2 0 0.004000186920166016
2 0 0.004001140594482422
2 0 0.003000497817993164
2 0 0.00400090217590332
2 0 0.004999876022338867
2 0 0.00400090217590332
2 0 0.004001617431640625
2 0 0.0030007362365722656
2 0 0.003000974655151367
2 0 0.00400090217590332
2 0 0.0030002593994140625
2 0 0.004001140594482422
2 0 0.0030007362365722656
2 0 0.004001140594482422
2 0 0.004000663757324219
2 0 0.005001068115234375
2 0 0.00400090217590332
2 0 0.004000663757324219
2 0 0.002000093460083008
2 0 0.004000186920166016
2 0 0.00400090217590332
2 0 0.003000974655151367
2 0 0.0030007362365722656
2 0 0.004000186920166016
2 0 0.003000497817993164
2 0 0.004001140594482422
2 0 0.004000663757324219
2 0 0.0030007362365722656
