5 0 0.006000995635986328
5 0 0.00600123405456543
5 0 0.007003307342529297
5 0 0.008003711700439453
5 0 0.0070035457611083984
5 0 0.006001472473144531
5 0 0.00600123405456543
5 0 0.007001399993896484
5 0 0.006001949310302734
5 0 0.00700068473815918
5 0 0.010001659393310547
5 0 0.012003183364868164
5 0 0.01000213623046875
5 0 0.011002302169799805
5 0 0.010004281997680664
5 0 0.011002540588378906
5 0 0.010002613067626953
5 0 0.007002115249633789
5 0 0.010001897811889648
5 0 0.011002302169799805
5 0 0.00902247428894043
5 0 0.008988618850708008
5 0 0.00800633430480957
5 0 0.00900125503540039
5 0 0.01200246810913086
5 0 0.006002902984619141
5 0 0.007002115249633789
5 0 0.011002302169799805
5 0 0.011002063751220703
5 0 0.008002996444702148
5 0 0.00800180435180664
5 0 0.010002613067626953
5 0 0.008001565933227539
5 0 0.009001970291137695
5 0 0.010002374649047852
5 0 0.01000213623046875
5 0 0.010001897811889648
5 0 0.009001970291137695
5 0 0.007005453109741211
5 0 0.008001327514648438
5 0 0.014055728912353516
5 0 0.007001399993896484
5 0 0.01000666618347168
5 0 0.010001897811889648
5 0 0.00600123405456543
5 0 0.010001897811889648
5 0 0.01200246810913086
5 0 0.011002063751220703
5 0 0.010002374649047852
5 0 0.011002540588378906
5 0 0.010003089904785156
5 0 0.007001399993896484
5 0 0.010002374649047852
5 0 0.011002063751220703
5 0 0.006001472473144531
5 0 0.007000923156738281
5 0 0.009001493453979492
5 0 0.010001897811889648
5 0 0.01000213623046875
5 0 0.009001970291137695
5 0 0.008001327514648438
5 0 0.010002851486206055
5 0 0.009001493453979492
5 0 0.00800180435180664
5 0 0.009001970291137695
5 0 0.010002374649047852
5 0 0.009001731872558594
5 0 0.009002447128295898
5 0 0.007000446319580078
5 0 0.01000213623046875
