250 0 16.50582242012024
250 0 16.871943473815918
250 0 16.766239404678345
250 0 16.567979097366333
250 0 16.576390266418457
250 0 18.66077423095703
250 0 21.257707118988037
250 0 18.16494870185852
250 0 19.94162082672119
250 0 20.573489904403687
250 0 20.74367380142212
250 0 20.220970392227173
250 0 20.87970542907715
250 0 25.3397114276886
250 0 24.391496896743774
250 0 22.3780415058136
250 0 24.724022150039673
250 0 22.954875707626343
250 0 24.32471776008606
250 0 24.180410623550415
250 0 23.211119174957275
250 0 22.716859340667725
250 0 22.380172729492188
250 0 23.410500288009644
250 0 22.820234298706055
250 0 22.985543251037598
250 0 23.935786962509155
250 0 23.59629988670349
247 3 23.77674961090088
250 0 23.568530559539795
250 0 24.643232345581055
250 0 26.17995047569275
250 0 25.227685928344727
250 0 17.768004417419434
250 0 18.080397605895996
250 0 20.263925552368164
250 0 19.351823091506958
250 0 19.132696628570557
250 0 19.40037178993225
250 0 22.441393613815308
250 0 22.915881872177124
250 0 22.426624536514282
250 0 21.293022394180298
250 0 21.10200333595276
250 0 21.218781232833862
250 0 22.18199896812439
247 3 20.58779811859131
250 0 21.522670030593872
250 0 20.815807104110718
250 0 19.380998611450195
250 0 19.317561626434326
250 0 20.635749101638794
250 0 24.194159746170044
250 0 25.243231296539307
243 7 25.600611209869385
250 0 19.280345678329468
250 0 21.473609924316406
250 0 18.935797452926636
250 0 19.5389461517334
250 0 18.93412494659424
250 0 20.30709171295166
