72 0 1.7406697273254395
72 0 1.6983826160430908
72 0 2.509568691253662
72 0 2.602586507797241
72 0 2.5725793838500977
72 0 2.464555501937866
72 0 2.53157114982605
72 0 1.9714441299438477
72 0 2.5127334594726562
72 0 2.4745588302612305
72 0 2.577132225036621
72 0 2.802138090133667
72 0 2.7466185092926025
72 0 2.8706462383270264
72 0 2.782625913619995
72 0 3.1602213382720947
72 0 2.759634494781494
72 0 2.7156119346618652
72 0 2.6871113777160645
72 0 2.748619556427002
72 0 2.774624824523926
72 0 2.661599636077881
72 0 3.518263816833496
72 0 2.7516210079193115
72 0 3.0156795978546143
72 0 2.8796489238739014
72 0 2.774625778198242
72 0 2.8276753425598145
72 0 2.82808780670166
72 0 2.882154703140259
72 0 2.9086556434631348
72 0 2.8526434898376465
72 0 2.892651081085205
72 0 2.939662456512451
72 0 2.8150899410247803
72 0 2.9541730880737305
72 0 2.9456634521484375
72 0 2.93766188621521
72 0 2.9781765937805176
72 0 2.935662031173706
72 0 2.8987438678741455
72 0 2.9981813430786133
72 0 2.9296610355377197
72 0 3.537796974182129
72 0 3.2657361030578613
72 0 3.036684274673462
72 0 2.960667133331299
72 0 3.6783347129821777
72 0 2.922659158706665
72 0 3.0096778869628906
72 0 3.002676010131836
72 0 2.9456636905670166
72 0 2.869152784347534
72 0 2.766629934310913
72 0 2.885650396347046
72 0 2.6776034832000732
72 0 2.6816043853759766
72 0 2.6575987339019775
72 0 2.797135829925537
72 0 2.8956520557403564
72 0 2.6485958099365234
72 0 2.7486190795898438
72 0 2.669729471206665
72 0 2.704221248626709
72 0 2.6488077640533447
72 0 2.6576130390167236
72 0 2.676776647567749
72 0 2.6969497203826904
72 0 2.706117868423462
72 0 2.732835054397583
