112 0 3.702833890914917
112 0 3.8650362491607666
112 0 3.688831329345703
112 0 3.88891863822937
108 4 4.5963664054870605
108 4 4.315973520278931
112 0 3.688251495361328
112 0 3.722635507583618
112 0 3.7231764793395996
112 0 3.706103801727295
112 0 6.600487232208252
112 0 5.910343408584595
112 0 5.618266582489014
112 0 5.768742799758911
112 0 6.465456962585449
112 0 6.133755922317505
112 0 5.838998556137085
112 0 6.18362832069397
112 0 5.919460296630859
112 0 5.560488224029541
112 0 6.137383460998535
112 0 6.004353046417236
112 0 5.936817646026611
112 0 6.150389909744263
112 0 6.165916442871094
112 0 5.575200080871582
112 0 5.826070785522461
112 0 6.035705089569092
112 0 5.313896656036377
112 0 5.82883620262146
112 0 5.629093170166016
112 0 6.083142280578613
109 3 6.123707294464111
112 0 5.593095541000366
112 0 5.612694978713989
112 0 5.305596828460693
112 0 5.737071752548218
112 0 5.238365650177002
112 0 5.4219160079956055
112 0 5.469961881637573
112 0 5.534617900848389
112 0 5.440502166748047
112 0 5.783349275588989
105 7 8.385411500930786
112 0 5.725676536560059
112 0 5.735496282577515
112 0 5.126062870025635
112 0 5.0363993644714355
112 0 5.020608901977539
112 0 4.702219247817993
112 0 5.350956916809082
112 0 4.89209246635437
112 0 4.705002307891846
112 0 4.7906224727630615
112 0 4.678572654724121
112 0 4.371098279953003
112 0 4.6787354946136475
112 0 4.886725425720215
112 0 4.817026853561401
112 0 5.017920255661011
112 0 4.476128578186035
112 0 4.88652491569519
112 0 4.867837190628052
112 0 5.068971157073975
112 0 4.6529786586761475
112 0 4.264727354049683
108 4 5.973075866699219
112 0 4.261662483215332
112 0 4.657737970352173
112 0 4.655149936676025
112 0 5.240527153015137
112 0 5.580002307891846
112 0 4.509016036987305
112 0 5.176166296005249
112 0 5.250447988510132
112 0 5.05285120010376
112 0 5.260627508163452
112 0 5.895908832550049
112 0 5.7351014614105225
112 0 5.259192943572998
112 0 4.791406631469727
112 0 5.379143238067627
112 0 5.049501180648804
103 9 8.367377281188965
112 0 5.214442253112793
112 0 5.615328550338745
112 0 5.334923267364502
112 0 5.063996076583862
112 0 5.085901975631714
112 0 5.157528877258301
112 0 5.613523960113525
112 0 5.078014850616455
112 0 4.75098443031311
112 0 5.289226055145264
112 0 5.731274366378784
112 0 5.773910284042358
112 0 5.073562860488892
112 0 5.5622406005859375
112 0 5.655948877334595
112 0 5.400271415710449
