175 0 10.86327314376831
167 8 14.080458402633667
175 0 10.656226873397827
175 0 10.723954439163208
175 0 10.803433179855347
167 8 12.418802738189697
175 0 10.63154911994934
175 0 14.799335479736328
173 2 13.45870065689087
170 5 11.853671312332153
175 0 13.583725690841675
175 0 11.496196269989014
171 4 11.353239059448242
175 0 12.576234340667725
170 5 12.141735076904297
170 5 15.025191068649292
167 8 19.021405458450317
175 0 16.457464933395386
175 0 15.73770260810852
175 0 16.12286686897278
172 3 17.48564624786377
171 4 16.872822999954224
175 0 18.516531705856323
175 0 18.76820158958435
175 0 18.556440591812134
170 5 19.554757833480835
175 0 18.33363652229309
170 5 19.072108507156372
171 4 18.784161806106567
175 0 18.490023851394653
175 0 16.7363543510437
175 0 16.56548237800598
175 0 17.176159858703613
175 0 16.756776332855225
173 2 16.962531089782715
175 0 16.101011991500854
170 5 17.910690307617188
172 3 16.7969810962677
171 4 17.27261710166931
175 0 16.949119329452515
171 4 16.434531927108765
165 10 21.46330165863037
175 0 14.668672561645508
175 0 15.771163702011108
170 5 16.325534105300903
