173 7 39.95383620262146
168 12 40.256357192993164
173 7 41.04327988624573
169 11 43.6941237449646
176 4 41.39832925796509
173 7 41.48936986923218
170 10 38.43467974662781
176 4 43.520819664001465
167 13 64.20226860046387
174 6 44.05292725563049
178 2 37.81950092315674
171 9 49.603229999542236
174 6 50.86218762397766
176 4 49.84456515312195
163 17 52.957398414611816
178 2 45.550265312194824
170 10 40.77514028549194
174 6 41.99041247367859
169 11 43.787816762924194
173 7 38.20656490325928
170 10 38.70067524909973
174 6 39.833929777145386
174 6 43.01964449882507
175 5 40.989187717437744
168 12 47.65909457206726
175 5 41.4802987575531
175 5 40.39405417442322
173 7 39.60223841667175
177 3 45.09610891342163
176 4 44.75303244590759
177 3 42.987831115722656
176 4 44.14189434051514
178 2 42.852606773376465
176 4 43.39590311050415
171 9 41.46585559844971
169 11 43.71807909011841
178 2 46.651747703552246
173 7 45.506258487701416
176 4 45.43962025642395
160 20 49.11064028739929
175 5 46.50110602378845
