340 3 40.55899500846863
343 0 40.02254867553711
343 0 41.93311810493469
343 0 46.31499886512756
343 0 41.8930344581604
343 0 40.39947485923767
343 0 65.81595468521118
343 0 60.58265399932861
343 0 81.24821186065674
337 6 113.25826120376587
343 0 69.84434986114502
343 0 67.1112470626831
343 0 60.008790731430054
343 0 56.264585971832275
343 0 53.831740856170654
343 0 45.825326442718506
343 0 58.85626459121704
343 0 47.51970887184143
343 0 56.14465284347534
343 0 54.41426348686218
343 0 50.99949264526367
343 0 51.25955319404602
343 0 53.09646153450012
343 0 49.292964696884155
343 0 49.85305380821228
343 0 53.51077675819397
343 0 56.82311487197876
343 0 55.6613712310791
343 0 48.52190709114075
343 0 56.76095199584961
343 0 56.609484910964966
343 0 55.165441274642944
343 0 44.49523091316223
343 0 45.704267263412476
343 0 57.22228646278381
343 0 42.99745011329651
343 0 46.531347036361694
343 0 43.75302314758301
343 0 43.69599413871765
343 0 41.09325957298279
343 0 41.34368324279785
343 0 40.84144163131714
343 0 41.12302803993225
340 3 59.47322130203247
343 0 48.66351079940796
343 0 51.91919708251953
343 0 51.76012682914734
343 0 51.03617072105408
343 0 57.77448892593384
343 0 67.94771718978882
343 0 66.99152612686157
343 0 66.79064130783081
343 0 53.502867221832275
343 0 51.84168291091919
343 0 44.29498267173767
343 0 44.2698392868042
343 0 43.318763256073
343 0 42.65561270713806
343 0 43.69484734535217
343 0 42.89866805076599
343 0 68.7840735912323
343 0 74.15163135528564
343 0 60.27248549461365
343 0 60.11418652534485
343 0 56.513256788253784
343 0 51.75694966316223
343 0 57.77210283279419
343 0 66.95763325691223
343 0 60.25964140892029
343 0 57.97912549972534
