45 0 0.9063711166381836
45 0 0.9063210487365723
45 0 0.9073536396026611
45 0 0.9063217639923096
45 0 0.9238643646240234
45 0 0.8750584125518799
45 0 0.8750696182250977
45 0 0.8749606609344482
45 0 0.9398388862609863
45 0 0.8348629474639893
45 0 1.1102778911590576
45 0 1.1222798824310303
45 0 0.9989109039306641
45 0 0.9134163856506348
45 0 1.1097438335418701
45 0 1.0213887691497803
45 0 1.0470750331878662
45 0 1.259429693222046
45 0 1.1995983123779297
45 0 1.3937013149261475
45 0 1.2324621677398682
45 0 1.3076896667480469
45 0 1.1950161457061768
45 0 1.2893714904785156
45 0 1.2276225090026855
45 0 1.3386025428771973
45 0 1.3652904033660889
45 0 1.2892987728118896
45 0 1.2307851314544678
45 0 1.2759392261505127
45 0 1.2854321002960205
45 0 1.3227195739746094
45 0 1.2817103862762451
45 0 1.3205249309539795
45 0 1.3655495643615723
45 0 1.3458411693572998
45 0 1.312368631362915
45 0 1.3343992233276367
45 0 1.4263181686401367
45 0 1.24226713180542
45 0 1.2789311408996582
45 0 1.3226125240325928
45 0 1.309804916381836
45 0 1.3010032176971436
45 0 1.351200819015503
45 0 1.358957290649414
45 0 1.3132941722869873
45 0 1.249634027481079
45 0 1.293395757675171
45 0 1.3505423069000244
45 0 1.3036088943481445
45 0 1.3799355030059814
45 0 1.3180115222930908
45 0 1.2410578727722168
45 0 1.3866190910339355
45 0 1.3403995037078857
45 0 1.3890633583068848
45 0 1.339686393737793
45 0 1.401895523071289
45 0 1.308424949645996
45 0 1.3872435092926025
45 0 1.2663676738739014
