8 0 0.029006242752075195
8 0 0.040008544921875
8 0 0.0290067195892334
8 0 0.02800583839416504
8 0 0.027005434036254883
8 0 0.030005693435668945
8 0 0.03000664710998535
8 0 0.02800583839416504
8 0 0.03600740432739258
8 0 0.03100728988647461
8 0 0.04601025581359863
8 0 0.04728412628173828
8 0 0.04321146011352539
8 0 0.038008689880371094
8 0 0.038008689880371094
8 0 0.03200817108154297
8 0 0.0380094051361084
8 0 0.03400731086730957
8 0 0.032006263732910156
8 0 0.0380091667175293
8 0 0.0380094051361084
8 0 0.040009260177612305
8 0 0.0380091667175293
8 0 0.03400778770446777
8 0 0.04601097106933594
8 0 0.04715466499328613
8 0 0.028006553649902344
8 0 0.046010494232177734
8 0 0.044010162353515625
8 0 0.0380098819732666
8 0 0.04400944709777832
8 0 0.038008689880371094
8 0 0.04601025581359863
8 0 0.042009830474853516
8 0 0.048010826110839844
8 0 0.047010183334350586
8 0 0.04801201820373535
8 0 0.040009260177612305
8 0 0.03800845146179199
8 0 0.04200911521911621
8 0 0.04601144790649414
8 0 0.04501938819885254
8 0 0.04701042175292969
8 0 0.04201769828796387
8 0 0.040009260177612305
8 0 0.04200935363769531
8 0 0.03900861740112305
8 0 0.04600882530212402
8 0 0.04601025581359863
8 0 0.04701089859008789
8 0 0.04109001159667969
8 0 0.04801058769226074
8 0 0.046120405197143555
8 0 0.044254302978515625
8 0 0.03756093978881836
8 0 0.044255971908569336
8 0 0.041274309158325195
8 0 0.046294450759887695
8 0 0.045905351638793945
8 0 0.04301857948303223
8 0 0.04059886932373047
8 0 0.04897665977478027
8 0 0.04300999641418457
8 0 0.04727530479431152
8 0 0.04027962684631348
8 0 0.04785013198852539
8 0 0.047010183334350586
8 0 0.0510103702545166
8 0 0.043009281158447266
8 0 0.04901123046875
