80 0 5.453529596328735
80 0 6.51754093170166
80 0 5.4861273765563965
80 0 6.022024393081665
80 0 5.408003330230713
80 0 5.229051113128662
80 0 5.955739498138428
80 0 5.9248247146606445
80 0 6.335292100906372
80 0 6.204919338226318
80 0 7.99521279335022
80 0 9.184479475021362
80 0 8.458114862442017
80 0 8.017660856246948
80 0 9.477558135986328
80 0 9.08598804473877
80 0 8.165343999862671
80 0 7.8261260986328125
80 0 8.651747465133667
80 0 7.904955148696899
80 0 8.97637152671814
80 0 8.207304239273071
80 0 10.091516017913818
80 0 7.704710245132446
80 0 8.72414779663086
76 4 10.647247314453125
80 0 7.957554817199707
80 0 7.805179595947266
80 0 8.658495903015137
80 0 8.76736068725586
80 0 7.774498224258423
80 0 8.822952270507812
77 3 9.5505690574646
80 0 8.528774499893188
80 0 8.640416622161865
80 0 9.072257280349731
80 0 9.16073489189148
80 0 8.630621433258057
80 0 8.914066076278687
80 0 8.833189487457275
80 0 8.437489032745361
80 0 10.044838666915894
80 0 8.962560176849365
80 0 8.158845663070679
80 0 7.882805109024048
80 0 7.702118158340454
80 0 8.394954204559326
80 0 8.681676864624023
80 0 8.622863531112671
80 0 8.00021743774414
80 0 7.06697678565979
80 0 8.542905807495117
80 0 8.14116621017456
80 0 8.122220754623413
80 0 10.115259647369385
80 0 9.783517122268677
80 0 8.098141193389893
77 3 9.208064794540405
80 0 7.997360706329346
80 0 8.900039434432983
