8 0 0.09202098846435547
8 0 0.10502290725708008
8 0 0.1090240478515625
8 0 0.06101250648498535
8 0 0.06701421737670898
8 0 0.07202458381652832
8 0 0.11902976036071777
8 0 0.09101986885070801
8 0 0.09402036666870117
6 2 0.136030912399292
8 0 0.10739588737487793
6 2 0.17920947074890137
8 0 0.1350266933441162
8 0 0.13690400123596191
6 2 0.19107866287231445
8 0 0.10002255439758301
8 0 0.16859745979309082
8 0 0.07303118705749512
8 0 0.15289926528930664
8 0 0.145247220993042
8 0 0.20902442932128906
8 0 0.1492452621459961
8 0 0.08727097511291504
8 0 0.13346076011657715
8 0 0.09202218055725098
8 0 0.12908077239990234
6 2 0.17526912689208984
8 0 0.11696910858154297
8 0 0.15494227409362793
8 0 0.11513161659240723
6 2 0.20004558563232422
8 0 0.14605379104614258
8 0 0.11102485656738281
8 0 0.167036771774292
8 0 0.1450338363647461
8 0 0.16403698921203613
8 0 0.15303468704223633
8 0 0.11502313613891602
8 0 0.18004059791564941
8 0 0.1560351848602295
8 0 0.14503240585327148
8 0 0.12802839279174805
8 0 0.13203001022338867
8 0 0.13503694534301758
8 0 0.11931204795837402
6 2 0.19004249572753906
8 0 0.11402535438537598
8 0 0.05601143836975098
6 2 0.18804216384887695
8 0 0.15903735160827637
8 0 0.11502480506896973
8 0 0.1041414737701416
8 0 0.14748477935791016
8 0 0.14964675903320312
6 2 0.2052898406982422
8 0 0.11518669128417969
8 0 0.10096383094787598
8 0 0.1420292854309082
8 0 0.10100221633911133
8 0 0.1211385726928711
8 0 0.08546924591064453
8 0 0.1758437156677246
8 0 0.09325814247131348
8 0 0.08082103729248047
6 2 0.17093944549560547
8 0 0.1294841766357422
8 0 0.12982511520385742
8 0 0.12302708625793457
8 0 0.14103150367736816
8 0 0.10502409934997559
