20 0 0.26009678840637207
20 0 0.3341085910797119
20 0 0.25719594955444336
20 0 0.2611210346221924
20 0 0.26014208793640137
20 0 0.2832164764404297
20 0 0.28312158584594727
20 0 0.32222652435302734
20 0 0.2651090621948242
20 0 0.29712533950805664
20 0 0.2899360656738281
20 0 0.2470548152923584
20 0 0.23321318626403809
20 0 0.31122827529907227
20 0 0.3087913990020752
20 0 0.3430769443511963
20 0 0.3230729103088379
20 0 0.270923376083374
20 0 0.27636146545410156
20 0 0.2710607051849365
20 0 0.27687716484069824
20 0 0.30335569381713867
20 0 0.26949357986450195
20 0 0.2999837398529053
20 0 0.2873520851135254
20 0 0.28403544425964355
20 0 0.4323854446411133
20 0 0.2522392272949219
20 0 0.36086273193359375
20 0 0.2960195541381836
20 0 0.37490248680114746
20 0 0.336597204208374
20 0 0.2727174758911133
20 0 0.2847898006439209
20 0 0.26691651344299316
20 0 0.27199745178222656
20 0 0.31356024742126465
20 0 0.3612711429595947
20 0 0.3474602699279785
20 0 0.38284897804260254
20 0 0.2836644649505615
20 0 0.39351725578308105
20 0 0.43897485733032227
20 0 0.34558868408203125
20 0 0.29279518127441406
20 0 0.45617151260375977
20 0 0.38620901107788086
20 0 0.3996007442474365
20 0 0.3752632141113281
20 0 0.44257545471191406
20 0 0.38794755935668945
20 0 0.35036492347717285
20 0 0.38946056365966797
20 0 0.37514448165893555
20 0 0.42067766189575195
20 0 0.3884575366973877
20 0 0.39620399475097656
20 0 0.45184755325317383
20 0 0.342113733291626
20 0 0.37767529487609863
