2 6 0.039009809494018555
2 6 0.039008378982543945
2 6 0.0400087833404541
2 6 0.03900766372680664
2 6 0.04200911521911621
2 6 0.0400087833404541
2 6 0.039008140563964844
2 6 0.04000735282897949
2 6 0.039008378982543945
2 6 0.03900861740112305
2 6 0.06549358367919922
2 6 0.0651404857635498
2 6 0.06487321853637695
2 6 0.04601025581359863
2 6 0.048996686935424805
2 6 0.06496167182922363
2 6 0.06493592262268066
2 6 0.05489015579223633
2 6 0.04801154136657715
2 6 0.06505417823791504
2 6 0.047045230865478516
2 6 0.05001020431518555
2 6 0.0653083324432373
2 6 0.056012868881225586
2 6 0.06493330001831055
2 6 0.04601097106933594
2 6 0.04900765419006348
2 6 0.06530261039733887
2 6 0.046966552734375
2 6 0.04794883728027344
2 6 0.06601524353027344
2 6 0.06601524353027344
2 6 0.05801558494567871
2 6 0.06601524353027344
2 6 0.06501388549804688
2 6 0.05901312828063965
2 6 0.06501460075378418
2 6 0.062014102935791016
2 6 0.05501127243041992
2 6 0.05601239204406738
2 6 0.06301331520080566
2 6 0.06301379203796387
2 6 0.06401395797729492
2 6 0.05510878562927246
2 6 0.05701279640197754
2 6 0.06001782417297363
2 6 0.058012962341308594
2 6 0.0600132942199707
2 6 0.06501388549804688
2 6 0.06101393699645996
2 6 0.06501340866088867
2 6 0.06301379203796387
2 6 0.056745052337646484
2 6 0.06568169593811035
2 6 0.06454324722290039
2 6 0.06507062911987305
2 6 0.05910849571228027
2 6 0.053948163986206055
2 6 0.06332135200500488
2 6 0.05930662155151367
2 6 0.057648420333862305
2 6 0.05663013458251953
2 6 0.06403875350952148
2 6 0.06323075294494629
2 6 0.06020951271057129
2 6 0.05774116516113281
2 6 0.06423091888427734
2 6 0.062014102935791016
2 6 0.05601191520690918
2 6 0.059012413024902344
