3 95 5.483940601348877
3 95 5.451021432876587
3 95 6.4093592166900635
3 95 5.590259790420532
3 95 5.449264764785767
3 95 5.407189607620239
3 95 5.497052431106567
3 95 5.641270160675049
3 95 5.922334671020508
3 95 5.439589738845825
3 95 5.61527156829834
3 95 5.843603849411011
3 95 5.817303657531738
3 95 6.101970911026001
3 95 5.5835630893707275
3 95 6.389175653457642
3 95 6.028754234313965
3 95 6.093641042709351
3 95 5.6283018589019775
3 95 5.6662757396698
3 95 8.514487981796265
3 95 8.647776126861572
3 95 9.122422456741333
3 95 9.260836839675903
3 95 5.7236669063568115
3 95 5.6488707065582275
3 95 5.680659770965576
3 95 5.612321615219116
