252 0 23.135276079177856
252 0 24.288227319717407
252 0 23.400641202926636
246 6 26.037040948867798
252 0 24.71056890487671
252 0 23.99940800666809
252 0 29.513472080230713
252 0 24.03186011314392
252 0 24.124113082885742
252 0 23.375530242919922
252 0 34.55658721923828
252 0 33.93635606765747
252 0 36.12446570396423
252 0 32.1274778842926
252 0 31.408430576324463
252 0 33.18537187576294
252 0 28.431992769241333
252 0 29.578338623046875
252 0 29.000535249710083
252 0 29.266595602035522
252 0 31.97520661354065
252 0 32.093230962753296
252 0 34.69882011413574
252 0 33.32555818557739
246 6 35.454768896102905
252 0 33.334134340286255
252 0 31.352220058441162
252 0 29.06406044960022
252 0 31.198639631271362
252 0 29.840445518493652
252 0 32.302462577819824
252 0 31.76622772216797
252 0 32.69445586204529
252 0 32.242860317230225
252 0 33.54076170921326
252 0 34.4631507396698
252 0 34.043447971343994
252 0 32.88102889060974
252 0 23.542304754257202
252 0 27.840274333953857
252 0 28.127338647842407
252 0 26.40995144844055
252 0 29.82872176170349
252 0 28.536430597305298
252 0 33.640429973602295
252 0 27.938833951950073
248 4 30.48644256591797
252 0 29.2441143989563
252 0 27.489195108413696
252 0 30.362842798233032
248 4 32.857913970947266
252 0 28.18288230895996
252 0 31.151733875274658
244 8 31.730514526367188
252 0 26.370553731918335
252 0 25.677095651626587
252 0 30.416383266448975
252 0 33.62828469276428
252 0 31.065587520599365
252 0 26.176488161087036
252 0 30.72978663444519
252 0 26.248543739318848
252 0 27.23444366455078
252 0 27.592676162719727
252 0 26.6174099445343
