28 0 0.10602474212646484
28 0 0.10602331161499023
28 0 0.12002801895141602
28 0 0.10602331161499023
28 0 0.10302329063415527
28 0 0.10102224349975586
28 0 0.10802388191223145
28 0 0.10802388191223145
28 0 0.10802412033081055
28 0 0.10402250289916992
28 0 0.17494988441467285
28 0 0.12900185585021973
28 0 0.1454014778137207
28 0 0.1509532928466797
28 0 0.18103528022766113
28 0 0.15903759002685547
28 0 0.17700862884521484
28 0 0.16697478294372559
28 0 0.17504596710205078
28 0 0.16492414474487305
28 0 0.16803836822509766
28 0 0.14217805862426758
28 0 0.17306303977966309
28 0 0.18103957176208496
28 0 0.15203380584716797
28 0 0.14695954322814941
28 0 0.1248006820678711
28 0 0.16388750076293945
28 0 0.1899123191833496
28 0 0.1820690631866455
28 0 0.1890430450439453
28 0 0.15003395080566406
28 0 0.16303634643554688
28 0 0.16803765296936035
28 0 0.17303943634033203
28 0 0.18104004859924316
28 0 0.1560347080230713
28 0 0.19704365730285645
28 0 0.14603304862976074
28 0 0.17503929138183594
28 0 0.17103838920593262
28 0 0.1540358066558838
28 0 0.16303658485412598
28 0 0.13902926445007324
28 0 0.16103625297546387
28 0 0.1670377254486084
28 0 0.1780405044555664
28 0 0.18004107475280762
28 0 0.1670064926147461
28 0 0.18004059791564941
28 0 0.16103625297546387
28 0 0.19106698036193848
28 0 0.15363335609436035
28 0 0.1870722770690918
28 0 0.13500523567199707
28 0 0.16530942916870117
28 0 0.1569669246673584
28 0 0.16515374183654785
28 0 0.18239212036132812
28 0 0.18550634384155273
28 0 0.1663062572479248
28 0 0.1660776138305664
28 0 0.18567490577697754
28 0 0.1849076747894287
28 0 0.1819443702697754
28 0 0.1640617847442627
28 0 0.172957181930542
28 0 0.13689422607421875
28 0 0.18932628631591797
28 0 0.1930243968963623
28 0 0.1380305290222168
28 0 0.15003371238708496
28 0 0.13302946090698242
28 0 0.17303872108459473
28 0 0.17303824424743652
28 0 0.15903544425964355
28 0 0.16303634643554688
28 0 0.17003870010375977
28 0 0.14803338050842285
28 0 0.18204021453857422
28 0 0.1600356101989746
28 0 0.1470334529876709
28 0 0.12702631950378418
28 0 0.1290292739868164
28 0 0.1510331630706787
28 0 0.13202977180480957
28 0 0.17903947830200195
28 0 0.16203689575195312
28 0 0.14303159713745117
28 0 0.16203546524047852
28 0 0.14503264427185059
28 0 0.1560344696044922
28 0 0.1470327377319336
28 0 0.16303634643554688
28 0 0.17003798484802246
28 0 0.17403864860534668
28 0 0.17703938484191895
28 0 0.14503216743469238
28 0 0.17203903198242188
28 0 0.13602995872497559
