252 0 19.891386032104492
252 0 20.04581093788147
252 0 20.22551941871643
252 0 20.29785966873169
252 0 20.096529722213745
252 0 19.609821557998657
252 0 23.711341857910156
252 0 20.208468198776245
252 0 20.122804880142212
252 0 20.35514235496521
252 0 27.35676097869873
252 0 27.28924870491028
252 0 26.074415922164917
250 2 27.197097778320312
252 0 27.898125648498535
252 0 27.21699857711792
252 0 25.449681520462036
252 0 25.932769536972046
252 0 24.291042804718018
252 0 25.752803325653076
252 0 27.13111400604248
252 0 26.18790102005005
252 0 26.74402642250061
252 0 28.254347801208496
252 0 28.196921825408936
252 0 28.654541015625
249 3 26.32693314552307
252 0 27.13891577720642
252 0 26.73691415786743
252 0 26.178375005722046
252 0 26.86348247528076
252 0 27.8373806476593
252 0 27.88014268875122
252 0 28.760100841522217
252 0 28.758608102798462
252 0 27.800556182861328
252 0 29.015938758850098
252 0 29.031142950057983
252 0 20.951721906661987
252 0 24.732573747634888
252 0 25.056646823883057
252 0 22.393046379089355
252 0 23.22923445701599
252 0 22.620097875595093
252 0 25.961851358413696
252 0 24.87760615348816
252 0 26.928252935409546
252 0 24.14944314956665
252 0 23.593315601348877
252 0 24.307965993881226
252 0 26.06130576133728
252 0 23.357683897018433
252 0 25.142321825027466
252 0 23.265085458755493
252 0 23.44429898262024
252 0 21.4982693195343
252 0 23.980483531951904
252 0 25.81175208091736
252 0 27.47917890548706
252 0 28.061851024627686
252 0 26.479822397232056
252 0 24.532625913619995
248 4 25.056314706802368
252 0 23.062408208847046
252 0 22.152574062347412
