20 0 0.12349796295166016
20 0 0.13347530364990234
20 0 0.11495327949523926
20 0 0.12099766731262207
20 0 0.11702632904052734
20 0 0.16577649116516113
20 0 0.11502718925476074
20 0 0.12005305290222168
20 0 0.11607813835144043
20 0 0.11407017707824707
20 0 0.11901640892028809
20 0 0.12705230712890625
20 0 0.12746000289916992
20 0 0.12007737159729004
20 0 0.12314724922180176
20 0 0.12906098365783691
20 0 0.12391495704650879
20 0 0.1254594326019287
20 0 0.1267709732055664
20 0 0.1600346565246582
20 0 0.12196683883666992
20 0 0.12049508094787598
20 0 0.12105560302734375
20 0 0.14485621452331543
20 0 0.14885663986206055
20 0 0.12592124938964844
20 0 0.13102960586547852
20 0 0.13216805458068848
20 0 0.11663341522216797
20 0 0.12671732902526855
20 0 0.16503691673278809
20 0 0.16403651237487793
20 0 0.12810826301574707
20 0 0.12574553489685059
20 0 0.13353824615478516
20 0 0.12903404235839844
20 0 0.14603328704833984
20 0 0.16203665733337402
20 0 0.1306154727935791
20 0 0.1289210319519043
20 0 0.17875981330871582
20 0 0.15865445137023926
20 0 0.1994307041168213
20 0 0.1822521686553955
20 0 0.17337512969970703
20 0 0.19744443893432617
20 0 0.17520976066589355
20 0 0.17503929138183594
20 0 0.1960446834564209
20 0 0.18276405334472656
20 0 0.19306683540344238
20 0 0.17194318771362305
20 0 0.1739652156829834
20 0 0.16789007186889648
20 0 0.17798113822937012
20 0 0.17341256141662598
20 0 0.16926956176757812
20 0 0.19461822509765625
20 0 0.2000441551208496
20 0 0.16552066802978516
