245 0 43.58232545852661
245 0 44.47473073005676
245 0 42.202900648117065
245 0 43.60432958602905
245 0 44.28115892410278
245 0 43.46582889556885
245 0 42.41312074661255
245 0 42.775744676589966
245 0 42.88727641105652
245 0 44.428858518600464
245 0 74.29374289512634
245 0 99.62624478340149
245 0 72.73889589309692
245 0 75.15749073028564
245 0 43.47626209259033
245 0 43.75206518173218
245 0 44.4122896194458
245 0 43.8589825630188
245 0 69.22356343269348
245 0 71.22361302375793
245 0 69.78468108177185
245 0 70.25396227836609
245 0 67.44102430343628
245 0 70.50002717971802
245 0 63.334999084472656
245 0 63.7383074760437
245 0 66.48548555374146
245 0 65.08069705963135
245 0 71.4099006652832
245 0 71.09213781356812
245 0 72.50001382827759
245 0 71.72498059272766
245 0 71.39523696899414
245 0 70.75769066810608
245 0 71.64886093139648
245 0 69.49944829940796
245 0 75.74523591995239
245 0 72.2278196811676
245 0 65.61343789100647
245 0 65.80950403213501
245 0 64.06954622268677
245 0 63.00834083557129
245 0 63.42978763580322
245 0 64.17813658714294
245 0 63.22764182090759
245 0 60.66968560218811
245 0 61.857858419418335
245 0 63.166841983795166
245 0 62.79609704017639
245 0 66.50726079940796
245 0 64.66085886955261
245 0 64.13531374931335
245 0 63.30429291725159
245 0 66.91953134536743
245 0 66.25108933448792
245 0 67.20045781135559
240 5 68.56107687950134
245 0 65.67191767692566
245 0 65.44993495941162
245 0 64.41967248916626
245 0 65.30603075027466
245 0 64.50484490394592
245 0 64.49219989776611
245 0 65.32431483268738
242 3 67.75468492507935
245 0 65.20458722114563
245 0 64.26034212112427
245 0 66.02296090126038
