45 0 0.5003530979156494
45 0 0.5234153270721436
45 0 0.5125734806060791
45 0 0.5211496353149414
45 0 0.5583465099334717
45 0 0.5124659538269043
45 0 0.5064401626586914
45 0 0.5211272239685059
45 0 0.5187625885009766
45 0 0.48998332023620605
45 0 0.7632336616516113
45 0 0.6756758689880371
45 0 0.6730465888977051
45 0 0.6621663570404053
45 0 0.6811535358428955
45 0 0.6931552886962891
45 0 0.6361432075500488
45 0 0.5831308364868164
45 0 0.721031904220581
45 0 0.6191391944885254
45 0 0.7321655750274658
45 0 0.8952016830444336
45 0 0.6421442031860352
45 0 0.7081587314605713
45 0 0.6834132671356201
45 0 0.5761303901672363
45 0 0.6611485481262207
45 0 0.8441905975341797
45 0 0.6681504249572754
45 0 0.5601263046264648
45 0 0.6221413612365723
45 0 0.691157341003418
45 0 0.6091358661651611
45 0 0.7961790561676025
45 0 0.7011559009552002
45 0 0.81618332862854
45 0 0.7391645908355713
45 0 0.8351874351501465
45 0 0.838188886642456
45 0 0.8538186550140381
45 0 0.8271808624267578
45 0 0.8131828308105469
45 0 0.8631939888000488
45 0 0.8171830177307129
45 0 0.9072051048278809
45 0 0.901202917098999
45 0 0.8791980743408203
45 0 0.8952009677886963
45 0 0.8091819286346436
45 0 0.9212081432342529
45 0 0.838188886642456
45 0 0.8186428546905518
45 0 0.8481910228729248
45 0 0.9582157135009766
45 0 1.0042264461517334
45 0 1.0932457447052002
45 0 0.877197265625
45 0 0.9022023677825928
45 0 0.8801987171173096
45 0 0.891200065612793
45 0 0.8531923294067383
45 0 0.9152069091796875
45 0 0.8651947975158691
45 0 0.8453428745269775
45 0 0.9212071895599365
45 0 0.823185920715332
45 0 0.8671953678131104
45 0 0.8854379653930664
45 0 0.8521924018859863
45 0 0.8882002830505371
45 0 0.7951791286468506
45 0 0.8401892185211182
45 0 0.8351881504058838
45 0 0.8061809539794922
45 0 0.8021807670593262
45 0 0.7801754474639893
45 0 0.7361650466918945
45 0 0.7151608467102051
45 0 0.8121833801269531
45 0 0.6371431350708008
45 0 0.7881770133972168
45 0 0.6641490459442139
45 0 0.737166166305542
45 0 0.6911556720733643
45 0 0.8141834735870361
45 0 0.6481459140777588
45 0 0.8131840229034424
45 0 0.6071362495422363
45 0 0.8341879844665527
45 0 0.8111824989318848
45 0 0.8311862945556641
45 0 0.7531702518463135
45 0 0.776174783706665
45 0 0.8451902866363525
45 0 0.876197099685669
45 0 0.8041810989379883
45 0 0.8181846141815186
45 0 0.7951781749725342
45 0 0.7641720771789551
45 0 0.7281641960144043
45 0 0.7871770858764648
45 0 0.7961788177490234
45 0 0.7851772308349609
45 0 0.7301645278930664
