50 0 0.8411900997161865
50 0 0.8231861591339111
50 0 0.8591930866241455
50 0 0.849191427230835
50 0 0.8321864604949951
50 0 0.8417797088623047
50 0 0.8432028293609619
50 0 0.8638324737548828
50 0 0.8511390686035156
50 0 0.8586735725402832
50 0 1.289289951324463
50 0 1.2422804832458496
50 0 1.3657927513122559
50 0 1.3833122253417969
50 0 1.3693113327026367
50 0 1.4323225021362305
50 0 1.3603055477142334
50 0 1.3997273445129395
50 0 1.422321081161499
50 0 1.349303960800171
50 0 1.4513270854949951
50 0 1.4166529178619385
50 0 1.3643078804016113
50 0 1.6923818588256836
50 0 1.4373233318328857
50 0 1.3653078079223633
50 0 1.4063198566436768
50 0 1.3873112201690674
50 0 1.3763103485107422
50 0 1.3885283470153809
50 0 1.3793106079101562
50 0 1.3312997817993164
50 0 1.3473050594329834
50 0 1.365307331085205
50 0 1.3093059062957764
50 0 1.3062942028045654
50 0 1.3863117694854736
50 0 1.3292996883392334
50 0 1.375309705734253
50 0 1.2962920665740967
50 0 1.3573062419891357
50 0 1.3643076419830322
50 0 1.4013159275054932
50 0 1.5873565673828125
50 0 1.414776086807251
50 0 1.473332166671753
50 0 1.5033373832702637
50 0 1.5273444652557373
50 0 1.6873798370361328
50 0 1.5183420181274414
50 0 1.4433252811431885
50 0 1.4213204383850098
50 0 1.4918410778045654
50 0 1.4703307151794434
50 0 1.4213204383850098
50 0 1.5433473587036133
50 0 1.4803333282470703
50 0 2.0444610118865967
50 0 1.4253206253051758
50 0 1.451326608657837
50 0 1.7033839225769043
50 0 1.4713311195373535
50 0 1.966442346572876
50 0 1.6013598442077637
50 0 1.523343801498413
50 0 1.4943368434906006
50 0 1.5323452949523926
50 0 1.4953362941741943
50 0 1.4463250637054443
50 0 1.425321102142334
