252 0 27.77215337753296
252 0 26.01547074317932
252 0 27.39448595046997
244 8 29.115789651870728
248 4 28.28137230873108
247 5 34.51244330406189
247 5 27.286359548568726
237 15 33.281522274017334
244 8 29.771010160446167
252 0 30.730202674865723
252 0 37.807650566101074
243 9 41.37855625152588
252 0 36.243730783462524
249 3 37.086262464523315
252 0 35.68899178504944
247 5 35.273876428604126
252 0 35.14729452133179
247 5 36.110960245132446
247 5 36.28617811203003
252 0 32.0662260055542
252 0 37.590471029281616
252 0 39.30585837364197
252 0 36.261171102523804
248 4 39.07980704307556
243 9 45.204590797424316
252 0 39.842257499694824
237 15 41.59034538269043
252 0 36.06898784637451
245 7 37.87411046028137
239 13 44.665730714797974
252 0 37.6360399723053
250 2 40.098097801208496
245 7 41.62864637374878
245 7 41.36735558509827
252 0 38.892706632614136
246 6 39.38079261779785
248 4 40.64226222038269
252 0 28.637723684310913
244 8 37.66819453239441
252 0 29.25731062889099
252 0 28.12399697303772
242 10 33.84624242782593
246 6 36.64288902282715
244 8 38.0875825881958
247 5 35.002888441085815
248 4 32.56733965873718
250 2 33.37051963806152
246 6 34.53978443145752
252 0 36.81236243247986
252 0 34.20844650268555
249 3 35.358067989349365
236 16 38.22350835800171
249 3 31.09117555618286
230 22 41.3282675743103
250 2 33.53732204437256
252 0 33.11099028587341
249 3 39.59206986427307
238 14 45.03897953033447
241 11 40.42663645744324
239 13 41.887211084365845
249 3 33.01583766937256
245 7 33.57349920272827
252 0 28.70493721961975
249 3 28.3743953704834
248 4 35.6929247379303
252 0 34.984522342681885
252 0 37.675724029541016
235 17 49.09049701690674
250 2 37.254514932632446
