175 0 21.015745401382446
175 0 22.511189460754395
175 0 20.3474440574646
175 0 24.9479341506958
175 0 23.67715096473694
175 0 21.4948570728302
175 0 22.24376678466797
175 0 22.372520923614502
175 0 23.760756492614746
175 0 28.43360447883606
175 0 31.929457664489746
175 0 23.486291885375977
162 13 37.60766673088074
175 0 23.84235429763794
175 0 23.513102769851685
175 0 26.162583589553833
175 0 32.36403965950012
175 0 25.2859845161438
175 0 39.666486501693726
175 0 32.72238612174988
175 0 31.48038649559021
175 0 34.81493520736694
175 0 32.3196074962616
175 0 33.45699405670166
175 0 39.51028823852539
175 0 31.0949490070343
173 2 36.55751061439514
175 0 35.55343055725098
175 0 41.303996086120605
170 5 41.99058556556702
175 0 37.349268198013306
175 0 40.31391882896423
175 0 33.28252625465393
175 0 33.94274115562439
175 0 35.679611682891846
175 0 40.94028973579407
175 0 35.151636362075806
175 0 56.439719676971436
175 0 36.48362398147583
175 0 36.75684428215027
175 0 33.82435727119446
175 0 34.68949031829834
175 0 36.647401571273804
175 0 29.28131651878357
175 0 31.006651163101196
175 0 30.106664180755615
175 0 31.247146368026733
175 0 36.57891607284546
175 0 31.70555353164673
167 8 39.08722162246704
175 0 35.84944558143616
169 6 36.815187215805054
175 0 30.04225254058838
175 0 33.02612042427063
175 0 32.3909707069397
175 0 33.927027225494385
175 0 33.15517449378967
175 0 36.32065677642822
175 0 26.343247890472412
175 0 30.293796062469482
175 0 29.944632291793823
175 0 33.44894981384277
175 0 34.48268389701843
175 0 35.30673837661743
175 0 35.781818151474
175 0 28.232172966003418
175 0 28.94122552871704
175 0 29.448786735534668
167 8 44.21395659446716
166 9 30.70684266090393
175 0 30.8718581199646
175 0 31.91432499885559
168 7 37.43371033668518
175 0 24.713104009628296
175 0 27.21370005607605
175 0 28.398247003555298
