125 0 3.5691652297973633
125 0 3.555058717727661
125 0 3.5863659381866455
125 0 3.544801950454712
125 0 3.561034917831421
125 0 3.506260395050049
125 0 3.5260744094848633
125 0 3.4706015586853027
125 0 3.5868000984191895
125 0 3.51632022857666
125 0 6.295418977737427
125 0 5.666277170181274
125 0 6.262887954711914
125 0 6.3009254932403564
125 0 6.134097337722778
125 0 7.149085998535156
125 0 5.946339845657349
125 0 5.425731897354126
125 0 5.86583137512207
125 0 5.377585411071777
125 0 5.465369701385498
125 0 5.414688587188721
125 0 5.235716819763184
125 0 5.585259199142456
125 0 5.490694284439087
125 0 5.891862869262695
125 0 5.249937534332275
125 0 5.707405090332031
125 0 4.863156318664551
125 0 5.214951038360596
125 0 5.592768907546997
125 0 5.101133823394775
125 0 4.96226692199707
125 0 5.33250880241394
125 0 5.127231597900391
125 0 5.22951602935791
125 0 4.918903112411499
125 0 5.273843288421631
125 0 5.356852769851685
125 0 5.0750885009765625
125 0 4.97720193862915
125 0 4.869072437286377
125 0 4.535341739654541
125 0 5.469194412231445
125 0 4.741790771484375
125 0 4.563668489456177
125 0 3.971703052520752
125 0 4.5867321491241455
125 0 4.996942758560181
125 0 4.6925950050354
125 0 4.480331897735596
125 0 4.357183456420898
125 0 4.18035364151001
125 0 5.1471452713012695
125 0 4.633355140686035
125 0 4.421971321105957
125 0 4.642797946929932
125 0 4.217491626739502
125 0 4.352031946182251
125 0 4.998795747756958
125 0 4.1223108768463135
125 0 4.667610168457031
125 0 4.098017930984497
125 0 4.304908037185669
125 0 4.816034317016602
125 0 4.297536373138428
125 0 5.033268690109253
125 0 4.609428882598877
125 0 4.487604856491089
125 0 4.327381134033203
