32 0 0.2690584659576416
32 0 0.2600586414337158
32 0 0.252056360244751
32 0 0.2540576457977295
32 0 0.25505685806274414
32 0 0.2560577392578125
32 0 0.28206372261047363
32 0 0.24805617332458496
32 0 0.2498011589050293
32 0 0.2560579776763916
32 0 0.37790513038635254
32 0 0.370084285736084
32 0 0.31907153129577637
32 0 0.3720827102661133
32 0 0.3180716037750244
32 0 0.3980889320373535
32 0 0.39819955825805664
32 0 0.3590812683105469
32 0 0.3520798683166504
32 0 0.39708924293518066
32 0 0.4100923538208008
32 0 0.40609192848205566
32 0 0.42409539222717285
32 0 0.4031085968017578
32 0 0.37708520889282227
32 0 0.40909242630004883
32 0 0.40208959579467773
32 0 0.33307600021362305
32 0 0.39508938789367676
32 0 0.4250962734222412
32 0 0.42609620094299316
32 0 0.4901106357574463
32 0 0.4196763038635254
32 0 0.44009900093078613
32 0 0.4390988349914551
32 0 0.4140932559967041
32 0 0.4270956516265869
32 0 0.4300968647003174
32 0 0.4851088523864746
32 0 0.4010903835296631
32 0 0.46610522270202637
32 0 0.42209529876708984
32 0 0.4230947494506836
32 0 0.41709399223327637
32 0 0.4180924892425537
32 0 0.41309285163879395
32 0 0.4360983371734619
32 0 0.37708544731140137
32 0 0.4370996952056885
32 0 0.4175992012023926
32 0 0.5751290321350098
32 0 0.40409135818481445
32 0 0.43509793281555176
32 0 0.45810413360595703
32 0 0.5781300067901611
32 0 0.44610095024108887
32 0 0.42909717559814453
32 0 0.46410417556762695
32 0 0.4180939197540283
32 0 0.45510220527648926
32 0 0.4941122531890869
32 0 0.41509342193603516
32 0 0.5641260147094727
32 0 0.3970956802368164
32 0 0.43109703063964844
32 0 0.40209054946899414
32 0 0.41509342193603516
32 0 0.4210948944091797
32 0 0.4160940647125244
32 0 0.4250960350036621
32 0 0.3700833320617676
32 0 0.3810853958129883
32 0 0.38008713722229004
32 0 0.35708045959472656
32 0 0.36808252334594727
32 0 0.3720841407775879
32 0 0.3870885372161865
32 0 0.401090145111084
32 0 0.4050912857055664
32 0 0.38266706466674805
32 0 0.3790857791900635
32 0 0.37508463859558105
32 0 0.37308406829833984
32 0 0.3740859031677246
32 0 0.37108278274536133
32 0 0.3580806255340576
32 0 0.36208105087280273
32 0 0.37508392333984375
32 0 0.3540811538696289
32 0 0.37508463859558105
32 0 0.42009425163269043
32 0 0.4100923538208008
32 0 0.39108777046203613
32 0 0.376084566116333
32 0 0.33007192611694336
32 0 0.436098575592041
32 0 0.4050920009613037
32 0 0.3850865364074707
32 0 0.40609145164489746
32 0 0.3850862979888916
