8 0 0.014002084732055664
8 0 0.01400303840637207
8 0 0.014002799987792969
8 0 0.014002799987792969
8 0 0.01400303840637207
8 0 0.014005184173583984
8 0 0.014001846313476562
8 0 0.014003276824951172
8 0 0.014002799987792969
8 0 0.014002323150634766
8 0 0.022005081176757812
8 0 0.022005319595336914
8 0 0.022003173828125
8 0 0.0220029354095459
8 0 0.013999462127685547
8 0 0.02400517463684082
8 0 0.016003847122192383
8 0 0.020003795623779297
8 0 0.016003847122192383
8 0 0.024005889892578125
8 0 0.01600337028503418
8 0 0.022005319595336914
8 0 0.016003131866455078
8 0 0.02200460433959961
8 0 0.016004085540771484
8 0 0.023088693618774414
8 0 0.01600360870361328
8 0 0.022005319595336914
8 0 0.024005889892578125
8 0 0.016003847122192383
8 0 0.02300572395324707
8 0 0.020003795623779297
8 0 0.019985198974609375
8 0 0.018002986907958984
8 0 0.021004676818847656
8 0 0.01900339126586914
8 0 0.021004199981689453
8 0 0.020003795623779297
8 0 0.016002893447875977
8 0 0.023005962371826172
8 0 0.02400517463684082
8 0 0.024005413055419922
8 0 0.02200484275817871
8 0 0.02100372314453125
8 0 0.023005247116088867
8 0 0.019004106521606445
8 0 0.0200045108795166
8 0 0.023005008697509766
8 0 0.023005008697509766
8 0 0.023004770278930664
8 0 0.022005081176757812
8 0 0.023601531982421875
8 0 0.018405914306640625
8 0 0.01800394058227539
8 0 0.022734403610229492
8 0 0.021004438400268555
8 0 0.025005340576171875
8 0 0.025041818618774414
8 0 0.02300429344177246
8 0 0.020916461944580078
8 0 0.02400493621826172
8 0 0.02300238609313965
8 0 0.01800394058227539
8 0 0.021016359329223633
8 0 0.023747682571411133
8 0 0.022978544235229492
8 0 0.024319887161254883
8 0 0.018761396408081055
8 0 0.0200042724609375
8 0 0.02400517463684082
