490 0 139.54780077934265
490 0 233.78871774673462
490 0 231.41287755966187
490 0 191.29960989952087
490 0 234.87637066841125
490 0 187.12774658203125
490 0 164.18091201782227
490 0 153.86192321777344
490 0 153.89677667617798
490 0 149.91649460792542
490 0 340.18702721595764
490 0 268.9594371318817
490 0 221.0299937725067
490 0 222.99953484535217
490 0 358.87969875335693
483 7 202.382750749588
490 0 186.93587565422058
490 0 248.69382429122925
490 0 420.3640298843384
490 0 142.4128556251526
490 0 343.6174125671387
490 0 301.0237126350403
490 0 285.60534477233887
490 0 262.89992356300354
490 0 258.84107756614685
490 0 321.70529103279114
490 0 215.008047580719
490 0 200.4401638507843
490 0 301.76270747184753
490 0 260.2554843425751
490 0 230.11154413223267
490 0 725.5289168357849
490 0 258.66649746894836
490 0 261.0697009563446
490 0 298.99683952331543
490 0 242.74978876113892
490 0 375.3202385902405
490 0 256.71830797195435
490 0 229.20610451698303
490 0 186.49982619285583
490 0 286.2842586040497
490 0 247.1717689037323
490 0 263.0322208404541
490 0 164.65067052841187
490 0 191.30856204032898
490 0 161.13307929039001
490 0 185.49372553825378
490 0 235.44900846481323
490 0 257.0293228626251
477 13 167.68533849716187
490 0 218.64386248588562
490 0 240.59891033172607
490 0 253.975576877594
490 0 319.24066853523254
490 0 229.52530193328857
490 0 275.65673899650574
469 21 250.42804145812988
480 10 299.7523880004883
490 0 161.31049180030823
490 0 205.98540687561035
490 0 465.7902238368988
490 0 175.22611093521118
490 0 219.5821533203125
490 0 175.15865445137024
490 0 223.8539855480194
490 0 284.3361186981201
490 0 277.0477511882782
490 0 223.95924377441406
490 0 218.86387276649475
490 0 165.3156716823578
