20 0 0.17559337615966797
20 0 0.17072153091430664
20 0 0.17334198951721191
20 0 0.1798710823059082
20 0 0.18424153327941895
20 0 0.18304085731506348
20 0 0.17406129837036133
20 0 0.17306971549987793
20 0 0.17009663581848145
20 0 0.18209290504455566
20 0 0.17852783203125
20 0 0.17223525047302246
20 0 0.1812129020690918
20 0 0.17821693420410156
20 0 0.187042236328125
20 0 0.18385744094848633
20 0 0.18032288551330566
20 0 0.18534159660339355
20 0 0.1892685890197754
20 0 0.20104455947875977
20 0 0.1909010410308838
20 0 0.1915738582611084
20 0 0.19504380226135254
20 0 0.1989903450012207
20 0 0.19901776313781738
20 0 0.196685791015625
20 0 0.20104575157165527
20 0 0.2707035541534424
20 0 0.19371986389160156
20 0 0.1814711093902588
20 0 0.20722675323486328
20 0 0.19141197204589844
20 0 0.20875763893127441
20 0 0.2195584774017334
20 0 0.2710604667663574
20 0 0.18006062507629395
20 0 0.23105168342590332
20 0 0.20463347434997559
20 0 0.2010352611541748
20 0 0.22004914283752441
20 0 0.2450883388519287
20 0 0.24843502044677734
20 0 0.2631688117980957
20 0 0.2724568843841553
20 0 0.26885557174682617
20 0 0.25655269622802734
20 0 0.2563509941101074
20 0 0.2608795166015625
20 0 0.26488375663757324
20 0 0.28811192512512207
20 0 0.27974772453308105
20 0 0.24590706825256348
20 0 0.26517271995544434
20 0 0.271289587020874
20 0 0.25972628593444824
20 0 0.2749507427215576
20 0 0.26605939865112305
20 0 0.26405882835388184
20 0 0.2800626754760742
20 0 0.2271571159362793
