72 0 2.1054742336273193
72 0 2.146484851837158
72 0 3.1707141399383545
72 0 3.04768705368042
72 0 3.0938615798950195
72 0 3.120457887649536
72 0 3.199721574783325
72 0 3.06669020652771
72 0 3.088696002960205
72 0 2.9306609630584717
72 0 3.3417530059814453
72 0 3.21872615814209
72 0 3.2427310943603516
72 0 3.3917644023895264
72 0 3.391953706741333
72 0 3.973896026611328
72 0 3.6012868881225586
72 0 3.27875018119812
72 0 3.287741184234619
72 0 3.4187703132629395
72 0 3.201721429824829
72 0 3.2717370986938477
72 0 3.338752508163452
72 0 3.461284875869751
72 0 3.5858078002929688
72 0 3.3957645893096924
72 0 3.5608022212982178
72 0 3.460779905319214
72 0 3.5337963104248047
72 0 3.4837851524353027
72 0 3.3847622871398926
72 0 3.6978328227996826
72 0 3.4187705516815186
72 0 4.301969289779663
72 0 3.498789072036743
72 0 3.473782777786255
72 0 3.850867748260498
72 0 3.415769577026367
72 0 3.6338186264038086
72 0 3.303203821182251
72 0 3.4217710494995117
72 0 3.8538689613342285
72 0 3.428772449493408
72 0 3.4557785987854004
72 0 3.3707592487335205
72 0 3.549243927001953
72 0 3.715343713760376
72 0 3.9408881664276123
72 0 3.498788356781006
72 0 4.0289082527160645
72 0 3.3827621936798096
72 0 3.546304225921631
72 0 3.549799919128418
72 0 3.267205238342285
72 0 3.0922062397003174
72 0 3.289741039276123
72 0 3.2131361961364746
72 0 3.179161548614502
72 0 3.6228160858154297
72 0 3.48278546333313
72 0 3.4067680835723877
72 0 3.362758159637451
72 0 3.2603201866149902
72 0 2.9713447093963623
72 0 3.2880702018737793
72 0 3.228451728820801
72 0 3.063934564590454
72 0 3.4472458362579346
72 0 3.1866800785064697
72 0 3.184171199798584
