340 3 81.78856158256531
325 18 75.1078360080719
343 0 54.85022258758545
333 10 67.12494206428528
337 6 77.65939807891846
340 3 89.39464855194092
333 10 92.27070832252502
337 6 73.82204842567444
337 6 75.8140127658844
325 18 89.09502100944519
343 0 71.32607340812683
323 20 74.69890189170837
317 26 89.998281955719
331 12 79.92501282691956
339 4 70.10379958152771
332 11 77.06077456474304
343 0 76.49007511138916
315 28 92.26711916923523
343 0 66.44210600852966
339 4 75.71939325332642
343 0 77.71285247802734
337 6 77.58825349807739
337 6 69.03866243362427
336 7 65.12993669509888
325 18 92.92167234420776
336 7 84.18643045425415
328 15 87.67710995674133
335 8 69.09645056724548
343 0 78.38412189483643
337 6 57.907039403915405
343 0 60.39678978919983
327 16 68.20685052871704
341 2 55.220444679260254
335 8 60.058560848236084
333 10 60.20481824874878
306 37 91.48133325576782
332 11 65.54162669181824
320 23 99.9892463684082
339 4 72.6454451084137
320 23 99.82335925102234
337 6 105.30328440666199
339 4 86.12449836730957
323 20 89.67130088806152
343 0 76.961421251297
343 0 94.68331336975098
335 8 102.64866375923157
332 11 99.98110961914062
336 7 95.51722073554993
335 8 96.17747068405151
329 14 99.81731534004211
330 13 95.1772928237915
338 5 99.50452184677124
326 17 113.37212467193604
334 9 99.17830848693848
340 3 86.96946477890015
335 8 86.36588764190674
335 8 82.13078331947327
324 19 100.85794520378113
339 4 83.51202154159546
334 9 84.46417284011841
