45 0 0.3636808395385742
45 0 0.35237956047058105
45 0 0.3561720848083496
45 0 0.3404560089111328
45 0 0.3209545612335205
45 0 0.33057546615600586
45 0 0.33695459365844727
45 0 0.3535726070404053
45 0 0.34719014167785645
45 0 0.31738877296447754
45 0 0.4741370677947998
45 0 0.4504432678222656
45 0 0.5101494789123535
45 0 0.4161038398742676
45 0 0.4300971031188965
45 0 0.4380979537963867
45 0 0.41309237480163574
45 0 0.44210052490234375
45 0 0.4731104373931885
45 0 0.456101655960083
45 0 0.48010897636413574
45 0 0.40409040451049805
45 0 0.5019776821136475
45 0 0.44910287857055664
45 0 0.416093111038208
45 0 0.47110652923583984
45 0 0.48210859298706055
45 0 0.5231177806854248
45 0 0.47541141510009766
45 0 0.4819619655609131
45 0 0.46010351181030273
45 0 0.4180939197540283
45 0 0.4320971965789795
45 0 0.5091140270233154
45 0 0.39508986473083496
45 0 0.4991123676300049
45 0 0.5060267448425293
45 0 0.4750967025756836
45 0 0.6031339168548584
45 0 0.4941103458404541
45 0 0.5165247917175293
45 0 0.5371208190917969
45 0 0.5321199893951416
45 0 0.5761301517486572
45 0 0.5641274452209473
45 0 0.5921337604522705
45 0 0.5791299343109131
45 0 0.5621261596679688
45 0 0.5511236190795898
45 0 0.5121152400970459
45 0 0.6441442966461182
45 0 0.6201398372650146
45 0 0.5901327133178711
45 0 0.525118350982666
45 0 0.7041587829589844
45 0 0.575129508972168
45 0 0.6051366329193115
45 0 0.6241405010223389
45 0 0.575129508972168
45 0 0.6191394329071045
45 0 0.5741291046142578
45 0 0.5791304111480713
45 0 0.5351200103759766
45 0 0.5791416168212891
45 0 0.5541248321533203
45 0 0.5151159763336182
45 0 0.5541250705718994
45 0 0.5931341648101807
45 0 0.5681278705596924
45 0 0.5271186828613281
45 0 0.5671277046203613
45 0 0.5595743656158447
45 0 0.5351207256317139
45 0 0.5541250705718994
45 0 0.48911023139953613
45 0 0.42209410667419434
45 0 0.5441229343414307
45 0 0.5661273002624512
45 0 0.43109703063964844
45 0 0.46210384368896484
45 0 0.4320969581604004
45 0 0.5331199169158936
45 0 0.47110557556152344
45 0 0.39108753204345703
45 0 0.488109827041626
45 0 0.4140927791595459
45 0 0.5251188278198242
45 0 0.40209031105041504
45 0 0.43109822273254395
45 0 0.46610498428344727
45 0 0.5911333560943604
45 0 0.49111008644104004
45 0 0.5581254959106445
45 0 0.5111141204833984
45 0 0.5101146697998047
45 0 0.5161170959472656
45 0 0.510115385055542
45 0 0.5381209850311279
45 0 0.5461232662200928
45 0 0.43309736251831055
45 0 0.5131149291992188
45 0 0.5171167850494385
45 0 0.5031142234802246
45 0 0.4090919494628906
