125 0 5.394681453704834
125 0 5.4694719314575195
125 0 5.494420289993286
125 0 5.540826082229614
125 0 5.455235004425049
125 0 5.496488332748413
125 0 5.391218423843384
125 0 5.318687915802002
125 0 5.444112300872803
125 0 5.43359637260437
122 3 10.209814310073853
125 0 9.743654251098633
125 0 11.215611219406128
125 0 10.608389854431152
125 0 10.149793148040771
125 0 10.154793500900269
125 0 9.047538757324219
125 0 9.122055292129517
125 0 9.008247137069702
125 0 8.717392206192017
125 0 8.558642387390137
125 0 8.849487781524658
125 0 8.875
125 0 9.101237297058105
125 0 9.064159154891968
125 0 9.015354871749878
125 0 8.56911325454712
125 0 8.750867128372192
125 0 8.186107635498047
125 0 8.996869802474976
125 0 8.148526906967163
125 0 8.934479236602783
125 0 8.023455619812012
125 0 8.133232116699219
125 0 8.000358581542969
125 0 8.108429431915283
125 0 7.996754169464111
125 0 8.146127700805664
125 0 7.787357330322266
125 0 8.518590688705444
125 0 7.9586005210876465
125 0 7.964494705200195
125 0 8.07596206665039
125 0 7.759093999862671
125 0 6.915115594863892
125 0 7.43606162071228
125 0 7.563467502593994
125 0 7.605350494384766
125 0 6.801271200180054
125 0 7.362600803375244
125 0 7.348856687545776
125 0 7.080225467681885
125 0 7.042753458023071
125 0 7.111538648605347
125 0 7.460374355316162
125 0 6.884623289108276
125 0 7.0002806186676025
125 0 6.7728517055511475
125 0 6.757029056549072
125 0 6.953136444091797
125 0 6.868474006652832
125 0 7.114504814147949
125 0 6.605249881744385
125 0 7.264514923095703
125 0 6.765674591064453
125 0 6.651021718978882
125 0 6.515762090682983
125 0 7.447783470153809
125 0 6.884437322616577
125 0 7.5102763175964355
