98 0 3.9785943031311035
98 0 4.032530307769775
98 0 4.0882933139801025
98 0 4.000751495361328
98 0 4.0498902797698975
98 0 3.9802017211914062
98 0 4.0784056186676025
98 0 4.018024444580078
98 0 3.9777400493621826
98 0 3.9764301776885986
98 0 4.004901885986328
98 0 3.9153525829315186
98 0 3.9775819778442383
98 0 3.9471383094787598
98 0 3.9979021549224854
98 0 4.334975957870483
98 0 4.099923372268677
98 0 4.008922815322876
98 0 4.003511428833008
98 0 4.001360893249512
98 0 5.7352917194366455
98 0 5.680785179138184
98 0 6.107376337051392
98 0 6.234404563903809
98 0 5.201054573059082
98 0 6.602006196975708
98 0 7.472684144973755
98 0 6.540496587753296
98 0 6.4434521198272705
98 0 6.499464750289917
98 0 6.595991373062134
98 0 7.0815956592559814
98 0 6.880991458892822
98 0 6.706511735916138
98 0 7.1936211585998535
98 0 7.339158773422241
98 0 7.138609170913696
98 0 7.21808934211731
98 0 6.781527996063232
98 0 7.071593999862671
98 0 7.237136602401733
98 0 7.1826183795928955
98 0 7.32915735244751
98 0 7.109601736068726
98 0 7.066098928451538
98 0 6.984031438827515
98 0 7.041588306427002
98 0 6.171390056610107
98 0 6.423447847366333
96 2 6.934033632278442
98 0 6.630494117736816
98 0 6.428156852722168
98 0 6.340577840805054
98 0 6.446971654891968
98 0 6.179177522659302
98 0 6.2444071769714355
98 0 6.52647066116333
98 0 6.449639081954956
98 0 6.588484764099121
98 0 6.7427403926849365
98 0 6.117242336273193
98 0 6.4818947315216064
98 0 6.772638320922852
98 0 6.297712802886963
98 0 5.921554088592529
98 0 5.600693702697754
98 0 6.168684720993042
98 0 5.89483642578125
98 0 6.222254991531372
98 0 5.710945129394531
98 0 6.491774320602417
98 0 5.782530069351196
98 0 5.959690093994141
98 0 6.219714879989624
98 0 6.329231262207031
98 0 5.982142686843872
98 0 6.057190656661987
98 0 6.012732028961182
98 0 6.049648284912109
98 0 6.314783573150635
98 0 6.197926759719849
98 0 5.897415637969971
98 0 5.891684055328369
98 0 5.652248859405518
98 0 5.546079874038696
