125 0 4.834129095077515
125 0 5.036453008651733
125 0 4.981124639511108
125 0 5.1945250034332275
125 0 4.764077186584473
125 0 4.926113605499268
125 0 5.036138534545898
125 0 4.748074054718018
125 0 4.840275526046753
125 0 4.768571615219116
125 0 8.176841020584106
125 0 10.222812414169312
125 0 9.894229888916016
125 0 9.647679567337036
125 0 11.808164834976196
125 0 8.493914127349854
125 0 7.873286724090576
125 0 7.5636560916900635
125 0 8.409895420074463
125 0 7.651931047439575
125 0 7.768014430999756
125 0 7.296745538711548
125 0 7.872774124145508
125 0 8.025290727615356
125 0 7.783213138580322
125 0 7.447596073150635
125 0 7.674488306045532
125 0 7.359699964523315
125 0 7.232809543609619
125 0 7.7485575675964355
125 0 7.301267385482788
125 0 7.552862167358398
125 0 7.469815969467163
125 0 7.351027727127075
125 0 7.041482925415039
125 0 7.346958637237549
125 0 6.993563652038574
125 0 7.541492223739624
125 0 7.366674423217773
125 0 7.220468997955322
125 0 7.201515436172485
125 0 6.975731134414673
125 0 6.148986101150513
125 0 6.570362567901611
125 0 6.137725830078125
125 0 6.396916389465332
125 0 6.151105165481567
125 0 5.692835092544556
125 0 6.909419536590576
125 0 6.219008445739746
125 0 5.911838531494141
125 0 6.25224232673645
125 0 6.458560466766357
125 0 6.398302316665649
125 0 6.538459300994873
125 0 6.29064416885376
125 0 5.804346799850464
125 0 5.880333662033081
125 0 6.203883171081543
125 0 6.047875642776489
125 0 6.374043941497803
125 0 6.29378604888916
125 0 5.79482102394104
125 0 5.797938823699951
125 0 6.231715679168701
125 0 6.470736026763916
125 0 6.017751693725586
125 0 6.87718653678894
125 0 6.108851194381714
125 0 5.936495065689087
