8 90 6.706519842147827
8 90 6.582876205444336
8 90 6.50749397277832
8 90 6.584301710128784
8 90 6.746089220046997
8 90 6.6831560134887695
8 90 6.667415380477905
8 90 6.654402494430542
8 90 6.666042327880859
8 90 6.600336313247681
8 90 6.7034313678741455
8 90 6.836540937423706
8 90 6.75387716293335
8 90 6.775963306427002
8 90 6.60148549079895
8 90 7.176008939743042
8 90 6.879549264907837
8 90 6.687719106674194
8 90 6.948350667953491
8 90 6.684998035430908
8 90 10.465567111968994
8 90 10.207589387893677
8 90 10.208965063095093
8 90 9.994342803955078
