5 0 0.006000041961669922
5 0 0.008001565933227539
5 0 0.008000612258911133
5 0 0.008001327514648438
5 0 0.0060007572174072266
5 0 0.0060007572174072266
5 0 0.007000923156738281
5 0 0.008001565933227539
5 0 0.006000995635986328
5 0 0.0070018768310546875
5 0 0.010001420974731445
5 0 0.01200246810913086
5 0 0.011002540588378906
5 0 0.009001970291137695
5 0 0.008002758026123047
5 0 0.009003877639770508
5 0 0.010002613067626953
5 0 0.00800180435180664
5 0 0.010001659393310547
5 0 0.010002851486206055
5 0 0.009000539779663086
5 0 0.01000213623046875
5 0 0.0070345401763916016
5 0 0.010483503341674805
5 0 0.010001659393310547
5 0 0.01000213623046875
5 0 0.010002613067626953
5 0 0.007001638412475586
5 0 0.007001161575317383
5 0 0.007001638412475586
5 0 0.010001659393310547
5 0 0.01000213623046875
5 0 0.011002302169799805
5 0 0.010002374649047852
5 0 0.008001089096069336
5 0 0.009002447128295898
5 0 0.012001514434814453
5 0 0.008003473281860352
5 0 0.008002281188964844
5 0 0.009005546569824219
5 0 0.008002042770385742
5 0 0.012011051177978516
5 0 0.010001897811889648
5 0 0.008001327514648438
5 0 0.009001731872558594
5 0 0.009001731872558594
5 0 0.009001970291137695
5 0 0.010002374649047852
5 0 0.006001710891723633
5 0 0.010002374649047852
5 0 0.009002208709716797
5 0 0.010002613067626953
5 0 0.0070018768310546875
5 0 0.009001970291137695
5 0 0.01200246810913086
5 0 0.010002374649047852
5 0 0.009002208709716797
5 0 0.00800180435180664
5 0 0.010002851486206055
5 0 0.008001565933227539
5 0 0.009001731872558594
5 0 0.008002281188964844
5 0 0.012002944946289062
5 0 0.009002208709716797
5 0 0.009001731872558594
5 0 0.01000213623046875
5 0 0.009002208709716797
5 0 0.008002042770385742
5 0 0.010002613067626953
5 0 0.007001638412475586
