343 0 81.49263787269592
343 0 86.49201917648315
343 0 97.16571998596191
343 0 82.72987866401672
343 0 100.50948929786682
343 0 134.75433993339539
343 0 127.63176345825195
343 0 168.60457801818848
343 0 156.0576479434967
343 0 137.40831923484802
343 0 126.21024823188782
343 0 110.82985281944275
343 0 117.43623685836792
343 0 113.94068384170532
343 0 107.23662328720093
343 0 100.95475244522095
343 0 90.08794021606445
343 0 139.04516744613647
343 0 116.05215501785278
343 0 106.15392470359802
343 0 112.27652955055237
343 0 117.04874992370605
343 0 98.98346590995789
343 0 112.03812527656555
343 0 134.79725551605225
343 0 112.26529598236084
343 0 102.58885884284973
343 0 94.52279019355774
343 0 123.927086353302
343 0 121.50317764282227
343 0 127.46593856811523
343 0 104.79499840736389
343 0 126.16684079170227
343 0 85.83123302459717
343 0 87.72033905982971
343 0 104.82261347770691
343 0 90.81443810462952
343 0 85.61727666854858
343 0 87.49386811256409
343 0 82.81986451148987
343 0 86.01277804374695
343 0 114.81176590919495
343 0 105.40307259559631
343 0 109.32249450683594
343 0 118.7886278629303
343 0 148.88213849067688
343 0 149.50219988822937
343 0 151.55983638763428
343 0 145.58607602119446
343 0 112.03036570549011
343 0 98.14611911773682
343 0 111.07706260681152
343 0 87.76177835464478
343 0 88.7070643901825
343 0 91.04151725769043
343 0 87.95531129837036
343 0 94.58031606674194
343 0 147.59125518798828
343 0 158.33655858039856
343 0 148.6224970817566
343 0 178.3271882534027
343 0 119.83205771446228
343 0 114.07913064956665
343 0 109.26862740516663
343 0 151.85100150108337
343 0 164.54815435409546
343 0 117.50160098075867
343 0 111.14116215705872
343 0 134.08435487747192
343 0 158.13468956947327
