63 0 0.6191504001617432
63 0 0.61427903175354
63 0 0.6011466979980469
63 0 0.620140552520752
63 0 0.6151382923126221
63 0 0.5921330451965332
63 0 0.6541473865509033
63 0 0.615994930267334
63 0 0.5751290321350098
63 0 0.6271402835845947
63 0 0.8370203971862793
63 0 0.8443880081176758
63 0 0.8641946315765381
63 0 0.8350522518157959
63 0 0.8641958236694336
63 0 0.9772205352783203
63 0 0.7462458610534668
63 0 0.7281644344329834
63 0 0.8746626377105713
63 0 1.1102497577667236
63 0 0.9506540298461914
63 0 0.9062042236328125
63 0 0.9882221221923828
63 0 1.0142288208007812
63 0 1.0442349910736084
63 0 0.9927282333374023
63 0 1.039233922958374
63 0 1.0282318592071533
63 0 1.0412342548370361
63 0 1.4353232383728027
63 0 1.4313228130340576
63 0 1.125253438949585
63 0 1.0772428512573242
63 0 1.0832438468933105
63 0 1.100285530090332
63 0 1.0092272758483887
63 0 1.04823637008667
63 0 1.0012257099151611
63 0 1.1812660694122314
63 0 1.0352332592010498
63 0 1.3573060035705566
63 0 1.4023163318634033
63 0 1.399315357208252
63 0 1.0612387657165527
63 0 1.008225917816162
63 0 1.2188804149627686
63 0 1.0442352294921875
63 0 1.0697453022003174
63 0 1.1262540817260742
63 0 1.153259038925171
63 0 1.0212297439575195
63 0 0.9972248077392578
63 0 1.054126262664795
63 0 0.9662172794342041
63 0 1.1377124786376953
63 0 1.2052714824676514
63 0 1.0352325439453125
63 0 1.549349069595337
63 0 1.1075165271759033
63 0 1.2242755889892578
63 0 1.2412796020507812
63 0 1.2962918281555176
63 0 1.0832433700561523
63 0 1.051236629486084
63 0 1.1202526092529297
63 0 1.197270154953003
63 0 1.324298620223999
63 0 1.2532825469970703
63 0 1.1282541751861572
63 0 1.1922686100006104
63 0 1.2182738780975342
63 0 1.6593742370605469
