98 0 7.1710755825042725
98 0 6.927035093307495
98 0 7.154613494873047
98 0 7.282640695571899
98 0 7.10388708114624
98 0 7.016489505767822
98 0 7.040615797042847
98 0 7.377565860748291
98 0 7.562563180923462
98 0 6.877126693725586
98 0 7.137608289718628
98 0 7.394652605056763
98 0 7.21662712097168
98 0 8.044385194778442
98 0 7.141692876815796
98 0 7.554702043533325
98 0 7.529733419418335
98 0 7.585363864898682
98 0 6.84054160118103
98 0 7.2306294441223145
98 0 7.011127233505249
98 0 6.973741054534912
98 0 7.091498613357544
98 0 7.142018556594849
