180 0 23.425315141677856
180 0 23.097222566604614
180 0 23.223264694213867
180 0 24.050156593322754
180 0 22.96379828453064
180 0 23.4603054523468
180 0 23.09221076965332
180 0 23.552950143814087
180 0 32.01918077468872
180 0 24.05642056465149
180 0 25.520448684692383
180 0 25.86612057685852
180 0 27.3950936794281
180 0 25.38717484474182
180 0 25.12104368209839
180 0 28.367247343063354
180 0 35.53881907463074
180 0 35.40490961074829
180 0 36.16675114631653
180 0 37.685527324676514
180 0 37.4176926612854
180 0 37.588338136672974
180 0 37.97892999649048
180 0 37.351726770401
180 0 38.20572352409363
180 0 40.70320200920105
180 0 40.775282859802246
180 0 40.86006188392639
180 0 41.11801362037659
180 0 41.3387930393219
180 0 39.1010525226593
180 0 40.411022901535034
180 0 41.33296298980713
180 0 40.2995445728302
172 8 47.681572914123535
180 0 40.71649742126465
172 8 39.725030183792114
174 6 40.55036664009094
180 0 36.89724612236023
180 0 36.730414390563965
180 0 38.03249430656433
180 0 37.57772445678711
180 0 38.70400357246399
180 0 35.1580924987793
180 0 36.10960412025452
180 0 36.03820586204529
180 0 34.762211561203
180 0 35.29293251037598
180 0 34.776681900024414
180 0 36.40423798561096
180 0 37.43362283706665
180 0 36.80685091018677
180 0 35.97563600540161
180 0 35.56037354469299
180 0 35.198906660079956
180 0 36.84908199310303
180 0 37.30810499191284
180 0 39.529025077819824
180 0 39.82142424583435
180 0 37.96202063560486
178 2 38.30172848701477
180 0 38.453064918518066
180 0 38.927894115448
180 0 38.72783637046814
180 0 39.52970480918884
180 0 38.216477394104004
