3 95 11.025377035140991
3 95 10.96713900566101
3 95 11.298402309417725
3 95 11.096153020858765
3 95 10.996490240097046
3 95 10.897978782653809
3 95 12.363786458969116
3 95 11.963466882705688
3 95 11.103428840637207
3 95 10.993170499801636
3 95 11.590584993362427
3 95 11.71857762336731
3 95 13.335942506790161
3 95 11.428576946258545
3 95 11.932545900344849
3 95 11.959924697875977
3 95 12.019583225250244
3 95 11.541373252868652
3 95 11.286701202392578
3 95 11.016947984695435
3 95 18.8107807636261
3 95 19.74309277534485
3 95 19.089008808135986
3 95 19.04718327522278
3 95 11.384212493896484
3 95 11.177090406417847
3 95 11.308077573776245
3 95 11.25797700881958
