2 0 0.0009996891021728516
2 0 0.0009996891021728516
2 0 0.0009996891021728516
2 0 0.0020003318786621094
2 0 0.0009999275207519531
2 0 0.0010006427764892578
2 0 0.0019996166229248047
2 0 0.002000570297241211
2 0 0.0009989738464355469
2 0 0.0020008087158203125
2 0 0.0009999275207519531
2 0 0.0009996891021728516
2 0 0.002001047134399414
2 0 0.002001047134399414
2 0 0.0020008087158203125
2 0 0.0019998550415039062
2 0 0.002000570297241211
2 0 0.0020008087158203125
2 0 0.0020012855529785156
2 0 0.0020003318786621094
2 0 0.0020008087158203125
2 0 0.0020003318786621094
2 0 0.0010001659393310547
2 0 0.0009996891021728516
2 0 0.0020003318786621094
2 0 0.0030007362365722656
2 0 0.0020020008087158203
2 0 0.002000093460083008
2 0 0.0020003318786621094
2 0 0.0020003318786621094
2 0 0.002001047134399414
2 0 0.0010004043579101562
2 0 0.003999948501586914
2 0 0.0040013790130615234
2 0 0.0010004043579101562
2 0 0.002000570297241211
2 0 0.0019996166229248047
2 0 0.002000093460083008
2 0 0.001999378204345703
2 0 0.0019991397857666016
2 0 0.0020012855529785156
2 0 0.001997709274291992
2 0 0.001999378204345703
2 0 0.002000570297241211
2 0 0.0020020008087158203
2 0 0.002000093460083008
2 0 0.004001140594482422
2 0 0.004000186920166016
2 0 0.0029997825622558594
2 0 0.0019996166229248047
2 0 0.0020003318786621094
2 0 0.002000570297241211
2 0 0.002000093460083008
2 0 0.002000093460083008
2 0 0.0020008087158203125
2 0 0.0019979476928710938
2 0 0.0009992122650146484
2 0 0.0020020008087158203
2 0 0.0009996891021728516
2 0 0.0009999275207519531
2 0 0.0020003318786621094
2 0 0.0010001659393310547
2 0 0.002000093460083008
2 0 0.0010001659393310547
2 0 0.0009989738464355469
2 0 0.002000093460083008
2 0 0.0020003318786621094
2 0 0.002999544143676758
2 0 0.002000093460083008
2 0 0.003000974655151367
2 0 0.002000570297241211
2 0 0.001999378204345703
2 0 0.0020034313201904297
2 0 0.0009999275207519531
2 0 0.0019996166229248047
2 0 0.0010001659393310547
2 0 0.0019996166229248047
2 0 0.0010008811950683594
2 0 0.002000570297241211
2 0 0.0010004043579101562
2 0 0.0019998550415039062
2 0 0.0020003318786621094
2 0 0.0019998550415039062
2 0 0.0019996166229248047
2 0 0.012002706527709961
2 0 0.001001119613647461
2 0 0.002002716064453125
2 0 0.0010001659393310547
2 0 0.002000570297241211
2 0 0.002000093460083008
2 0 0.0019996166229248047
2 0 0.001999378204345703
2 0 0.0020003318786621094
2 0 0.002000093460083008
2 0 0.0040013790130615234
2 0 0.0009992122650146484
2 0 0.0009999275207519531
2 0 0.002000093460083008
2 0 0.0009980201721191406
2 0 0.0020008087158203125
