160 0 7.6160852909088135
160 0 7.674561977386475
158 2 7.689201831817627
160 0 7.628834247589111
160 0 7.563711404800415
154 6 10.661410093307495
160 0 8.127838611602783
160 0 7.617973566055298
160 0 11.126845598220825
153 7 13.817302942276001
154 6 11.071495532989502
160 0 10.708422422409058
160 0 9.18003249168396
160 0 10.920548677444458
160 0 9.726213216781616
160 0 10.05021858215332
160 0 10.736797094345093
160 0 10.407517671585083
160 0 10.125057458877563
160 0 9.952917575836182
160 0 10.099793672561646
151 9 18.626164197921753
160 0 11.347896814346313
150 10 17.188286066055298
160 0 12.692757606506348
160 0 12.352942705154419
160 0 13.752458810806274
152 8 16.672203302383423
160 0 13.876183986663818
160 0 13.386338710784912
160 0 13.343512773513794
160 0 13.236226320266724
160 0 12.419291734695435
155 5 15.311546325683594
160 0 13.126957654953003
155 5 14.458258152008057
156 4 14.652020454406738
160 0 13.558967590332031
160 0 12.440803527832031
160 0 12.709092617034912
158 2 11.51059341430664
160 0 11.59325122833252
158 2 11.709493398666382
156 4 13.371516466140747
157 3 13.08978533744812
160 0 12.409228801727295
160 0 10.980094194412231
160 0 12.882839918136597
160 0 11.553364753723145
152 8 14.364713430404663
