2 0 0.0009987354278564453
2 0 0.0009999275207519531
2 0 0.0010004043579101562
2 0 0.0010001659393310547
2 0 0.0
2 0 0.0009999275207519531
2 0 0.0
2 0 0.0009992122650146484
2 0 0.0010004043579101562
2 0 0.0010001659393310547
2 0 0.0
2 0 0.0010004043579101562
2 0 0.0
2 0 0.0010004043579101562
2 0 0.0010004043579101562
2 0 0.0
2 0 0.0009992122650146484
2 0 0.0009989738464355469
2 0 0.0009999275207519531
2 0 0.0010001659393310547
2 0 0.0009999275207519531
2 0 0.0009996891021728516
2 0 0.0009989738464355469
2 0 0.0010001659393310547
2 0 0.0010001659393310547
2 0 0.0009999275207519531
2 0 0.0010001659393310547
2 0 0.00099945068359375
2 0 0.0
2 0 0.0010001659393310547
2 0 0.0009996891021728516
2 0 0.0
2 0 0.0010006427764892578
2 0 0.0009987354278564453
2 0 0.0010006427764892578
2 0 0.0
2 0 0.0009992122650146484
2 0 0.0009996891021728516
2 0 0.0
2 0 0.0009992122650146484
2 0 0.0009999275207519531
2 0 0.0010039806365966797
2 0 0.0010001659393310547
2 0 0.0009999275207519531
2 0 0.0010027885437011719
2 0 0.001001596450805664
2 0 0.0010001659393310547
2 0 0.0019996166229248047
2 0 0.0
2 0 0.0
2 0 0.0010018348693847656
2 0 0.0
2 0 0.002000570297241211
2 0 0.0
2 0 0.0010004043579101562
2 0 0.0010001659393310547
2 0 0.0009982585906982422
2 0 0.0009999275207519531
2 0 0.0010001659393310547
2 0 0.0010006427764892578
2 0 0.0
2 0 0.0009999275207519531
2 0 0.0010001659393310547
2 0 0.0010001659393310547
2 0 0.0009989738464355469
2 0 0.0010001659393310547
2 0 0.0010004043579101562
2 0 0.0010013580322265625
2 0 0.0010001659393310547
2 0 0.0009996891021728516
