245 0 38.77776908874512
245 0 38.854987144470215
245 0 38.49381446838379
245 0 38.71596360206604
245 0 39.046191453933716
245 0 39.102842569351196
245 0 39.0361545085907
245 0 39.11354064941406
245 0 38.55386686325073
245 0 39.02216649055481
245 0 68.48492217063904
245 0 69.02717924118042
245 0 68.29819178581238
245 0 64.5265793800354
245 0 39.446409702301025
245 0 39.455557346343994
245 0 38.54475259780884
245 0 39.16908288002014
245 0 59.39743375778198
245 0 60.77270317077637
245 0 60.15399646759033
245 0 61.314637422561646
245 0 60.594860792160034
240 5 64.95843505859375
245 0 60.68678069114685
245 0 59.665719747543335
245 0 59.50054907798767
245 0 64.14072179794312
245 0 61.41576838493347
245 0 62.32257652282715
245 0 63.296263694763184
243 2 63.25629544258118
240 5 63.367711782455444
245 0 61.71019768714905
245 0 62.28038215637207
245 0 62.736881732940674
245 0 64.34430718421936
245 0 66.81261396408081
245 0 63.88300323486328
245 0 59.22726845741272
245 0 58.84728980064392
245 0 58.0480375289917
245 0 58.26774501800537
245 0 58.435925245285034
245 0 57.994473695755005
245 0 58.670671701431274
245 0 58.42612147331238
245 0 59.99639844894409
245 0 57.356534481048584
245 0 56.96099543571472
245 0 57.601715087890625
245 0 57.42018127441406
245 0 54.196166038513184
245 0 63.22332286834717
243 2 61.9183886051178
245 0 62.419644832611084
245 0 59.937320947647095
245 0 59.659202098846436
245 0 56.80773591995239
245 0 60.008704662323
245 0 59.06590151786804
245 0 59.300764083862305
245 0 58.567394971847534
245 0 59.37621331214905
245 0 59.158644914627075
245 0 58.63953638076782
245 0 59.023622274398804
245 0 59.090816259384155
