98 0 3.1059982776641846
98 0 3.119373321533203
98 0 3.1191208362579346
98 0 3.130617618560791
98 0 3.115654468536377
98 0 3.111546754837036
98 0 3.1300594806671143
98 0 3.113557815551758
98 0 3.1000094413757324
98 0 3.115567922592163
98 0 3.1092238426208496
98 0 3.120616912841797
98 0 3.279738664627075
98 0 3.205380916595459
98 0 3.2142789363861084
98 0 3.1947193145751953
98 0 3.200721502304077
98 0 3.1769726276397705
98 0 3.212723731994629
98 0 3.1876280307769775
98 0 4.493011474609375
98 0 3.975816011428833
98 0 4.867109298706055
98 0 4.883605718612671
98 0 4.577031373977661
98 0 4.918689727783203
98 0 4.782077789306641
98 0 5.260185241699219
98 0 5.002786874771118
98 0 5.1181535720825195
98 0 5.08014440536499
98 0 5.2571845054626465
98 0 5.2401814460754395
98 0 5.235669851303101
98 0 5.391215085983276
98 0 5.970345497131348
98 0 5.570255517959595
98 0 5.168670177459717
98 0 5.239651203155518
98 0 5.480234622955322
98 0 5.390691757202148
98 0 5.529245853424072
98 0 5.6172661781311035
98 0 6.3319337368011475
98 0 5.720289468765259
98 0 6.260916233062744
98 0 5.826817989349365
98 0 5.119153738021851
98 0 4.941116094589233
98 0 4.953116178512573
98 0 5.245687961578369
98 0 4.971120119094849
98 0 4.844117641448975
98 0 4.929777145385742
98 0 4.9449498653411865
98 0 4.983391046524048
98 0 4.955116510391235
98 0 5.055137634277344
98 0 5.038135290145874
98 0 4.850093603134155
98 0 5.018914699554443
98 0 4.825326204299927
98 0 4.896651744842529
98 0 4.449696063995361
98 0 4.50078558921814
98 0 4.719195127487183
98 0 4.966283798217773
98 0 4.789151668548584
98 0 4.637585163116455
98 0 4.905504941940308
98 0 4.624415874481201
98 0 4.775097131729126
98 0 4.538989782333374
98 0 4.810393571853638
98 0 4.412420988082886
98 0 4.71748423576355
98 0 4.566808700561523
98 0 4.599076271057129
98 0 4.83433198928833
98 0 4.757349491119385
98 0 4.688681125640869
98 0 4.767621040344238
98 0 4.473994493484497
98 0 4.321005344390869
98 0 4.437366008758545
