239 11 28.49521541595459
246 4 24.12465262413025
242 8 26.031145572662354
238 12 28.697520971298218
250 0 22.750455856323242
244 6 26.308929920196533
242 8 28.103928804397583
225 25 43.551751375198364
242 8 32.97202444076538
245 5 30.154388427734375
250 0 29.437440633773804
250 0 34.46243500709534
239 11 41.93342065811157
241 9 40.25653839111328
243 7 38.20938968658447
237 13 39.40550875663757
231 19 49.45145082473755
229 21 43.89942955970764
250 0 33.48654580116272
246 4 34.66781306266785
250 0 33.878634214401245
250 0 33.46263909339905
250 0 33.87199282646179
250 0 33.92070960998535
236 14 44.62779140472412
240 10 37.29176330566406
250 0 32.801162242889404
244 6 34.649370431900024
250 0 31.840274572372437
235 15 44.516486406326294
250 0 34.13858771324158
239 11 42.98407220840454
242 8 39.52352166175842
241 9 39.44384980201721
243 7 39.15517592430115
239 11 39.00409555435181
244 6 39.24413061141968
244 6 37.84591293334961
250 0 24.570603370666504
243 7 31.543109893798828
242 8 30.018964290618896
236 14 35.235941648483276
230 20 35.43298530578613
237 13 38.530683755874634
243 7 36.11408591270447
250 0 29.883179664611816
240 10 38.525291204452515
250 0 31.562739372253418
225 25 50.665157318115234
240 10 34.515212059020996
250 0 31.338062047958374
240 10 33.04272961616516
238 12 33.965343952178955
245 5 30.07305932044983
238 12 34.10966205596924
237 13 37.155949115753174
219 31 48.53316593170166
244 6 33.629079818725586
242 8 35.590786933898926
246 4 33.12330937385559
236 14 41.34843587875366
220 30 56.80960392951965
244 6 30.90190315246582
250 0 27.373128175735474
250 0 28.38858127593994
250 0 32.859405755996704
240 10 34.53882145881653
241 9 36.452327728271484
244 6 36.93976163864136
242 8 37.940202713012695
250 0 34.21731185913086
244 6 37.95063614845276
