20 0 0.10602331161499023
20 0 0.1026914119720459
20 0 0.11235475540161133
20 0 0.11108636856079102
20 0 0.12117528915405273
20 0 0.10711002349853516
20 0 0.10413312911987305
20 0 0.11537528038024902
20 0 0.12502789497375488
20 0 0.09703302383422852
20 0 0.13710570335388184
20 0 0.17299199104309082
20 0 0.16807031631469727
20 0 0.15325284004211426
20 0 0.1520848274230957
20 0 0.18181657791137695
20 0 0.17707085609436035
20 0 0.19707536697387695
20 0 0.16428613662719727
20 0 0.14283108711242676
20 0 0.21917366981506348
20 0 0.16297101974487305
20 0 0.15442347526550293
20 0 0.1380312442779541
20 0 0.1656022071838379
20 0 0.1659092903137207
20 0 0.16505980491638184
20 0 0.13496780395507812
20 0 0.17403960227966309
20 0 0.1621389389038086
20 0 0.13002920150756836
20 0 0.13154864311218262
20 0 0.17103838920593262
20 0 0.18404245376586914
20 0 0.1780400276184082
20 0 0.1580355167388916
20 0 0.1670372486114502
20 0 0.22105002403259277
20 0 0.1760396957397461
20 0 0.17103838920593262
20 0 0.17703986167907715
20 0 0.11902666091918945
20 0 0.1560356616973877
20 0 0.15703463554382324
20 0 0.17103815078735352
20 0 0.13604140281677246
20 0 0.1560354232788086
20 0 0.13302946090698242
20 0 0.17103838920593262
20 0 0.21704888343811035
20 0 0.16503620147705078
20 0 0.15003371238708496
20 0 0.17503976821899414
20 0 0.15503382682800293
20 0 0.16203594207763672
20 0 0.1400315761566162
20 0 0.19504380226135254
20 0 0.13003039360046387
20 0 0.1560351848602295
20 0 0.1650383472442627
20 0 0.17003917694091797
20 0 0.1380305290222168
20 0 0.1580355167388916
20 0 0.13103032112121582
20 0 0.2070462703704834
20 0 0.11702609062194824
20 0 0.14603328704833984
20 0 0.14203190803527832
20 0 0.18353033065795898
20 0 0.1380302906036377
20 0 0.13703107833862305
20 0 0.13903093338012695
20 0 0.16503643989562988
20 0 0.1650371551513672
20 0 0.13002872467041016
20 0 0.18804264068603516
20 0 0.1470322608947754
20 0 0.16203808784484863
20 0 0.176039457321167
20 0 0.12202739715576172
20 0 0.14503216743469238
20 0 0.17203807830810547
20 0 0.18404102325439453
20 0 0.16603684425354004
20 0 0.15003275871276855
20 0 0.12802743911743164
20 0 0.14503216743469238
20 0 0.127028226852417
20 0 0.13102936744689941
20 0 0.18804216384887695
20 0 0.18103933334350586
20 0 0.13202857971191406
20 0 0.12302732467651367
20 0 0.1600351333618164
20 0 0.13202953338623047
20 0 0.1980438232421875
20 0 0.1690385341644287
20 0 0.16503691673278809
20 0 0.13002896308898926
20 0 0.17003703117370605
20 0 0.18804192543029785
20 0 0.16303634643554688
