43 2 2.2430975437164307
43 2 2.8585872650146484
43 2 2.2806782722473145
45 0 1.9158449172973633
39 6 3.272847890853882
45 0 2.412631034851074
41 4 4.207351922988892
43 2 3.9703829288482666
45 0 2.423325300216675
40 5 2.9892852306365967
43 2 2.804428815841675
43 2 3.067805290222168
45 0 2.375000238418579
38 7 5.4582672119140625
38 7 2.9328739643096924
43 2 1.8363442420959473
42 3 2.9721627235412598
41 4 2.660600423812866
40 5 3.4302730560302734
45 0 2.8903000354766846
43 2 2.2499454021453857
43 2 2.033524513244629
43 2 1.894641399383545
40 5 3.773578405380249
42 3 3.382843255996704
41 4 2.388833522796631
43 2 3.2248129844665527
39 6 2.6397552490234375
38 7 3.24874210357666
35 10 4.090768098831177
38 7 3.2845184803009033
43 2 2.63100528717041
41 4 2.6822917461395264
42 3 3.98823881149292
41 4 4.288600444793701
43 2 2.6115574836730957
43 2 3.6387298107147217
40 5 3.227832317352295
43 2 1.8857855796813965
45 0 2.09419584274292
41 4 3.153573751449585
41 4 3.9457449913024902
43 2 2.592029094696045
45 0 2.649916172027588
45 0 3.499337673187256
43 2 2.469980239868164
41 4 3.901291608810425
41 4 3.2791998386383057
40 5 2.861168622970581
40 5 3.0799400806427
45 0 2.7110073566436768
41 4 2.756075620651245
43 2 2.890258312225342
41 4 2.5075786113739014
43 2 3.1663875579833984
43 2 2.0246338844299316
43 2 2.1500344276428223
43 2 2.6682991981506348
43 2 2.7450168132781982
45 0 3.017472982406616
43 2 2.7145581245422363
43 2 3.98384690284729
45 0 3.219059705734253
42 3 3.184231996536255
43 2 2.9373700618743896
43 2 1.9337403774261475
43 2 2.7720947265625
43 2 2.16103196144104
43 2 2.4702348709106445
43 2 2.00075626373291
