10 0 0.12802839279174805
10 0 0.10005402565002441
10 0 0.09504580497741699
10 0 0.09804797172546387
10 0 0.13205504417419434
10 0 0.17408061027526855
10 0 0.14907169342041016
10 0 0.0810401439666748
10 0 0.10427975654602051
10 0 0.12904953956604004
10 0 0.08402872085571289
10 0 0.1090240478515625
10 0 0.10202240943908691
10 0 0.11102581024169922
10 0 0.17704033851623535
10 0 0.13949203491210938
10 0 0.136030912399292
10 0 0.12602925300598145
10 0 0.15774893760681152
10 0 0.10402226448059082
10 0 0.15405654907226562
10 0 0.16910123825073242
10 0 0.08601975440979004
10 0 0.11102509498596191
10 0 0.0800166130065918
10 0 0.12202739715576172
10 0 0.0910196304321289
10 0 0.1960434913635254
10 0 0.229050874710083
10 0 0.1340315341949463
10 0 0.1760411262512207
10 0 0.14203190803527832
10 0 0.13002848625183105
10 0 0.21104764938354492
10 0 0.17504048347473145
10 0 0.14803338050842285
10 0 0.1290290355682373
10 0 0.18911957740783691
10 0 0.20608925819396973
10 0 0.12802839279174805
10 0 0.1960456371307373
10 0 0.16203665733337402
10 0 0.13903021812438965
10 0 0.2090470790863037
10 0 0.11702632904052734
10 0 0.14403200149536133
10 0 0.14403271675109863
10 0 0.1290290355682373
10 0 0.11602592468261719
10 0 0.15703582763671875
10 0 0.11802554130554199
10 0 0.18304085731506348
10 0 0.1360318660736084
10 0 0.09202098846435547
10 0 0.25705766677856445
10 0 0.18804216384887695
10 0 0.18554973602294922
10 0 0.11602568626403809
10 0 0.13302969932556152
10 0 0.19835376739501953
10 0 0.1400313377380371
10 0 0.10302329063415527
10 0 0.14503240585327148
10 0 0.13703036308288574
10 0 0.10302853584289551
10 0 0.17203855514526367
10 0 0.10994958877563477
10 0 0.18449831008911133
10 0 0.07501769065856934
10 0 0.13102936744689941
10 0 0.17903995513916016
