332 28 72.55700540542603
360 0 75.30698561668396
344 16 74.89314723014832
340 20 93.72312211990356
343 17 85.33222675323486
336 24 204.55140852928162
342 18 103.93306159973145
323 37 140.52414798736572
345 15 101.2709686756134
353 7 106.90658235549927
349 11 78.30363440513611
331 29 112.57198643684387
340 20 70.42631006240845
351 9 70.94422650337219
330 30 83.16788911819458
320 40 122.94986343383789
338 22 107.00742149353027
342 18 101.30262351036072
327 33 121.04384994506836
346 14 80.1121153831482
352 8 80.72361922264099
342 18 92.06768369674683
346 14 85.82391023635864
333 27 100.767019033432
337 23 100.13761854171753
341 19 101.09515738487244
348 12 86.79162192344666
337 23 127.68063068389893
334 26 127.54149317741394
351 9 101.05909395217896
354 6 104.33383631706238
344 16 113.5110764503479
346 14 99.25547122955322
339 21 102.54921555519104
327 33 121.702552318573
349 11 82.78674077987671
336 24 106.32406949996948
353 7 77.41052556037903
349 11 82.74173283576965
321 39 130.27249264717102
335 25 106.47110438346863
357 3 77.09245324134827
327 33 123.19772386550903
346 14 96.44518780708313
338 22 92.12220907211304
348 12 106.14119243621826
345 15 109.8048484325409
324 36 150.4569399356842
331 29 126.88502383232117
343 17 101.65401291847229
347 13 100.71170711517334
349 11 102.3556456565857
355 5 95.18250751495361
351 9 100.21259570121765
351 9 98.56051445007324
351 9 101.69252896308899
352 8 103.30497074127197
349 11 105.1091856956482
351 9 100.10070967674255
344 16 98.47917056083679
360 0 91.21237635612488
325 35 122.81853866577148
334 26 99.5271565914154
335 25 96.59289979934692
347 13 78.45013093948364
333 27 100.88384532928467
349 11 99.38931035995483
343 17 101.60692763328552
