10 0 0.03707623481750488
10 0 0.03600931167602539
10 0 0.036008358001708984
10 0 0.03501152992248535
10 0 0.03801226615905762
10 0 0.0411527156829834
10 0 0.0380094051361084
10 0 0.04288458824157715
10 0 0.04300999641418457
10 0 0.04100942611694336
10 0 0.05901312828063965
10 0 0.048011064529418945
10 0 0.05201077461242676
10 0 0.06301426887512207
10 0 0.05101466178894043
10 0 0.056011199951171875
10 0 0.06201314926147461
10 0 0.04501080513000488
10 0 0.04400968551635742
10 0 0.05602216720581055
10 0 0.05501294136047363
10 0 0.06301450729370117
10 0 0.042009830474853516
10 0 0.041008710861206055
10 0 0.04801177978515625
10 0 0.0690164566040039
10 0 0.06201481819152832
10 0 0.048011064529418945
10 0 0.0600128173828125
10 0 0.05801272392272949
10 0 0.052011966705322266
10 0 0.04801201820373535
10 0 0.05401110649108887
10 0 0.045009613037109375
10 0 0.04801177978515625
10 0 0.04202413558959961
10 0 0.05401921272277832
10 0 0.04400944709777832
10 0 0.062015533447265625
10 0 0.05701255798339844
10 0 0.05001068115234375
10 0 0.05901384353637695
10 0 0.07101607322692871
10 0 0.05501127243041992
10 0 0.0690155029296875
10 0 0.06201601028442383
10 0 0.050011634826660156
10 0 0.05401301383972168
10 0 0.046010494232177734
10 0 0.07201600074768066
10 0 0.05301308631896973
10 0 0.049010276794433594
10 0 0.057012319564819336
10 0 0.04601001739501953
10 0 0.04201054573059082
10 0 0.055011749267578125
10 0 0.05001068115234375
10 0 0.05801272392272949
10 0 0.046010494232177734
10 0 0.05501270294189453
10 0 0.0400090217590332
10 0 0.06601500511169434
10 0 0.05755186080932617
10 0 0.04897952079772949
10 0 0.054012298583984375
10 0 0.0490117073059082
10 0 0.05201101303100586
10 0 0.04901123046875
10 0 0.06401467323303223
10 0 0.04601025581359863
