50 0 0.8811972141265869
50 0 0.856191873550415
50 0 0.8459985256195068
50 0 0.8801987171173096
50 0 0.9052047729492188
50 0 0.8552041053771973
50 0 0.871185302734375
50 0 0.8671953678131104
50 0 0.8958971500396729
50 0 0.8604497909545898
50 0 1.3162970542907715
50 0 1.3305861949920654
50 0 1.3853120803833008
50 0 1.4333226680755615
50 0 1.3293001651763916
50 0 1.468329906463623
50 0 1.4348289966583252
50 0 1.4013159275054932
50 0 1.401315450668335
50 0 1.3983147144317627
50 0 1.4763329029083252
50 0 1.4693315029144287
50 0 1.7253875732421875
50 0 1.5993597507476807
50 0 1.4673304557800293
50 0 1.417823314666748
50 0 1.439324140548706
50 0 1.440324068069458
46 4 3.201733112335205
50 0 1.4293220043182373
50 0 1.3913133144378662
50 0 1.4144618511199951
50 0 1.4313230514526367
50 0 1.451326847076416
50 0 1.3967626094818115
50 0 1.388312816619873
50 0 1.3833117485046387
50 0 1.3828175067901611
50 0 1.4413249492645264
50 0 1.4253208637237549
50 0 1.4483270645141602
50 0 1.889897108078003
50 0 1.463329792022705
50 0 1.6063618659973145
50 0 1.5393469333648682
50 0 1.6343684196472168
50 0 1.991952896118164
50 0 1.576355218887329
50 0 1.4983365535736084
50 0 1.475332498550415
50 0 1.4998431205749512
50 0 1.4453258514404297
50 0 1.4743695259094238
50 0 1.411318302154541
50 0 1.451326847076416
50 0 1.494335651397705
50 0 1.6585803031921387
50 0 2.164486885070801
50 0 1.578355312347412
50 0 2.0024514198303223
50 0 2.2565085887908936
50 0 1.740391731262207
50 0 2.102473735809326
50 0 1.688380241394043
50 0 1.4973366260528564
50 0 1.5213427543640137
50 0 1.6953818798065186
50 0 1.4988443851470947
46 4 2.3815364837646484
50 0 1.7593955993652344
