20 0 0.1111137866973877
20 0 0.11805152893066406
20 0 0.11607527732849121
20 0 0.12406539916992188
20 0 0.11899328231811523
20 0 0.12208032608032227
20 0 0.11323976516723633
20 0 0.11605358123779297
20 0 0.11353492736816406
20 0 0.11522912979125977
20 0 0.1260390281677246
20 0 0.11898589134216309
20 0 0.13175034523010254
20 0 0.14403247833251953
20 0 0.11516523361206055
20 0 0.11501860618591309
20 0 0.12402749061584473
20 0 0.16203522682189941
20 0 0.11701822280883789
20 0 0.12470722198486328
20 0 0.1270279884338379
20 0 0.12302708625793457
20 0 0.12124085426330566
20 0 0.1205146312713623
20 0 0.13138318061828613
20 0 0.12602925300598145
20 0 0.12529587745666504
20 0 0.13820123672485352
20 0 0.12202715873718262
20 0 0.12799811363220215
20 0 0.13940906524658203
20 0 0.1250169277191162
20 0 0.15604496002197266
20 0 0.12890625
20 0 0.11790347099304199
20 0 0.1183621883392334
20 0 0.13231205940246582
20 0 0.16863560676574707
20 0 0.1420307159423828
20 0 0.19304347038269043
20 0 0.22104978561401367
20 0 0.1472935676574707
20 0 0.1346116065979004
20 0 0.17615985870361328
20 0 0.17885208129882812
20 0 0.15482831001281738
20 0 0.19800281524658203
20 0 0.17380905151367188
20 0 0.1835622787475586
20 0 0.18065738677978516
20 0 0.14753389358520508
20 0 0.185621976852417
20 0 0.19153141975402832
20 0 0.18053936958312988
20 0 0.18892645835876465
20 0 0.1789233684539795
20 0 0.2061610221862793
20 0 0.1670370101928711
20 0 0.18316984176635742
20 0 0.19204020500183105
