25 3 0.2600588798522949
25 3 0.3850843906402588
28 0 0.19904398918151855
25 3 0.21904730796813965
28 0 0.21904921531677246
26 2 0.20304536819458008
23 5 0.3430771827697754
22 6 0.38408589363098145
26 2 0.3690826892852783
28 0 0.1400308609008789
25 3 0.29308652877807617
25 3 0.327089786529541
25 3 0.3089442253112793
25 3 0.33906126022338867
25 3 0.33307981491088867
28 0 0.2370316982269287
25 3 0.42913222312927246
22 6 0.7991583347320557
22 6 0.7191281318664551
25 3 0.2609899044036865
22 6 0.6852226257324219
28 0 0.3182661533355713
25 3 0.8122768402099609
22 6 0.482694149017334
25 3 0.6476280689239502
25 3 0.30606889724731445
25 3 0.297271728515625
22 6 0.6403882503509521
25 3 0.3171091079711914
25 3 0.3234260082244873
28 0 0.34607815742492676
25 3 0.34607791900634766
21 7 0.7731742858886719
25 3 0.4581034183502197
25 3 0.3580813407897949
25 3 0.5151157379150391
28 0 0.31027793884277344
22 6 0.5901331901550293
25 3 0.3520791530609131
22 6 0.61313796043396
22 6 0.6111376285552979
28 0 0.26405930519104004
26 2 0.415513277053833
24 4 0.4090423583984375
25 3 0.3400764465332031
24 4 0.6281764507293701
25 3 0.42809581756591797
25 3 0.31707096099853516
28 0 0.287750244140625
25 3 0.3450775146484375
24 4 0.6045494079589844
22 6 0.5161640644073486
28 0 0.2174091339111328
25 3 0.37331175804138184
25 3 0.3668944835662842
25 3 0.33583521842956543
25 3 0.7223098278045654
23 5 0.5687668323516846
25 3 0.27901792526245117
26 2 0.4584388732910156
25 3 0.32378649711608887
26 2 0.2867257595062256
28 0 0.312946081161499
20 8 0.8538894653320312
26 2 0.5048887729644775
25 3 0.5433580875396729
25 3 0.32898426055908203
28 0 0.3831825256347656
22 6 0.5971860885620117
26 2 0.34893321990966797
