2 0 0.002000093460083008
2 0 0.0010004043579101562
2 0 0.0020003318786621094
2 0 0.001001596450805664
2 0 0.0019996166229248047
2 0 0.0010001659393310547
2 0 0.0010001659393310547
2 0 0.0010001659393310547
2 0 0.0020003318786621094
2 0 0.0020008087158203125
2 0 0.0009992122650146484
2 0 0.0030012130737304688
2 0 0.0010001659393310547
2 0 0.003001689910888672
2 0 0.0019998550415039062
2 0 0.0020003318786621094
2 0 0.002000570297241211
2 0 0.001999378204345703
2 0 0.0019998550415039062
2 0 0.0020008087158203125
2 0 0.0009999275207519531
2 0 0.002001523971557617
2 0 0.0020008087158203125
2 0 0.0020003318786621094
2 0 0.0010001659393310547
2 0 0.0020008087158203125
2 0 0.002001047134399414
2 0 0.002000570297241211
2 0 0.0020012855529785156
2 0 0.00099945068359375
2 0 0.0020003318786621094
2 0 0.002000570297241211
2 0 0.002000570297241211
2 0 0.0010001659393310547
2 0 0.002000570297241211
2 0 0.0020003318786621094
2 0 0.002000570297241211
2 0 0.0020008087158203125
2 0 0.0020003318786621094
2 0 0.0009999275207519531
2 0 0.002000093460083008
2 0 0.002001047134399414
2 0 0.0020003318786621094
2 0 0.0020008087158203125
2 0 0.002001047134399414
2 0 0.002000570297241211
2 0 0.002000570297241211
2 0 0.0010001659393310547
2 0 0.002000570297241211
2 0 0.002000093460083008
2 0 0.002000570297241211
2 0 0.0030012130737304688
2 0 0.0020012855529785156
2 0 0.002000570297241211
2 0 0.0010001659393310547
2 0 0.0010004043579101562
2 0 0.002000093460083008
2 0 0.0020003318786621094
2 0 0.0010001659393310547
2 0 0.0019998550415039062
2 0 0.0019996166229248047
2 0 0.0020003318786621094
2 0 0.0020008087158203125
2 0 0.002000570297241211
2 0 0.0010001659393310547
2 0 0.0010001659393310547
2 0 0.0020008087158203125
2 0 0.0020008087158203125
2 0 0.0020003318786621094
2 0 0.002000570297241211
