2 26 0.11902761459350586
2 26 0.13402915000915527
2 26 0.11502647399902344
2 26 0.11702609062194824
2 26 0.11502504348754883
2 26 0.11602544784545898
2 26 0.11902642250061035
2 26 0.11702561378479004
2 26 0.11602592468261719
2 26 0.11704850196838379
2 26 0.17116022109985352
2 26 0.16899847984313965
2 26 0.148956298828125
2 26 0.18294692039489746
2 26 0.17686176300048828
2 26 0.17894649505615234
2 26 0.13489079475402832
2 26 0.14900970458984375
2 26 0.19708657264709473
2 26 0.1310262680053711
2 26 0.17903995513916016
2 26 0.19225144386291504
2 26 0.18352031707763672
2 26 0.1909961700439453
2 26 0.15341687202453613
2 26 0.17410016059875488
2 26 0.15803790092468262
2 26 0.1600351333618164
2 26 0.18934369087219238
2 26 0.15706372261047363
2 26 0.17103815078735352
2 26 0.19033384323120117
2 26 0.17403936386108398
2 26 0.17104005813598633
2 26 0.1760389804840088
2 26 0.19004416465759277
2 26 0.17703819274902344
2 26 0.17203927040100098
2 26 0.17003893852233887
2 26 0.19504427909851074
2 26 0.18604063987731934
2 26 0.17403912544250488
2 26 0.19312500953674316
2 26 0.17804408073425293
2 26 0.15703582763671875
2 26 0.18304824829101562
2 26 0.19004273414611816
2 26 0.17803955078125
2 26 0.176039457321167
2 26 0.1650376319885254
2 26 0.18709659576416016
2 26 0.1869521141052246
2 26 0.25469207763671875
2 26 0.18299579620361328
2 26 0.17560172080993652
2 26 0.14698362350463867
2 26 0.16685986518859863
2 26 0.19333314895629883
2 26 0.19632935523986816
2 26 0.1427445411682129
2 26 0.18019533157348633
2 26 0.20166277885437012
2 26 0.17892718315124512
2 26 0.187042236328125
2 26 0.182877779006958
2 26 0.18695545196533203
2 26 0.1932363510131836
2 26 0.16492152214050293
2 26 0.18703961372375488
2 26 0.19369268417358398
