31 9 2.0204555988311768
31 9 1.3072943687438965
34 6 0.6841537952423096
37 3 0.8001806735992432
30 10 1.5294456481933594
33 7 1.1682629585266113
28 12 1.7713987827301025
30 10 1.6233656406402588
30 10 1.0212295055389404
32 8 1.3853130340576172
31 9 1.4796717166900635
29 11 2.128556728363037
33 7 2.0074832439422607
38 2 1.1087212562561035
32 8 1.8736424446105957
30 10 2.050307512283325
34 6 1.261672019958496
30 10 1.704315185546875
29 11 1.6268398761749268
29 11 1.6456079483032227
38 2 1.0117130279541016
26 14 2.4955625534057617
38 2 0.7920291423797607
30 10 2.1868410110473633
31 9 1.5817184448242188
34 6 1.1045801639556885
32 8 1.5383849143981934
27 13 3.121732234954834
34 6 1.2293226718902588
33 7 0.9932167530059814
38 2 0.7946686744689941
32 8 1.5197782516479492
33 7 1.249218463897705
36 4 1.2282776832580566
29 11 2.2310094833374023
29 11 2.2625105381011963
31 9 1.440324306488037
33 7 1.7453932762145996
33 7 1.3132960796356201
35 5 1.6423699855804443
34 6 1.5381042957305908
31 9 2.198495864868164
36 4 1.1347839832305908
37 3 1.0182292461395264
34 6 1.1383411884307861
31 9 1.7934041023254395
37 3 1.2432804107666016
30 10 1.7043836116790771
27 13 2.378239870071411
31 9 2.2465062141418457
33 7 1.3837614059448242
36 4 1.3943138122558594
32 8 2.2576000690460205
31 9 1.756659746170044
30 10 1.7063922882080078
34 6 1.7914035320281982
36 4 1.1495251655578613
30 10 1.5573506355285645
33 7 1.5070343017578125
32 8 2.258591651916504
31 9 1.4603285789489746
32 8 1.402315616607666
31 9 2.091794013977051
36 4 0.9422225952148438
37 3 1.1672632694244385
27 13 3.1317055225372314
33 7 1.278022050857544
30 10 1.9818971157073975
35 5 1.1056509017944336
36 4 1.9426801204681396
