73 25 8.763239860534668
74 24 11.7113938331604
73 25 8.629169225692749
72 26 12.355301856994629
80 18 11.253092288970947
84 14 9.823108911514282
78 20 9.05374026298523
76 22 10.818549871444702
76 22 11.345231294631958
65 33 8.660021543502808
74 24 9.022033452987671
75 23 10.562331676483154
76 22 10.737915754318237
74 24 12.469496011734009
82 16 9.788467645645142
75 23 9.360109090805054
77 21 14.554714679718018
77 21 9.480218410491943
80 18 9.422167778015137
80 18 8.38867974281311
74 24 15.748647451400757
72 26 14.814386367797852
77 21 11.909990310668945
77 21 15.174444913864136
