45 0 0.6937716007232666
45 0 0.662743330001831
45 0 0.6871592998504639
45 0 0.6719205379486084
45 0 0.6719305515289307
45 0 0.660987138748169
45 0 0.7030088901519775
45 0 0.6875438690185547
45 0 0.6904211044311523
45 0 0.6921894550323486
45 0 0.8163959980010986
45 0 1.0282580852508545
45 0 0.7296326160430908
45 0 0.7456245422363281
45 0 0.8318538665771484
45 0 0.8290174007415771
45 0 0.7570042610168457
45 0 0.8974008560180664
45 0 0.8997786045074463
45 0 0.9816031455993652
45 0 1.031912088394165
45 0 1.0008835792541504
45 0 0.996849536895752
45 0 1.031381368637085
45 0 0.9454696178436279
45 0 0.9695241451263428
45 0 1.0516984462738037
45 0 1.057236671447754
45 0 1.0352330207824707
45 0 1.0136995315551758
45 0 1.0154130458831787
45 0 1.0304174423217773
45 0 1.0702598094940186
45 0 0.8453009128570557
45 0 0.9634678363800049
45 0 0.9486253261566162
45 0 1.001924991607666
45 0 1.0781753063201904
45 0 1.0802528858184814
45 0 0.9996232986450195
45 0 1.05544114112854
45 0 1.0732598304748535
45 0 0.9023962020874023
45 0 0.9539239406585693
45 0 0.990645170211792
45 0 1.0593011379241943
45 0 1.0698516368865967
45 0 1.0372333526611328
45 0 1.0152277946472168
45 0 1.0297865867614746
45 0 1.0025591850280762
45 0 1.019148349761963
45 0 1.0483384132385254
45 0 0.9531052112579346
45 0 1.046562910079956
45 0 0.9662647247314453
45 0 1.0763325691223145
45 0 1.034991979598999
45 0 0.9512200355529785
45 0 1.0171105861663818
45 0 1.0662391185760498
45 0 1.0199534893035889
