18 0 0.08101820945739746
18 0 0.08501815795898438
18 0 0.08401918411254883
18 0 0.07901906967163086
18 0 0.08102941513061523
18 0 0.08101797103881836
18 0 0.08601951599121094
18 0 0.0800168514251709
18 0 0.08002948760986328
18 0 0.07901763916015625
18 0 0.09902286529541016
18 0 0.1290287971496582
18 0 0.11302542686462402
18 0 0.12602829933166504
18 0 0.11502599716186523
18 0 0.11502480506896973
18 0 0.10802435874938965
18 0 0.1070241928100586
18 0 0.09102010726928711
18 0 0.12402820587158203
18 0 0.11102414131164551
18 0 0.11001467704772949
18 0 0.1163187026977539
18 0 0.10202240943908691
18 0 0.11202454566955566
18 0 0.13302946090698242
18 0 0.11902642250061035
18 0 0.12102627754211426
18 0 0.11602401733398438
18 0 0.12502717971801758
18 0 0.11902642250061035
18 0 0.12402606010437012
18 0 0.11902689933776855
18 0 0.10602450370788574
18 0 0.10502338409423828
18 0 0.12402796745300293
18 0 0.11102414131164551
18 0 0.09702205657958984
18 0 0.0890202522277832
18 0 0.10302209854125977
18 0 0.12499761581420898
18 0 0.1112213134765625
18 0 0.11702609062194824
18 0 0.12102746963500977
18 0 0.11202478408813477
18 0 0.10802507400512695
18 0 0.11502623558044434
18 0 0.09101986885070801
18 0 0.0960242748260498
18 0 0.10402250289916992
18 0 0.13002920150756836
18 0 0.10302305221557617
18 0 0.10802388191223145
18 0 0.0896306037902832
18 0 0.0910184383392334
18 0 0.10402441024780273
18 0 0.09902238845825195
18 0 0.08501911163330078
18 0 0.08701944351196289
18 0 0.1290290355682373
18 0 0.08801865577697754
18 0 0.10402274131774902
18 0 0.0890190601348877
18 0 0.10202264785766602
18 0 0.10002255439758301
18 0 0.11602592468261719
18 0 0.0870199203491211
18 0 0.10802483558654785
18 0 0.11602616310119629
18 0 0.09402084350585938
