7 0 0.023004770278930664
7 0 0.02697920799255371
7 0 0.024997472763061523
7 0 0.023997783660888672
7 0 0.026005029678344727
7 0 0.024005413055419922
7 0 0.027004718780517578
7 0 0.02800607681274414
7 0 0.023005008697509766
7 0 0.027006149291992188
7 0 0.031006813049316406
7 0 0.038008928298950195
7 0 0.04200911521911621
7 0 0.04100918769836426
7 0 0.03500819206237793
7 0 0.04400944709777832
7 0 0.03900885581970215
7 0 0.04101133346557617
4 3 0.4501016139984131
7 0 0.03600788116455078
7 0 0.03400731086730957
7 0 0.03700876235961914
7 0 0.031006813049316406
7 0 0.04000711441040039
7 0 0.041008949279785156
7 0 0.037008047103881836
7 0 0.03000664710998535
7 0 0.039008378982543945
7 0 0.0400090217590332
7 0 0.033007144927978516
7 0 0.050009727478027344
7 0 0.04201054573059082
7 0 0.04000973701477051
7 0 0.03000664710998535
7 0 0.039009809494018555
7 0 0.031006813049316406
7 0 0.03000617027282715
7 0 0.031007051467895508
7 0 0.0400080680847168
7 0 0.033007144927978516
7 0 0.03900909423828125
7 0 0.034006595611572266
7 0 0.03600811958312988
7 0 0.05701112747192383
7 0 0.029006242752075195
7 0 0.02800607681274414
7 0 0.038008928298950195
7 0 0.03500795364379883
7 0 0.028005599975585938
7 0 0.03400778770446777
7 0 0.029006481170654297
7 0 0.025005102157592773
7 0 0.036008596420288086
7 0 0.03700852394104004
7 0 0.041008949279785156
7 0 0.03000664710998535
7 0 0.04301023483276367
7 0 0.03400826454162598
7 0 0.029006242752075195
7 0 0.030007123947143555
7 0 0.03500771522521973
7 0 0.03800845146179199
7 0 0.031006336212158203
7 0 0.03800821304321289
7 0 0.040514230728149414
7 0 0.03201031684875488
7 0 0.04400992393493652
7 0 0.031007051467895508
7 0 0.032007455825805664
7 0 0.02700495719909668
