90 0 1.4461884498596191
90 0 1.4120800495147705
90 0 1.4203214645385742
90 0 1.331300973892212
90 0 1.3623075485229492
90 0 1.3133010864257812
90 0 1.3503050804138184
90 0 1.3968818187713623
90 0 1.419320821762085
90 0 1.398303747177124
90 0 2.1704890727996826
90 0 2.1734907627105713
90 0 1.925433874130249
90 0 1.6403696537017822
90 0 1.7009456157684326
90 0 2.0584638118743896
90 0 2.073467254638672
90 0 1.524343490600586
90 0 1.801405906677246
90 0 2.0814692974090576
90 0 2.7240819931030273
90 0 2.6575987339019775
90 0 2.596090078353882
90 0 2.191497802734375
90 0 2.001451015472412
90 0 2.1104793548583984
90 0 2.0734670162200928
90 0 2.39675235748291
90 0 2.1174776554107666
90 0 2.1084752082824707
90 0 2.076824188232422
90 0 2.074398994445801
90 0 2.0736217498779297
90 0 2.2177867889404297
90 0 2.1342926025390625
90 0 2.136481523513794
90 0 2.386537790298462
90 0 2.1664879322052
90 0 2.171457052230835
90 0 2.0674662590026855
90 0 2.1854987144470215
90 0 2.0431697368621826
90 0 2.073359489440918
90 0 2.1386725902557373
90 0 2.227494955062866
90 0 2.1382927894592285
90 0 2.060136556625366
90 0 1.9384958744049072
90 0 1.8756864070892334
90 0 2.2111074924468994
90 0 1.7345097064971924
90 0 2.087414026260376
90 0 2.3008923530578613
90 0 2.0565788745880127
90 0 1.959256649017334
90 0 1.9159116744995117
90 0 1.9840130805969238
90 0 1.8182616233825684
90 0 1.911910057067871
90 0 1.998877763748169
90 0 2.0617401599884033
90 0 1.9086582660675049
90 0 2.0197744369506836
90 0 2.1840014457702637
90 0 1.8896687030792236
90 0 1.8812623023986816
90 0 2.0048768520355225
90 0 1.9228458404541016
90 0 2.185795545578003
90 0 2.0230400562286377
