0 98 4.688879728317261
0 98 4.6810622215271
0 98 4.627896785736084
0 98 4.770933628082275
0 98 4.654219150543213
0 98 4.636118412017822
0 98 4.65742301940918
0 98 4.9331114292144775
0 98 5.065140962600708
0 98 4.64932656288147
0 98 4.78591251373291
0 98 4.828088045120239
0 98 4.945113897323608
0 98 5.434845685958862
0 98 4.992124795913696
0 98 5.128154993057251
0 98 5.11515212059021
0 98 5.137157917022705
0 98 5.029561996459961
0 98 4.835089683532715
0 98 7.004224538803101
0 98 7.146866798400879
0 98 7.9187846183776855
0 98 8.48541784286499
0 98 4.777990341186523
0 98 4.789949893951416
0 98 4.8285017013549805
0 98 4.8385233879089355
