18 0 0.07901835441589355
18 0 0.07701706886291504
18 0 0.07701802253723145
18 0 0.07501840591430664
18 0 0.07527279853820801
18 0 0.07627034187316895
18 0 0.07501626014709473
18 0 0.0730142593383789
18 0 0.07401752471923828
18 0 0.07701730728149414
18 0 0.08601975440979004
18 0 0.09102082252502441
18 0 0.09002089500427246
18 0 0.10602402687072754
18 0 0.10102272033691406
18 0 0.09002065658569336
18 0 0.08101820945739746
18 0 0.0800180435180664
18 0 0.08501958847045898
18 0 0.0800180435180664
18 0 0.12302827835083008
18 0 0.12410402297973633
18 0 0.10294890403747559
18 0 0.13202929496765137
18 0 0.08801865577697754
18 0 0.10802292823791504
18 0 0.09702181816101074
18 0 0.11902642250061035
18 0 0.11302518844604492
18 0 0.1180272102355957
18 0 0.09302043914794922
18 0 0.13702964782714844
18 0 0.10802412033081055
18 0 0.12302803993225098
18 0 0.10702347755432129
18 0 0.11302590370178223
18 0 0.08501958847045898
18 0 0.10402417182922363
18 0 0.1090242862701416
18 0 0.08602023124694824
18 0 0.09702110290527344
18 0 0.11918163299560547
18 0 0.11902761459350586
18 0 0.11002516746520996
18 0 0.09602165222167969
18 0 0.09102010726928711
18 0 0.1270279884338379
18 0 0.09101986885070801
18 0 0.08401894569396973
18 0 0.09402036666870117
18 0 0.12502765655517578
18 0 0.09502124786376953
18 0 0.12102699279785156
18 0 0.07904410362243652
18 0 0.08281826972961426
18 0 0.09902286529541016
18 0 0.0980219841003418
18 0 0.08331894874572754
18 0 0.07701683044433594
18 0 0.08301854133605957
18 0 0.09502196311950684
18 0 0.10902261734008789
18 0 0.11902713775634766
18 0 0.1290285587310791
18 0 0.09002017974853516
18 0 0.08801889419555664
18 0 0.09502148628234863
18 0 0.09302115440368652
18 0 0.1000206470489502
18 0 0.07701635360717773
