98 0 8.029347896575928
98 0 7.908344984054565
98 0 8.346563339233398
98 0 8.230855226516724
98 0 7.852250814437866
98 0 7.999673128128052
98 0 7.925232648849487
98 0 8.458453178405762
98 0 8.66657543182373
98 0 7.969012260437012
98 0 8.248859882354736
98 0 8.361883640289307
98 0 8.551927089691162
98 0 8.672702550888062
98 0 8.878000259399414
98 0 8.66375207901001
98 0 8.76497507095337
98 0 8.538857460021973
98 0 8.249204397201538
98 0 8.092833280563354
98 0 8.083233118057251
98 0 8.203168630599976
98 0 8.30175232887268
98 0 8.171143531799316
