10 0 0.01600360870361328
10 0 0.013002872467041016
10 0 0.016003131866455078
10 0 0.01900458335876465
10 0 0.019003629684448242
10 0 0.01400303840637207
10 0 0.022004127502441406
10 0 0.015003442764282227
10 0 0.019003868103027344
10 0 0.016002655029296875
10 0 0.024005651473999023
10 0 0.03000664710998535
10 0 0.02300548553466797
10 0 0.02200460433959961
10 0 0.022978782653808594
10 0 0.02700495719909668
10 0 0.02400660514831543
10 0 0.039008140563964844
10 0 0.028005599975585938
10 0 0.02900838851928711
10 0 0.02600574493408203
10 0 0.03000664710998535
10 0 0.020005464553833008
10 0 0.027005910873413086
10 0 0.02300429344177246
10 0 0.026005983352661133
10 0 0.023006200790405273
10 0 0.025005102157592773
10 0 0.025995969772338867
10 0 0.021954774856567383
10 0 0.02500605583190918
10 0 0.024005889892578125
10 0 0.020003557205200195
10 0 0.01900458335876465
10 0 0.03000640869140625
10 0 0.02400517463684082
10 0 0.023005247116088867
10 0 0.026004552841186523
10 0 0.023004770278930664
10 0 0.02200460433959961
10 0 0.019004106521606445
10 0 0.023003339767456055
10 0 0.025005102157592773
10 0 0.023005008697509766
10 0 0.03400778770446777
10 0 0.026005268096923828
10 0 0.019004106521606445
10 0 0.02800607681274414
10 0 0.023005008697509766
10 0 0.02200484275817871
10 0 0.021004438400268555
10 0 0.02500629425048828
10 0 0.024005413055419922
10 0 0.029005765914916992
10 0 0.02100348472595215
10 0 0.028006553649902344
10 0 0.021004915237426758
10 0 0.029006004333496094
10 0 0.018004417419433594
10 0 0.023004770278930664
10 0 0.03200674057006836
10 0 0.023004770278930664
10 0 0.031006813049316406
10 0 0.02600550651550293
10 0 0.03000664710998535
10 0 0.027006864547729492
10 0 0.03800821304321289
10 0 0.03200840950012207
10 0 0.024005889892578125
10 0 0.01900458335876465
