18 2 0.3100700378417969
20 0 0.2580583095550537
18 2 0.20804738998413086
18 2 0.35758423805236816
20 0 0.20713353157043457
20 0 0.33907651901245117
20 0 0.25005674362182617
20 0 0.2490558624267578
20 0 0.28606534004211426
18 2 0.2850632667541504
16 4 0.3868880271911621
20 0 0.2732875347137451
20 0 0.2820932865142822
20 0 0.4083573818206787
20 0 0.30812692642211914
20 0 0.24709010124206543
20 0 0.24108457565307617
20 0 0.40271449089050293
20 0 0.3464035987854004
20 0 0.22908997535705566
18 2 0.3357994556427002
20 0 0.32729315757751465
18 2 0.343059778213501
18 2 0.46564459800720215
20 0 0.360215425491333
20 0 0.362637996673584
20 0 0.26297473907470703
20 0 0.3905448913574219
20 0 0.1947462558746338
20 0 0.27930307388305664
20 0 0.34407711029052734
20 0 0.34607768058776855
20 0 0.2920646667480469
20 0 0.31907200813293457
20 0 0.34787678718566895
20 0 0.3250730037689209
20 0 0.5921316146850586
16 4 0.4561026096343994
20 0 0.3090696334838867
18 2 0.38185596466064453
18 2 0.5371205806732178
20 0 0.20204615592956543
20 0 0.3070695400238037
20 0 0.501112699508667
20 0 0.2690606117248535
20 0 0.6361441612243652
20 0 0.25005602836608887
20 0 0.4812178611755371
20 0 0.3534379005432129
20 0 0.36408209800720215
20 0 0.31107020378112793
18 2 0.3990902900695801
20 0 0.2590599060058594
20 0 0.43709850311279297
20 0 0.37308287620544434
20 0 0.3030681610107422
20 0 0.25305700302124023
20 0 0.3290746212005615
20 0 0.2830629348754883
20 0 0.36808252334594727
20 0 0.2810628414154053
18 2 0.44910144805908203
20 0 0.2657816410064697
20 0 0.2889580726623535
18 2 0.2890660762786865
18 2 0.31507086753845215
18 2 0.34407782554626465
18 2 0.3810863494873047
20 0 0.21004724502563477
20 0 0.37108421325683594
20 0 0.20204567909240723
