180 0 23.53126311302185
180 0 23.111225605010986
180 0 23.034223556518555
170 10 27.672288417816162
180 0 24.20647358894348
180 0 22.985185384750366
180 0 24.105209589004517
180 0 23.4256808757782
180 0 29.63368558883667
180 0 24.598782062530518
180 0 23.655760288238525
180 0 24.246464252471924
180 0 23.419678688049316
180 0 28.689022541046143
180 0 28.156479835510254
180 0 25.751803874969482
180 0 34.86379361152649
180 0 36.60655474662781
180 0 35.5861120223999
180 0 36.75808143615723
180 0 36.327444076538086
174 6 40.485257148742676
180 0 36.45302391052246
180 0 36.999871492385864
178 2 37.718661069869995
180 0 36.34291481971741
180 0 35.787261962890625
180 0 35.71028470993042
180 0 34.828364610672
180 0 35.64295029640198
180 0 36.823572874069214
180 0 36.210137128829956
180 0 36.19194436073303
180 0 35.61483883857727
174 6 38.80858588218689
180 0 35.793429136276245
180 0 34.57232904434204
180 0 34.35855150222778
180 0 34.657143354415894
180 0 33.331581354141235
180 0 33.703776121139526
178 2 35.900784969329834
180 0 34.767531871795654
178 2 35.43064785003662
180 0 34.46180319786072
180 0 35.30603814125061
180 0 34.66232776641846
180 0 34.968599796295166
180 0 34.37331485748291
180 0 35.245067834854126
180 0 36.279863595962524
180 0 33.87715482711792
180 0 33.26362228393555
180 0 33.98415398597717
180 0 35.00904893875122
174 6 38.80718970298767
180 0 37.02700090408325
180 0 35.48484992980957
180 0 34.749165773391724
180 0 36.26159477233887
180 0 36.219449043273926
180 0 36.73880624771118
180 0 36.28160810470581
180 0 35.51463031768799
180 0 35.932666301727295
180 0 37.81099247932434
