3 37 0.7569246292114258
3 37 0.7543487548828125
3 37 0.7640368938446045
3 37 0.7641727924346924
3 37 0.7559454441070557
3 37 0.7518789768218994
3 37 0.7528276443481445
3 37 0.7615337371826172
3 37 0.7682170867919922
3 37 0.7572364807128906
3 37 1.1401431560516357
3 37 1.226318359375
3 37 1.147714614868164
3 37 1.1893424987792969
3 37 1.2114381790161133
3 37 1.1300299167633057
3 37 1.104893684387207
3 37 1.188530683517456
3 37 1.161397933959961
3 37 1.125319242477417
3 37 1.0149321556091309
3 37 1.1843726634979248
3 37 1.1914143562316895
3 37 1.218313217163086
3 37 1.1199860572814941
3 37 1.1902978420257568
3 37 1.0004589557647705
3 37 1.1772880554199219
3 37 0.9811272621154785
3 37 0.9669897556304932
3 37 1.1629602909088135
3 37 1.1143507957458496
3 37 1.1542601585388184
3 37 1.1622614860534668
3 37 1.1586570739746094
3 37 1.1412572860717773
3 37 1.137040138244629
3 37 1.1752643585205078
3 37 1.2024126052856445
3 37 1.1921308040618896
3 37 1.157261848449707
3 37 1.1172521114349365
3 37 1.1652626991271973
3 37 1.1682624816894531
3 37 1.1582603454589844
3 37 1.1432578563690186
3 37 1.130272626876831
3 37 1.1602613925933838
3 37 1.1587486267089844
3 37 1.176264762878418
3 37 0.8948841094970703
3 37 1.0372333526611328
3 37 1.2212746143341064
3 37 1.2842893600463867
3 37 1.1522600650787354
3 37 1.2262763977050781
3 37 1.2102725505828857
3 37 1.2432801723480225
3 37 1.2440931797027588
3 37 1.1392571926116943
3 37 1.1522600650787354
3 37 1.173264503479004
3 37 1.2102723121643066
3 37 1.1972734928131104
3 37 1.27628755569458
3 37 1.2342784404754639
3 37 1.0602400302886963
3 37 1.126695156097412
3 37 1.1586635112762451
3 37 1.2082562446594238
