98 0 4.270844221115112
98 0 4.111675977706909
98 0 4.1990861892700195
98 0 4.144714117050171
98 0 4.176821708679199
98 0 4.202882289886475
98 0 4.210891485214233
98 0 4.104919672012329
98 0 4.084242582321167
98 0 4.10819673538208
98 0 4.230962753295898
98 0 4.3615617752075195
98 0 4.34798002243042
98 0 4.315589189529419
98 0 4.143924236297607
98 0 4.499013900756836
98 0 4.201463937759399
98 0 4.166491746902466
98 0 4.2429563999176025
98 0 4.189944267272949
98 0 5.688612699508667
98 0 5.165164470672607
98 0 6.189509630203247
98 0 6.625523090362549
98 0 5.705345153808594
98 0 6.943565368652344
98 0 6.993036270141602
98 0 6.769029855728149
98 0 6.771526098251343
98 0 6.807985305786133
98 0 6.708511829376221
98 0 6.929019451141357
98 0 7.176617383956909
98 0 7.238669157028198
98 0 7.437183141708374
98 0 7.320650100708008
98 0 7.957245349884033
98 0 7.218624114990234
98 0 7.047402858734131
98 0 7.431180477142334
98 0 7.420672178268433
98 0 7.440136671066284
98 0 7.689732789993286
98 0 7.289366006851196
98 0 7.768255949020386
98 0 7.322650671005249
98 0 7.10410737991333
98 0 6.796040296554565
98 0 6.589900732040405
98 0 6.7315168380737305
98 0 7.088597774505615
98 0 6.475934028625488
98 0 6.5790393352508545
98 0 6.59615683555603
98 0 6.487363338470459
98 0 6.712512254714966
98 0 7.0987794399261475
98 0 6.858581781387329
98 0 6.85744047164917
98 0 6.48946213722229
98 0 6.633159160614014
98 0 6.658003091812134
98 0 6.788513660430908
98 0 6.083924055099487
98 0 5.734381675720215
98 0 6.438711166381836
98 0 6.629467010498047
98 0 5.991588115692139
98 0 5.69106912612915
98 0 6.314959764480591
98 0 6.153467655181885
98 0 6.361221790313721
98 0 6.361864805221558
98 0 6.379549741744995
98 0 6.2168896198272705
98 0 6.346278429031372
98 0 6.485469579696655
98 0 6.1133646965026855
98 0 6.372744560241699
98 0 6.2990195751190186
98 0 6.557220935821533
98 0 6.257546901702881
98 0 5.806108236312866
98 0 6.06712007522583
98 0 5.551844596862793
98 0 4.281119108200073
98 0 4.232581615447998
98 0 4.195777654647827
98 0 4.205306053161621
