10 0 0.023016929626464844
10 0 0.028007030487060547
10 0 0.026006460189819336
10 0 0.024005889892578125
10 0 0.024005889892578125
10 0 0.026006460189819336
10 0 0.030007362365722656
10 0 0.028006315231323242
10 0 0.028007030487060547
10 0 0.03600740432739258
10 0 0.027005910873413086
10 0 0.04100847244262695
10 0 0.03800821304321289
10 0 0.03400707244873047
10 0 0.04398941993713379
10 0 0.040008544921875
10 0 0.04200887680053711
10 0 0.03500699996948242
10 0 0.03600788116455078
10 0 0.0455169677734375
10 0 0.030007123947143555
10 0 0.024006128311157227
10 0 0.02800607681274414
10 0 0.029006481170654297
10 0 0.034008026123046875
10 0 0.023005247116088867
10 0 0.03500771522521973
10 0 0.04100918769836426
10 0 0.03300666809082031
10 0 0.029006481170654297
10 0 0.03200721740722656
10 0 0.0400087833404541
10 0 0.03500723838806152
10 0 0.031008243560791016
10 0 0.033008575439453125
10 0 0.038012027740478516
10 0 0.02706146240234375
10 0 0.03600811958312988
10 0 0.02800607681274414
10 0 0.03000664710998535
10 0 0.03400778770446777
10 0 0.03000664710998535
10 0 0.02600717544555664
10 0 0.0290069580078125
10 0 0.0310060977935791
10 0 0.03300786018371582
10 0 0.036008596420288086
10 0 0.030005931854248047
10 0 0.03200721740722656
10 0 0.03800797462463379
10 0 0.04700970649719238
10 0 0.035007476806640625
10 0 0.02900552749633789
10 0 0.03300881385803223
10 0 0.03300762176513672
10 0 0.03900861740112305
10 0 0.029006481170654297
10 0 0.025005578994750977
10 0 0.030009031295776367
10 0 0.057012319564819336
10 0 0.03700757026672363
10 0 0.036008596420288086
10 0 0.04300951957702637
10 0 0.04300975799560547
10 0 0.026004552841186523
10 0 0.05884861946105957
10 0 0.03200697898864746
10 0 0.03200721740722656
10 0 0.040009260177612305
10 0 0.03500795364379883
