8 0 0.04200935363769531
8 0 0.03600788116455078
8 0 0.03700733184814453
8 0 0.03500795364379883
8 0 0.03600764274597168
8 0 0.037008047103881836
8 0 0.031006574630737305
8 0 0.03800797462463379
8 0 0.03000640869140625
8 0 0.03200650215148926
8 0 0.04490542411804199
8 0 0.034008026123046875
8 0 0.06485438346862793
8 0 0.06897997856140137
8 0 0.042009830474853516
8 0 0.052960872650146484
8 0 0.04701495170593262
8 0 0.056939125061035156
8 0 0.0409998893737793
8 0 0.046010494232177734
8 0 0.03200721740722656
8 0 0.05401301383972168
8 0 0.05296897888183594
8 0 0.04200625419616699
8 0 0.07521176338195801
5 3 0.4051523208618164
8 0 0.062013864517211914
8 0 0.04801058769226074
8 0 0.04896092414855957
8 0 0.04801201820373535
8 0 0.05201148986816406
8 0 0.05201077461242676
8 0 0.06801652908325195
8 0 0.04300951957702637
8 0 0.05901288986206055
8 0 0.11102437973022461
8 0 0.04801011085510254
8 0 0.05701255798339844
8 0 0.04301023483276367
8 0 0.04700779914855957
8 0 0.05001115798950195
8 0 0.043009281158447266
8 0 0.05158185958862305
8 0 0.03907203674316406
8 0 0.053011178970336914
8 0 0.05001091957092285
8 0 0.05901336669921875
8 0 0.05501246452331543
8 0 0.04800987243652344
8 0 0.06401443481445312
8 0 0.05501198768615723
8 0 0.06729817390441895
8 0 0.05071449279785156
8 0 0.05209469795227051
8 0 0.06636381149291992
8 0 0.04726600646972656
8 0 0.03943967819213867
8 0 0.06265521049499512
8 0 0.039923906326293945
8 0 0.060976505279541016
8 0 0.06361746788024902
8 0 0.056520938873291016
8 0 0.05401206016540527
8 0 0.04227757453918457
8 0 0.05416274070739746
8 0 0.047620534896850586
8 0 0.04166293144226074
8 0 0.05401325225830078
8 0 0.051011085510253906
8 0 0.04801034927368164
