343 0 202.81528091430664
298 45 210.1316318511963
343 0 188.0505449771881
343 0 129.98410272598267
343 0 121.21315693855286
269 74 357.06168389320374
343 0 255.282968044281
314 29 402.252902507782
343 0 445.65975165367126
343 0 552.7040057182312
281 62 619.2931427955627
343 0 231.29570937156677
314 29 310.17342019081116
307 36 256.96478939056396
317 26 179.9865598678589
343 0 161.3294243812561
343 0 182.58090567588806
343 0 174.58434534072876
343 0 175.08545899391174
343 0 163.0271508693695
324 19 337.6863760948181
304 39 217.50244069099426
343 0 221.68995475769043
343 0 173.31411147117615
343 0 214.3863468170166
343 0 225.76771879196167
305 38 257.24270701408386
258 85 360.9634521007538
343 0 141.37240743637085
343 0 156.46117568016052
343 0 196.97121953964233
343 0 204.8191056251526
331 12 176.5549874305725
343 0 187.7958002090454
343 0 189.39193844795227
343 0 168.16546869277954
343 0 150.8055121898651
322 21 201.0627043247223
343 0 134.72172331809998
318 25 150.04980516433716
321 22 153.1475841999054
343 0 191.07433152198792
343 0 242.83116698265076
343 0 218.36257982254028
343 0 176.53813695907593
313 30 297.694283246994
343 0 213.1968297958374
318 25 237.47433829307556
254 89 556.440744638443
343 0 235.51285433769226
334 9 296.263808965683
343 0 191.6982021331787
301 42 210.5397686958313
343 0 164.63353824615479
312 31 226.44103288650513
343 0 239.83085370063782
326 17 207.2514410018921
339 4 132.70190572738647
280 63 323.18286514282227
343 0 200.25470542907715
281 62 431.0899438858032
280 63 498.4382436275482
343 0 328.51881647109985
343 0 236.02278470993042
320 23 305.9483697414398
333 10 195.20920133590698
339 4 357.2386085987091
320 23 263.9037444591522
343 0 219.24563312530518
343 0 275.12892627716064
