45 0 0.46654343605041504
45 0 0.47157812118530273
45 0 0.4898409843444824
45 0 0.45659446716308594
45 0 0.47521305084228516
45 0 0.4686167240142822
45 0 0.49094510078430176
45 0 0.44805264472961426
45 0 0.4882631301879883
45 0 0.4529531002044678
45 0 0.6802635192871094
45 0 0.5607161521911621
45 0 0.564141035079956
45 0 0.5861454010009766
45 0 0.5921332836151123
45 0 0.6471459865570068
45 0 0.625140905380249
45 0 0.630141019821167
45 0 0.605135440826416
45 0 0.6021358966827393
45 0 0.6021363735198975
45 0 0.6451449394226074
45 0 0.6781520843505859
45 0 0.6971578598022461
45 0 0.690563440322876
45 0 0.6411440372467041
45 0 0.600135326385498
45 0 0.5591256618499756
45 0 0.5721282958984375
45 0 0.550123929977417
45 0 0.5351202487945557
45 0 0.6441442966461182
45 0 0.6471452713012695
45 0 0.6290707588195801
45 0 0.6861538887023926
45 0 0.536121129989624
45 0 0.5961344242095947
45 0 0.727163553237915
45 0 0.7001583576202393
45 0 0.7501695156097412
45 0 0.7691736221313477
45 0 0.7251622676849365
45 0 0.7061591148376465
45 0 0.7771751880645752
45 0 0.712742805480957
45 0 0.7881777286529541
45 0 0.7871770858764648
45 0 0.9222075939178467
45 0 0.778174638748169
45 0 0.7381665706634521
45 0 0.8141851425170898
45 0 0.7721738815307617
45 0 0.7749934196472168
45 0 0.7871780395507812
45 0 0.7431671619415283
45 0 1.3242981433868408
45 0 0.8671948909759521
45 0 0.7751743793487549
45 0 0.8601934909820557
45 0 0.8411893844604492
45 0 0.7991795539855957
45 0 0.7561695575714111
45 0 0.6771526336669922
45 0 0.7591714859008789
45 0 0.7481675148010254
45 0 0.7641720771789551
45 0 0.6961562633514404
45 0 0.7561705112457275
45 0 0.7521696090698242
45 0 0.7061588764190674
45 0 0.7541704177856445
45 0 0.7201626300811768
45 0 0.7061591148376465
45 0 0.7111601829528809
