2 0 0.0030012130737304688
2 0 0.00400090217590332
2 0 0.00400090217590332
2 0 0.006001710891723633
2 0 0.00400090217590332
2 0 0.00400090217590332
2 0 0.004000663757324219
2 0 0.004000186920166016
2 0 0.004000425338745117
2 0 0.00400090217590332
2 0 0.00600123405456543
2 0 0.005000591278076172
2 0 0.008002042770385742
2 0 0.007001399993896484
2 0 0.007001399993896484
2 0 0.007002353668212891
2 0 0.00600123405456543
2 0 0.007001399993896484
2 0 0.007001161575317383
2 0 0.009001731872558594
2 0 0.008002519607543945
2 0 0.006000518798828125
2 0 0.0060007572174072266
2 0 0.005001068115234375
2 0 0.00400090217590332
2 0 0.0050013065338134766
2 0 0.006001472473144531
2 0 0.00599980354309082
2 0 0.00500035285949707
2 0 0.006000995635986328
2 0 0.00600123405456543
2 0 0.006001710891723633
2 0 0.003999471664428711
2 0 0.004001140594482422
2 0 0.006001472473144531
2 0 0.0070018768310546875
2 0 0.006001472473144531
2 0 0.0050013065338134766
2 0 0.004000663757324219
2 0 0.006002664566040039
2 0 0.004000663757324219
2 0 0.006001472473144531
2 0 0.0050013065338134766
2 0 0.006000995635986328
2 0 0.004000663757324219
2 0 0.008002042770385742
2 0 0.008001565933227539
2 0 0.0060007572174072266
2 0 0.004000425338745117
2 0 0.007001161575317383
2 0 0.00600123405456543
2 0 0.006001472473144531
2 0 0.006001949310302734
2 0 0.00700068473815918
2 0 0.006001710891723633
2 0 0.008001089096069336
2 0 0.00600123405456543
2 0 0.006001949310302734
2 0 0.006001710891723633
2 0 0.006001472473144531
2 0 0.0050013065338134766
2 0 0.00500035285949707
2 0 0.005001068115234375
2 0 0.00600123405456543
2 0 0.00600123405456543
2 0 0.0050008296966552734
2 0 0.00600123405456543
2 0 0.006001472473144531
2 0 0.00600123405456543
2 0 0.0060002803802490234
