98 0 6.6466965675354
98 0 6.674860715866089
98 0 6.967416048049927
98 0 6.821536302566528
98 0 6.7436487674713135
98 0 6.686259031295776
98 0 6.641641855239868
98 0 6.951566457748413
98 0 7.2365639209747314
98 0 6.757232666015625
98 0 7.320434093475342
98 0 7.199483156204224
98 0 7.069593667984009
98 0 7.498184680938721
98 0 6.866838216781616
98 0 7.756747722625732
98 0 7.286563396453857
98 0 7.367328405380249
98 0 6.971568584442139
98 0 6.90239405632019
98 0 6.974671125411987
98 0 6.898716688156128
98 0 6.94745659828186
98 0 6.908345699310303
