95 3 22.565725803375244
96 2 18.852616786956787
91 7 22.48175597190857
94 4 22.622873544692993
96 2 17.99354839324951
93 5 22.50551414489746
87 11 22.560624599456787
89 9 22.561084270477295
96 2 21.71460270881653
92 6 24.64903211593628
88 10 20.284125566482544
94 4 26.342764139175415
85 13 23.518999099731445
91 7 23.000563859939575
96 2 24.687159061431885
93 5 23.46080708503723
94 4 20.044880151748657
98 0 23.964299201965332
95 3 23.18219232559204
92 6 20.482496976852417
90 8 32.27467584609985
87 11 28.523648977279663
96 2 32.95292282104492
87 11 34.94076418876648
