40 0 0.910660982131958
40 0 0.7981822490692139
40 0 1.054412603378296
40 0 0.8454198837280273
40 0 1.0823068618774414
40 0 1.0945403575897217
40 0 1.167487621307373
40 0 0.9462761878967285
40 0 1.0477986335754395
40 0 0.9335079193115234
40 0 1.3921098709106445
40 0 1.3892936706542969
40 0 1.6020512580871582
40 0 1.2034943103790283
40 0 1.7622685432434082
40 0 1.1976723670959473
40 0 1.5387837886810303
40 0 1.774637222290039
40 0 1.2362751960754395
40 0 1.2519454956054688
40 0 1.4282820224761963
40 0 1.4351789951324463
40 0 1.3915081024169922
40 0 1.1559667587280273
40 0 1.3517258167266846
40 0 1.453827142715454
40 0 1.6804192066192627
40 0 1.2783210277557373
40 0 1.6435134410858154
40 0 1.1472012996673584
40 0 1.4793331623077393
40 0 1.3893122673034668
40 0 1.366309404373169
40 0 1.5163414478302002
40 0 1.5983598232269287
40 0 1.316295862197876
40 0 1.6493721008300781
40 0 1.7383909225463867
40 0 1.286329746246338
40 0 1.3202970027923584
40 0 1.4048495292663574
40 0 1.4503257274627686
40 0 1.4833340644836426
40 0 1.4073169231414795
40 0 1.475332498550415
40 0 1.4543278217315674
40 0 1.549349069595337
40 0 1.5023384094238281
40 0 1.388312578201294
40 0 1.2552826404571533
40 0 1.2922899723052979
40 0 1.0522372722625732
40 0 1.1575431823730469
40 0 1.4663310050964355
40 0 1.4503264427185059
40 0 1.5243432521820068
40 0 1.2246503829956055
40 0 1.8064074516296387
40 0 1.3493037223815918
40 0 1.27528715133667
40 0 1.3813111782073975
40 0 1.2272768020629883
40 0 1.387312650680542
40 0 1.5533478260040283
40 0 1.3963146209716797
40 0 1.5153415203094482
40 0 1.4310848712921143
40 0 1.6027679443359375
40 0 1.1738431453704834
40 0 1.4233348369598389
