63 0 0.8882114887237549
63 0 0.9006879329681396
63 0 0.8759284019470215
63 0 0.912449836730957
63 0 0.9092035293579102
63 0 0.9473452568054199
63 0 0.9262089729309082
63 0 0.9192075729370117
63 0 0.9192070960998535
63 0 0.9052164554595947
63 0 1.1162796020507812
63 0 1.4203886985778809
63 0 1.0822443962097168
63 0 1.1172511577606201
63 0 1.1822657585144043
63 0 1.1562612056732178
63 0 1.3873114585876465
63 0 1.441403865814209
63 0 1.5813558101654053
63 0 1.3908274173736572
63 0 1.464329719543457
63 0 1.4342174530029297
63 0 1.5253431797027588
63 0 1.3783104419708252
63 0 1.4853341579437256
63 0 1.6493721008300781
63 0 1.5513496398925781
63 0 1.6323676109313965
63 0 1.6143639087677002
63 0 1.4197678565979004
63 0 1.7183868885040283
63 0 1.9564404487609863
63 0 1.4833340644836426
63 0 1.7313899993896484
63 0 1.5153415203094482
63 0 1.6033613681793213
63 0 1.7413923740386963
63 0 1.774399995803833
63 0 1.872422218322754
63 0 1.988447666168213
63 0 1.9644427299499512
63 0 1.8444151878356934
63 0 1.760850191116333
63 0 1.5823557376861572
63 0 1.5743670463562012
63 0 1.5573513507843018
63 0 1.6863806247711182
63 0 1.6213657855987549
63 0 1.776399850845337
63 0 2.1444828510284424
63 0 1.5833566188812256
63 0 1.4323265552520752
63 0 1.6643750667572021
63 0 2.0974843502044678
63 0 1.9954497814178467
63 0 2.0834693908691406
63 0 2.0224556922912598
63 0 1.636368989944458
63 0 1.588357925415039
63 0 1.8994271755218506
63 0 1.856419324874878
63 0 1.8564181327819824
63 0 2.2235004901885986
63 0 2.000717878341675
63 0 1.803406000137329
63 0 1.592864990234375
63 0 2.25850772857666
63 0 1.6233656406402588
63 0 1.7049956321716309
63 0 1.575354814529419
63 0 1.7639026641845703
63 0 2.1684887409210205
63 0 1.3373007774353027
63 0 1.3883130550384521
63 0 1.3913116455078125
63 0 1.318296194076538
63 0 1.3312997817993164
63 0 1.3543059825897217
63 0 1.3082945346832275
63 0 1.289290189743042
63 0 1.1922688484191895
63 0 1.2832889556884766
63 0 1.3643076419830322
63 0 1.1242520809173584
63 0 1.4673306941986084
63 0 1.3353009223937988
63 0 1.1992709636688232
63 0 1.2402794361114502
63 0 1.2332773208618164
63 0 1.4423246383666992
63 0 1.376309871673584
63 0 1.4913361072540283
63 0 1.4553282260894775
63 0 1.2982921600341797
63 0 1.4703314304351807
63 0 1.3503046035766602
63 0 1.2532830238342285
63 0 1.397315263748169
63 0 1.3302998542785645
63 0 1.3132960796356201
63 0 1.4903361797332764
63 0 1.4233207702636719
