125 0 4.336970329284668
125 0 4.322678565979004
125 0 4.0842835903167725
125 0 4.170355558395386
125 0 4.111449718475342
125 0 4.268966197967529
125 0 4.133944988250732
125 0 4.142406702041626
125 0 4.122931480407715
125 0 4.062466144561768
125 0 7.1071083545684814
125 0 7.5351574420928955
125 0 7.62871789932251
125 0 8.899004697799683
125 0 8.414360523223877
125 0 7.77675199508667
125 0 6.263415575027466
125 0 6.532884120941162
125 0 7.230629205703735
125 0 6.281415224075317
125 0 6.426732301712036
125 0 6.0940165519714355
125 0 6.134382963180542
125 0 6.86551570892334
125 0 6.651498794555664
125 0 6.580611944198608
125 0 6.311509609222412
125 0 6.500579118728638
125 0 5.782310485839844
125 0 5.92939305305481
125 0 5.928811550140381
125 0 6.486917972564697
125 0 5.862103223800659
125 0 5.897093772888184
125 0 6.18498158454895
125 0 6.012737274169922
125 0 5.8165576457977295
125 0 5.515429973602295
125 0 6.358318567276001
122 3 6.711587190628052
125 0 5.866732835769653
125 0 5.996721029281616
125 0 6.466980695724487
125 0 5.3125221729278564
125 0 5.076592445373535
125 0 5.0310280323028564
125 0 5.225712299346924
125 0 5.47795033454895
125 0 5.290599346160889
125 0 5.233412981033325
125 0 5.080170631408691
125 0 5.0490336418151855
125 0 5.35834527015686
125 0 5.533671617507935
125 0 5.034026622772217
125 0 5.407246112823486
125 0 5.093417406082153
125 0 5.2312493324279785
125 0 5.120663166046143
125 0 5.458349704742432
125 0 4.794905185699463
125 0 5.089646577835083
125 0 5.150176048278809
125 0 5.091770648956299
125 0 4.7570481300354
125 0 5.158445119857788
125 0 4.698013067245483
125 0 5.171621799468994
125 0 5.271942377090454
125 0 4.9261980056762695
