50 0 0.812183141708374
50 0 0.8442013263702393
50 0 0.8241860866546631
50 0 0.8011813163757324
50 0 0.8001806735992432
50 0 0.8271865844726562
50 0 0.8671953678131104
50 0 0.851179838180542
50 0 0.8681967258453369
50 0 0.8567509651184082
50 0 1.2582833766937256
50 0 1.3312997817993164
50 0 1.3102545738220215
50 0 1.2082722187042236
50 0 1.381819486618042
50 0 1.325880527496338
50 0 1.462329626083374
50 0 1.4033174514770508
50 0 1.416318416595459
50 0 1.3973143100738525
50 0 1.4563302993774414
50 0 1.4033162593841553
50 0 1.7263877391815186
50 0 1.533346176147461
50 0 1.3633065223693848
50 0 1.3272995948791504
50 0 1.6343677043914795
50 0 1.3608121871948242
50 0 1.3693082332611084
50 0 1.3132963180541992
50 0 1.3302998542785645
50 0 1.339301586151123
50 0 1.2955267429351807
50 0 1.2912912368774414
50 0 1.268284797668457
50 0 1.260284423828125
50 0 1.289290189743042
50 0 1.2812891006469727
50 0 1.2922909259796143
50 0 1.3152961730957031
50 0 1.338301658630371
50 0 1.4303224086761475
50 0 1.3443031311035156
50 0 1.289290428161621
50 0 1.4073171615600586
50 0 1.5103411674499512
50 0 1.4893357753753662
50 0 1.6713767051696777
50 0 1.5923593044281006
50 0 1.4983372688293457
50 0 1.6383695602416992
50 0 1.3262991905212402
50 0 1.6933810710906982
50 0 1.4713315963745117
50 0 1.3663077354431152
50 0 1.301293134689331
50 0 1.3403534889221191
50 0 1.397315502166748
50 0 1.475332260131836
50 0 1.4177582263946533
50 0 1.5273442268371582
50 0 1.917431116104126
50 0 1.8454158306121826
50 0 1.8484158515930176
50 0 1.7858555316925049
50 0 1.412318468093872
50 0 1.4493257999420166
50 0 1.3763117790222168
50 0 1.462329626083374
50 0 1.4053165912628174
