32 0 0.18304014205932617
32 0 0.1890425682067871
32 0 0.19104337692260742
32 0 0.19004154205322266
32 0 0.18404030799865723
32 0 0.19050192832946777
32 0 0.1890428066253662
32 0 0.18604183197021484
32 0 0.187042236328125
32 0 0.1910419464111328
32 0 0.2910652160644531
32 0 0.26206016540527344
32 0 0.28806447982788086
32 0 0.2780623435974121
32 0 0.21204757690429688
32 0 0.2740614414215088
32 0 0.22005057334899902
32 0 0.2760627269744873
32 0 0.2740616798400879
32 0 0.2940659523010254
32 0 0.25705742835998535
32 0 0.3290750980377197
32 0 0.2870645523071289
32 0 0.28594326972961426
32 0 0.2910654544830322
32 0 0.2713160514831543
32 0 0.27006077766418457
32 0 0.2900655269622803
32 0 0.2800631523132324
32 0 0.31707191467285156
32 0 0.31707119941711426
32 0 0.28206419944763184
32 0 0.312070369720459
32 0 0.31306982040405273
32 0 0.32607364654541016
32 0 0.30206775665283203
32 0 0.3050682544708252
32 0 0.26205897331237793
32 0 0.3400764465332031
32 0 0.3050727844238281
32 0 0.33507561683654785
32 0 0.3120698928833008
32 0 0.3480796813964844
32 0 0.4230959415435791
32 0 0.3070690631866455
32 0 0.3050687313079834
32 0 0.32407307624816895
32 0 0.3030686378479004
32 0 0.3100697994232178
32 0 0.27706336975097656
32 0 0.3210725784301758
32 0 0.33507561683654785
32 0 0.3010678291320801
32 0 0.3490784168243408
32 0 0.32607340812683105
32 0 0.35107922554016113
32 0 0.3500790596008301
32 0 0.3290739059448242
32 0 0.31106996536254883
32 0 0.3140716552734375
32 0 0.3180720806121826
32 0 0.2960667610168457
32 0 0.3360755443572998
32 0 0.2920658588409424
32 0 0.27706193923950195
32 0 0.3010680675506592
32 0 0.33507585525512695
32 0 0.28806543350219727
32 0 0.30206799507141113
32 0 0.29506635665893555
