245 0 54.267569065093994
245 0 53.259239196777344
245 0 52.59309792518616
245 0 55.84583401679993
245 0 53.52509427070618
245 0 52.85729265213013
245 0 52.481810092926025
245 0 53.11909604072571
245 0 53.547751903533936
245 0 53.69811987876892
245 0 81.64937448501587
245 0 85.3648726940155
245 0 89.49171185493469
245 0 89.12393832206726
245 0 54.10702848434448
245 0 56.25615358352661
245 0 55.70410513877869
245 0 54.43302249908447
245 0 83.45006346702576
245 0 84.99837446212769
245 0 92.46612215042114
245 0 83.2374107837677
245 0 83.1460120677948
229 16 101.43182134628296
245 0 87.7245090007782
245 0 86.1541006565094
245 0 87.35759568214417
245 0 87.67150044441223
245 0 92.85862827301025
245 0 93.84223461151123
245 0 88.66046166419983
245 0 85.04495143890381
245 0 86.78396487236023
245 0 87.19950342178345
245 0 89.98128533363342
245 0 89.05958318710327
245 0 88.59885573387146
245 0 91.09904098510742
245 0 89.0469880104065
245 0 77.8543074131012
245 0 79.03887677192688
245 0 76.88883090019226
245 0 78.68444108963013
245 0 79.50481629371643
245 0 84.11477279663086
245 0 81.52766275405884
245 0 79.34441566467285
245 0 79.52905344963074
245 0 83.20860934257507
245 0 87.38175630569458
245 0 87.22593092918396
245 0 85.5807375907898
245 0 82.92357611656189
245 0 77.97848153114319
245 0 79.86190342903137
245 0 79.50126338005066
245 0 84.92292261123657
245 0 84.69175362586975
245 0 81.64503884315491
245 0 82.41470909118652
245 0 81.35820698738098
245 0 81.04342460632324
245 0 80.46386241912842
241 4 85.23034501075745
245 0 83.43494272232056
245 0 82.42483735084534
245 0 67.2553219795227
212 33 95.44087314605713
