112 0 5.298194646835327
112 0 4.771074533462524
112 0 4.264601707458496
112 0 5.222642183303833
112 0 4.836089611053467
112 0 4.4683098793029785
112 0 4.920403003692627
112 0 4.684304475784302
112 0 4.444684267044067
112 0 5.078903675079346
112 0 9.530605554580688
112 0 8.571444749832153
112 0 8.266004800796509
112 0 7.413670778274536
112 0 8.662677526473999
112 0 8.326383352279663
112 0 7.231455087661743
112 0 7.738458633422852
112 0 7.197384357452393
112 0 8.184104442596436
112 0 7.560002565383911
112 0 8.708962678909302
112 0 8.131832361221313
112 0 7.191079139709473
112 0 7.872729063034058
112 0 7.395822525024414
112 0 7.479560613632202
112 0 8.048492908477783
112 0 6.302042722702026
112 0 7.532908916473389
112 0 6.3204755783081055
112 0 7.874859809875488
112 0 7.554956436157227
112 0 6.885146617889404
112 0 7.1996941566467285
112 0 6.849013090133667
112 0 6.915220022201538
112 0 7.31799578666687
112 0 6.80235481262207
112 0 6.959291219711304
112 0 7.152147531509399
112 0 6.908656358718872
112 0 6.646489143371582
112 0 6.9210426807403564
112 0 7.018818378448486
112 0 7.2874226570129395
112 0 7.061913728713989
112 0 6.422116279602051
112 0 6.276104211807251
112 0 6.043595552444458
112 0 7.775900840759277
112 0 5.99989128112793
112 0 5.569666385650635
112 0 5.513800621032715
112 0 6.363053560256958
112 0 6.593079328536987
112 0 6.7035441398620605
112 0 6.773972511291504
112 0 5.6782472133636475
112 0 5.642541170120239
112 0 6.614206314086914
112 0 5.690532684326172
112 0 5.473967790603638
112 0 6.891638517379761
112 0 6.011587858200073
112 0 5.947020053863525
112 0 6.2939465045928955
112 0 6.235516309738159
112 0 7.272290229797363
112 0 6.861475229263306
112 0 8.04023551940918
112 0 6.799473524093628
112 0 7.0815958976745605
112 0 6.6268908977508545
112 0 6.741518497467041
112 0 6.2574098110198975
112 0 6.870293140411377
112 0 7.35931134223938
112 0 6.2362401485443115
112 0 7.075939893722534
112 0 6.2025251388549805
112 0 7.099093914031982
112 0 6.432914972305298
112 0 7.253264904022217
112 0 5.996674537658691
112 0 6.495903491973877
112 0 6.703558921813965
112 0 6.745387077331543
112 0 6.354971170425415
112 0 6.740193128585815
112 0 6.737120866775513
112 0 6.6119301319122314
112 0 6.167672395706177
112 0 6.760787487030029
112 0 6.738279104232788
112 0 6.653198480606079
112 0 6.337167263031006
112 0 6.848342418670654
112 0 7.676543712615967
112 0 6.173004150390625
