165 80 381.1362655162811
179 66 436.7151222229004
188 57 489.73953199386597
190 55 698.4637439250946
165 80 516.601438999176
167 78 679.1370632648468
166 79 602.0145964622498
170 75 669.0641341209412
184 61 879.5753915309906
162 83 1438.5504999160767
168 77 871.0133540630341
166 79 720.1179087162018
170 75 580.6098501682281
173 72 704.4812784194946
164 81 569.2186148166656
192 53 528.9709839820862
137 108 468.1875813007355
199 46 388.3753230571747
135 110 407.79456400871277
181 64 389.7046024799347
