8 12 1.4908075332641602
15 5 0.5271193981170654
12 8 0.8171846866607666
18 2 0.5531253814697266
14 6 0.6996147632598877
18 2 0.24005365371704102
14 6 0.485520601272583
13 7 0.677152156829834
11 9 1.2632849216461182
16 4 0.7591705322265625
18 2 0.2624945640563965
18 2 0.39088940620422363
20 0 0.6764163970947266
17 3 0.372478723526001
9 11 2.2376749515533447
15 5 0.5415992736816406
15 5 0.7644128799438477
16 4 1.056262493133545
13 7 1.2583484649658203
13 7 0.7853353023529053
18 2 0.36408019065856934
13 7 1.5676305294036865
12 8 1.490494966506958
12 8 1.079082727432251
15 5 0.7470190525054932
15 5 0.7682476043701172
16 4 0.8488471508026123
18 2 0.37302565574645996
14 6 1.0232739448547363
16 4 1.210630178451538
17 3 0.4741065502166748
18 2 0.6087636947631836
18 2 0.3690829277038574
12 8 1.8284120559692383
18 2 0.363081693649292
18 2 0.3099350929260254
14 6 1.1392567157745361
16 4 0.7961797714233398
16 4 1.0572383403778076
12 8 1.5819075107574463
18 2 0.5211172103881836
15 5 0.951214075088501
13 7 0.7311642169952393
16 4 1.124253749847412
15 5 0.8071808815002441
20 0 0.2924489974975586
16 4 0.5711283683776855
20 0 0.3580811023712158
9 11 2.2945144176483154
20 0 0.46074604988098145
16 4 0.7851755619049072
13 7 1.0352330207824707
13 7 1.212273120880127
15 5 1.1402571201324463
16 4 0.6011359691619873
13 7 0.7487289905548096
14 6 0.9472141265869141
18 2 0.3590812683105469
16 4 0.859194278717041
18 2 0.3920886516571045
16 4 0.5891318321228027
18 2 0.372084379196167
10 10 1.1082494258880615
14 6 0.5371205806732178
15 5 1.0282316207885742
15 5 0.4160935878753662
9 11 1.440324306488037
12 8 1.3102951049804688
13 7 0.776806116104126
20 0 0.314070463180542
13 7 0.8101823329925537
17 3 0.3490781784057617
14 6 0.6561465263366699
15 5 0.4611036777496338
14 6 0.4961109161376953
20 0 0.34407782554626465
16 4 0.646143913269043
20 0 0.32407236099243164
17 3 0.5721287727355957
16 4 0.44810032844543457
17 3 0.5411210060119629
16 4 0.6991567611694336
13 7 0.6271407604217529
13 7 0.9032022953033447
20 0 0.45710206031799316
20 0 0.6041338443756104
20 0 0.2760615348815918
16 4 0.4811077117919922
12 8 0.9432117938995361
16 4 0.6011354923248291
18 2 0.460101842880249
17 3 0.5871322154998779
12 8 0.8541913032531738
14 6 0.6661489009857178
20 0 0.35507917404174805
16 4 0.5671277046203613
14 6 0.6571474075317383
14 6 0.7761740684509277
16 4 0.5761280059814453
