7 0 0.008001565933227539
7 0 0.01000213623046875
7 0 0.009001970291137695
7 0 0.008001089096069336
7 0 0.010002613067626953
7 0 0.009001493453979492
7 0 0.009001493453979492
7 0 0.008001327514648438
7 0 0.010001897811889648
7 0 0.008002281188964844
7 0 0.01200246810913086
7 0 0.016002893447875977
7 0 0.011001348495483398
7 0 0.015004396438598633
7 0 0.016003131866455078
7 0 0.00800180435180664
7 0 0.01400303840637207
7 0 0.009002447128295898
7 0 0.011002540588378906
7 0 0.017003774642944336
7 0 0.01700425148010254
7 0 0.013002634048461914
7 0 0.013002157211303711
7 0 0.00900125503540039
7 0 0.010001897811889648
7 0 0.015003204345703125
7 0 0.016004085540771484
7 0 0.013002634048461914
7 0 0.016002893447875977
7 0 0.015003442764282227
7 0 0.010001420974731445
7 0 0.016004323959350586
7 0 0.014004945755004883
7 0 0.014002799987792969
7 0 0.009001493453979492
7 0 0.01500248908996582
7 0 0.017004013061523438
7 0 0.01600337028503418
7 0 0.0110015869140625
7 0 0.013000965118408203
7 0 0.015002965927124023
7 0 0.010000944137573242
7 0 0.013002872467041016
7 0 0.009001970291137695
7 0 0.01500248908996582
7 0 0.012002229690551758
7 0 0.011002540588378906
7 0 0.016003847122192383
7 0 0.012001752853393555
7 0 0.015002965927124023
7 0 0.01400303840637207
7 0 0.008001327514648438
7 0 0.012003183364868164
7 0 0.014002084732055664
7 0 0.019004344940185547
7 0 0.013002872467041016
7 0 0.021004438400268555
7 0 0.01400303840637207
7 0 0.017004966735839844
7 0 0.015002965927124023
7 0 0.028005123138427734
7 0 0.013002634048461914
7 0 0.014002799987792969
7 0 0.012002229690551758
7 0 0.012021541595458984
7 0 0.012006044387817383
7 0 0.01200246810913086
7 0 0.014006853103637695
7 0 0.012002229690551758
7 0 0.013003110885620117
7 0 0.011003971099853516
7 0 0.009001731872558594
7 0 0.01100301742553711
7 0 0.014003753662109375
7 0 0.011002063751220703
7 0 0.013001203536987305
7 0 0.009001970291137695
7 0 0.013002634048461914
7 0 0.01400303840637207
7 0 0.015002965927124023
7 0 0.010002851486206055
7 0 0.013002872467041016
7 0 0.012002944946289062
7 0 0.013002157211303711
7 0 0.015002727508544922
7 0 0.009002685546875
7 0 0.016002893447875977
7 0 0.016003131866455078
7 0 0.012002706527709961
7 0 0.017003536224365234
7 0 0.01000213623046875
7 0 0.009001731872558594
7 0 0.012002944946289062
7 0 0.012002944946289062
7 0 0.014002799987792969
7 0 0.016004085540771484
7 0 0.013003110885620117
7 0 0.014002799987792969
7 0 0.010997533798217773
7 0 0.01400303840637207
