80 0 2.076691150665283
80 0 2.0583302974700928
80 0 2.1070375442504883
80 0 2.068587303161621
80 0 2.083472490310669
80 0 2.079010248184204
80 0 2.0150911808013916
80 0 2.0857036113739014
80 0 2.035794973373413
80 0 2.0676443576812744
80 0 3.346754789352417
80 0 3.4177699089050293
80 0 3.4687817096710205
80 0 3.4817848205566406
80 0 3.320751190185547
80 0 3.1817173957824707
80 0 3.2732431888580322
80 0 3.2847402095794678
80 0 3.3687586784362793
80 0 3.31174635887146
80 0 3.561802387237549
80 0 3.4007651805877686
80 0 3.479290008544922
80 0 4.027907371520996
80 0 3.746844530105591
80 0 3.74184250831604
80 0 3.8808746337890625
80 0 3.7418432235717773
80 0 3.5452890396118164
80 0 3.477783441543579
80 0 3.522793769836426
80 0 3.4439806938171387
80 0 4.207947492599487
80 0 3.6922695636749268
80 0 4.08692193031311
80 0 4.0813798904418945
80 0 3.9488894939422607
80 0 4.52547287940979
80 0 3.702834367752075
80 0 3.712847948074341
80 0 3.5077905654907227
80 0 3.5933148860931396
80 0 3.92038893699646
80 0 3.914882183074951
80 0 4.436999797821045
80 0 4.234954595565796
80 0 3.7158377170562744
80 0 3.3687591552734375
80 0 3.606321334838867
80 0 3.807363510131836
80 0 3.549799919128418
80 0 4.968119382858276
80 0 4.0774245262146
80 0 4.004408597946167
80 0 3.8988754749298096
80 0 4.270962476730347
80 0 4.687056064605713
80 0 4.757577657699585
80 0 3.80385684967041
80 0 4.672558784484863
80 0 4.110926389694214
80 0 4.06436014175415
80 0 4.387988567352295
80 0 3.982351303100586
80 0 4.470007419586182
80 0 3.862334728240967
80 0 5.163163423538208
80 0 4.471007585525513
80 0 3.577805995941162
80 0 4.213949203491211
80 0 3.0076780319213867
80 0 3.324878215789795
80 0 3.065690755844116
80 0 3.077399253845215
80 0 3.139707565307617
80 0 3.216186285018921
80 0 3.160712480545044
80 0 3.1064224243164062
80 0 3.0556890964508057
80 0 3.0396151542663574
80 0 3.1157031059265137
80 0 3.172999620437622
80 0 3.0576882362365723
80 0 3.086962938308716
80 0 3.0386850833892822
80 0 3.049687147140503
80 0 3.1107017993927
80 0 3.088695526123047
80 0 3.044377326965332
80 0 3.135706663131714
80 0 3.180515766143799
80 0 3.0326828956604004
80 0 3.058544397354126
80 0 3.0656912326812744
80 0 3.143568754196167
80 0 3.1307051181793213
80 0 3.206372022628784
80 0 3.2237255573272705
80 0 2.7479522228240967
80 0 2.9606668949127197
