10 0 0.013003110885620117
10 0 0.010003089904785156
10 0 0.00900125503540039
10 0 0.01000213623046875
10 0 0.010001420974731445
10 0 0.010001897811889648
10 0 0.011001825332641602
10 0 0.009001970291137695
10 0 0.011002302169799805
10 0 0.011001348495483398
10 0 0.011002540588378906
10 0 0.01600360870361328
10 0 0.01900458335876465
10 0 0.015002965927124023
10 0 0.019514083862304688
10 0 0.011994123458862305
10 0 0.05701303482055664
10 0 0.022003650665283203
10 0 0.01900339126586914
10 0 0.01600337028503418
10 0 0.023004531860351562
10 0 0.015004396438598633
10 0 0.015002965927124023
10 0 0.014003992080688477
10 0 0.015003204345703125
10 0 0.015002965927124023
10 0 0.022004127502441406
10 0 0.015972375869750977
10 0 0.013003110885620117
10 0 0.023961305618286133
10 0 0.015003204345703125
10 0 0.013002634048461914
10 0 0.015003204345703125
10 0 0.012003183364868164
10 0 0.01600337028503418
10 0 0.017003297805786133
10 0 0.014002323150634766
10 0 0.012001276016235352
10 0 0.017003297805786133
10 0 0.016003847122192383
10 0 0.011002302169799805
10 0 0.015003681182861328
10 0 0.015003681182861328
10 0 0.013003110885620117
10 0 0.012001514434814453
10 0 0.019004106521606445
10 0 0.013003110885620117
10 0 0.022004127502441406
10 0 0.01400303840637207
10 0 0.016004085540771484
10 0 0.013002872467041016
10 0 0.011002540588378906
10 0 0.014002323150634766
10 0 0.01800394058227539
10 0 0.015003442764282227
10 0 0.01200246810913086
10 0 0.01600337028503418
10 0 0.016002655029296875
10 0 0.01600337028503418
10 0 0.016003131866455078
10 0 0.012001514434814453
10 0 0.01800394058227539
10 0 0.01600337028503418
10 0 0.014002799987792969
10 0 0.014003276824951172
10 0 0.017004013061523438
10 0 0.01700448989868164
10 0 0.019004344940185547
10 0 0.016003131866455078
10 0 0.014003276824951172
