90 0 3.7295351028442383
90 0 3.9478936195373535
90 0 3.430776596069336
90 0 3.892537832260132
90 0 3.988689661026001
90 0 3.356796979904175
90 0 3.775418281555176
90 0 3.620818614959717
90 0 3.392167091369629
90 0 3.7208385467529297
90 0 4.308971405029297
90 0 4.826132774353027
90 0 4.819198846817017
90 0 3.865870714187622
90 0 5.767298460006714
90 0 5.6653923988342285
90 0 5.113609075546265
90 0 5.548173904418945
90 0 5.744293689727783
90 0 5.943124294281006
90 0 9.744699478149414
90 0 7.763254642486572
90 0 6.085371494293213
90 0 6.904555797576904
90 0 5.348205089569092
90 0 5.62626838684082
90 0 5.91133189201355
90 0 6.48596715927124
90 0 6.3479368686676025
90 0 5.8296685218811035
90 0 5.225172996520996
90 0 6.938608169555664
90 0 7.293645858764648
90 0 6.7948596477508545
90 0 5.802307605743408
90 0 6.842721939086914
90 0 7.282641172409058
90 0 6.688526153564453
90 0 5.741293430328369
90 0 5.637270450592041
90 0 5.407076597213745
90 0 5.968594789505005
90 0 5.192680597305298
90 0 5.833303928375244
90 0 5.900187015533447
90 0 7.924742698669434
90 0 5.329578638076782
90 0 4.480996370315552
90 0 5.301211833953857
90 0 5.791252136230469
90 0 5.710858583450317
90 0 5.516556739807129
90 0 4.445423126220703
90 0 5.1152403354644775
90 0 5.930758953094482
90 0 5.968916893005371
90 0 4.770823240280151
90 0 5.851828336715698
90 0 5.306349754333496
90 0 6.961028575897217
90 0 6.035952568054199
90 0 5.084261894226074
90 0 5.688391923904419
90 0 5.057330846786499
90 0 4.7609148025512695
90 0 5.286816596984863
90 0 4.981826305389404
90 0 5.698409557342529
90 0 4.607166051864624
90 0 4.903435468673706
