176 4 13.838670015335083
180 0 13.240224123001099
180 0 13.587072372436523
180 0 13.247995853424072
180 0 13.22200345993042
180 0 13.154975414276123
177 3 13.54008936882019
180 0 13.110949039459229
180 0 12.96635365486145
170 10 15.038905620574951
180 0 21.462349891662598
180 0 21.277656078338623
180 0 20.67726755142212
180 0 20.24346137046814
180 0 20.172898054122925
180 0 20.500646352767944
180 0 20.4681556224823
180 0 19.655078411102295
178 2 19.324734687805176
169 11 22.834776639938354
180 0 17.274102926254272
180 0 17.36992073059082
175 5 20.41356134414673
180 0 18.04869270324707
180 0 17.722760915756226
180 0 17.532521963119507
180 0 17.4802143573761
175 5 18.8603777885437
180 0 17.15943670272827
180 0 17.07477641105652
180 0 16.75659728050232
180 0 16.404144048690796
176 4 17.733793020248413
180 0 18.47718572616577
177 3 20.453937292099
180 0 19.53191328048706
177 3 20.24244260787964
180 0 20.576042413711548
180 0 23.307908535003662
180 0 22.742488622665405
180 0 21.51049304008484
176 4 23.501131772994995
180 0 22.453442096710205
174 6 25.45895290374756
180 0 21.347018480300903
180 0 22.861768007278442
178 2 22.95798945426941
180 0 20.891225337982178
180 0 22.032636642456055
178 2 22.15051531791687
180 0 20.92677903175354
178 2 22.02348804473877
173 7 22.4120512008667
180 0 19.75732421875
173 7 22.75063681602478
180 0 21.08830714225769
180 0 20.252607583999634
173 7 22.1851589679718
180 0 17.615638494491577
174 6 21.159586191177368
180 0 18.954451322555542
180 0 18.74378228187561
