43 0 0.3669164180755615
43 0 0.39064812660217285
43 0 0.3592715263366699
43 0 0.34573817253112793
43 0 0.37687253952026367
43 0 0.3457212448120117
43 0 0.36128854751586914
43 0 0.35926342010498047
43 0 0.37502527236938477
43 0 0.3593871593475342
43 0 0.5871315002441406
43 0 0.6091363430023193
43 0 0.609137773513794
43 0 0.5921332836151123
43 0 0.5711288452148438
43 0 0.6061365604400635
43 0 0.5761299133300781
43 0 0.6501462459564209
43 0 0.5581257343292236
43 0 0.5551252365112305
43 0 0.7325544357299805
43 0 0.6281414031982422
43 0 0.5291855335235596
43 0 0.7621719837188721
43 0 0.7911779880523682
43 0 0.6981568336486816
43 0 0.6411442756652832
43 0 0.6221399307250977
43 0 0.6341428756713867
43 0 0.7831757068634033
43 0 0.6181399822235107
43 0 0.6181392669677734
43 0 0.6151375770568848
43 0 0.6291418075561523
43 0 0.6351425647735596
43 0 0.8851988315582275
43 0 0.6731517314910889
43 0 0.9712185859680176
43 0 0.7391660213470459
43 0 0.6121377944946289
43 0 0.7281639575958252
43 0 0.7291641235351562
43 0 0.6311421394348145
43 0 0.6391439437866211
43 0 0.639141321182251
43 0 0.6321415901184082
43 0 0.6121373176574707
43 0 0.6061363220214844
43 0 0.6551477909088135
43 0 0.6871540546417236
43 0 0.8591935634613037
43 0 0.8381884098052979
43 0 0.8111820220947266
43 0 0.6411445140838623
43 0 0.7331650257110596
43 0 0.8261861801147461
43 0 0.6621484756469727
43 0 0.7141611576080322
43 0 0.7381656169891357
43 0 0.6601474285125732
43 0 0.8691956996917725
43 0 0.624140739440918
43 0 0.8011808395385742
43 0 0.7341651916503906
43 0 0.6161386966705322
43 0 0.8561930656433105
43 0 0.961216926574707
43 0 0.7931787967681885
43 0 0.8861994743347168
43 0 0.6591477394104004
