45 0 0.4744417667388916
45 0 0.44816160202026367
45 0 0.4382951259613037
45 0 0.47615814208984375
45 0 0.467165470123291
45 0 0.4621617794036865
45 0 0.4661400318145752
45 0 0.4605121612548828
45 0 0.4990825653076172
45 0 0.4441416263580322
45 0 0.5838611125946045
45 0 0.608823299407959
45 0 0.5781440734863281
45 0 0.618971586227417
45 0 0.5791318416595459
45 0 0.5421216487884521
45 0 0.6081371307373047
45 0 0.6441450119018555
45 0 0.5506937503814697
45 0 0.5291197299957275
45 0 0.624140739440918
45 0 0.6041359901428223
45 0 0.6571493148803711
45 0 0.6341423988342285
45 0 0.49328064918518066
45 0 0.6321408748626709
45 0 0.55812668800354
45 0 0.6811535358428955
45 0 0.5671966075897217
45 0 0.5631275177001953
45 0 0.6421446800231934
45 0 0.578129768371582
45 0 0.5701289176940918
45 0 0.6231396198272705
45 0 0.6181392669677734
45 0 0.7021579742431641
45 0 0.6711509227752686
45 0 0.6821537017822266
45 0 0.793175458908081
45 0 0.7531075477600098
45 0 0.6774084568023682
45 0 0.7331645488739014
45 0 0.7061586380004883
45 0 0.7756364345550537
45 0 0.8481907844543457
45 0 0.825186014175415
45 0 0.7456748485565186
45 0 0.8691959381103516
45 0 0.851191520690918
45 0 0.7581703662872314
45 0 0.7591712474822998
45 0 0.753169059753418
45 0 0.7691731452941895
45 0 0.9482142925262451
45 0 0.8631947040557861
45 0 0.8091824054718018
45 0 0.8071820735931396
45 0 0.7541706562042236
45 0 0.8166887760162354
45 0 0.8361949920654297
45 0 0.7191622257232666
45 0 0.7371659278869629
45 0 0.7501695156097412
45 0 0.7231628894805908
45 0 0.7051591873168945
45 0 0.7601709365844727
45 0 0.7136669158935547
45 0 0.7241625785827637
45 0 0.7721736431121826
45 0 0.7621719837188721
45 0 0.7391693592071533
45 0 0.7391667366027832
45 0 0.750169038772583
45 0 0.7761750221252441
45 0 0.563126802444458
45 0 0.7341651916503906
45 0 0.7231628894805908
45 0 0.6211390495300293
45 0 0.7021579742431641
45 0 0.6041355133056641
45 0 0.6021356582641602
45 0 0.5681278705596924
45 0 0.7181622982025146
45 0 0.6461458206176758
45 0 0.716160774230957
45 0 0.6451456546783447
45 0 0.7381656169891357
45 0 0.7201623916625977
45 0 0.6571478843688965
45 0 0.664149284362793
45 0 0.7231624126434326
45 0 0.5562939643859863
45 0 0.6081366539001465
45 0 0.5888850688934326
45 0 0.7011587619781494
45 0 0.6111373901367188
45 0 0.7081596851348877
45 0 0.6411442756652832
45 0 0.6161389350891113
45 0 0.6181392669677734
45 0 0.7301640510559082
45 0 0.6791527271270752
45 0 0.6221396923065186
45 0 0.7261638641357422
