18 0 0.13002896308898926
18 0 0.12302732467651367
18 0 0.12402820587158203
18 0 0.13403010368347168
18 0 0.13202977180480957
18 0 0.12802958488464355
18 0 0.12099337577819824
18 0 0.12720251083374023
18 0 0.12802886962890625
18 0 0.12001538276672363
18 0 0.14103031158447266
18 0 0.20104527473449707
18 0 0.16103625297546387
18 0 0.15003323554992676
18 0 0.19604134559631348
18 0 0.15103435516357422
18 0 0.1850419044494629
18 0 0.17704463005065918
18 0 0.22004938125610352
18 0 0.1360306739807129
18 0 0.17903995513916016
18 0 0.14601492881774902
18 0 0.1640470027923584
18 0 0.1940445899963379
18 0 0.1980431079864502
18 0 0.17503952980041504
18 0 0.17003846168518066
18 0 0.16103672981262207
18 0 0.19504308700561523
18 0 0.1760404109954834
18 0 0.15703487396240234
18 0 0.19404339790344238
18 0 0.15303468704223633
18 0 0.21304726600646973
18 0 0.19704413414001465
18 0 0.18103718757629395
18 0 0.15203356742858887
18 0 0.16780710220336914
18 0 0.1980431079864502
18 0 0.1580357551574707
18 0 0.18984484672546387
18 0 0.1450328826904297
18 0 0.1559162139892578
18 0 0.18804264068603516
18 0 0.20104527473449707
18 0 0.18804097175598145
18 0 0.20804595947265625
18 0 0.14803457260131836
18 0 0.14603042602539062
18 0 0.17904067039489746
18 0 0.17503952980041504
18 0 0.1470334529876709
18 0 0.17003870010375977
18 0 0.16403675079345703
18 0 0.17424631118774414
18 0 0.18504118919372559
18 0 0.18204069137573242
18 0 0.16432523727416992
18 0 0.18104076385498047
18 0 0.12802815437316895
18 0 0.1670360565185547
18 0 0.17203927040100098
18 0 0.15003347396850586
18 0 0.16303730010986328
18 0 0.1670386791229248
18 0 0.16803765296936035
18 0 0.15103411674499512
18 0 0.18104171752929688
18 0 0.1490328311920166
18 0 0.15303373336791992
