2 0 0.003000497817993164
2 0 0.002999544143676758
2 0 0.003000497817993164
2 0 0.0030012130737304688
2 0 0.003000020980834961
2 0 0.0030002593994140625
2 0 0.0030007362365722656
2 0 0.003000497817993164
2 0 0.0030007362365722656
2 0 0.003000497817993164
2 0 0.0050013065338134766
2 0 0.004000663757324219
2 0 0.005001544952392578
2 0 0.00500178337097168
2 0 0.005001068115234375
2 0 0.007000923156738281
2 0 0.0050008296966552734
2 0 0.0050008296966552734
2 0 0.00500178337097168
2 0 0.007001161575317383
2 0 0.0050013065338134766
2 0 0.004001617431640625
2 0 0.004999876022338867
2 0 0.005001068115234375
2 0 0.0050008296966552734
2 0 0.004000186920166016
2 0 0.003000497817993164
2 0 0.004001140594482422
2 0 0.005001068115234375
2 0 0.005000591278076172
2 0 0.005001068115234375
2 0 0.0050013065338134766
2 0 0.00400090217590332
2 0 0.0030002593994140625
2 0 0.00400090217590332
2 0 0.0050013065338134766
2 0 0.00500035285949707
2 0 0.0030007362365722656
2 0 0.0050013065338134766
2 0 0.00500178337097168
2 0 0.0050008296966552734
2 0 0.005000591278076172
2 0 0.005001068115234375
2 0 0.0050008296966552734
2 0 0.0030007362365722656
2 0 0.00400090217590332
2 0 0.0050013065338134766
2 0 0.003000974655151367
2 0 0.003000497817993164
2 0 0.0050013065338134766
2 0 0.004000663757324219
2 0 0.005001068115234375
2 0 0.004001140594482422
2 0 0.005001544952392578
2 0 0.0050013065338134766
2 0 0.00400090217590332
2 0 0.00400090217590332
2 0 0.00400090217590332
2 0 0.004000425338745117
2 0 0.003000497817993164
2 0 0.0050008296966552734
2 0 0.0040013790130615234
2 0 0.005001068115234375
2 0 0.005002498626708984
2 0 0.004001140594482422
2 0 0.0040013790130615234
2 0 0.00400090217590332
2 0 0.005001068115234375
2 0 0.0030007362365722656
2 0 0.00500178337097168
