10 0 0.017003297805786133
10 0 0.018003463745117188
10 0 0.018004179000854492
10 0 0.018004417419433594
10 0 0.027005672454833984
10 0 0.018003225326538086
10 0 0.024004459381103516
10 0 0.02300572395324707
10 0 0.019004106521606445
10 0 0.01900339126586914
10 0 0.02400493621826172
10 0 0.033007144927978516
10 0 0.03400588035583496
10 0 0.041008710861206055
10 0 0.03242802619934082
10 0 0.02700638771057129
10 0 0.030394554138183594
10 0 0.03300833702087402
10 0 0.037007808685302734
10 0 0.019003868103027344
10 0 0.02800607681274414
10 0 0.031007051467895508
10 0 0.03200674057006836
10 0 0.01840686798095703
10 0 0.028008222579956055
10 0 0.029981136322021484
10 0 0.02600574493408203
10 0 0.030979394912719727
10 0 0.021004915237426758
10 0 0.029006481170654297
10 0 0.025996923446655273
10 0 0.02600574493408203
10 0 0.031006813049316406
10 0 0.021004676818847656
10 0 0.020005226135253906
10 0 0.026004791259765625
10 0 0.026007890701293945
10 0 0.021004438400268555
10 0 0.027005910873413086
10 0 0.024005413055419922
10 0 0.029006242752075195
10 0 0.025007009506225586
10 0 0.025005578994750977
10 0 0.03000640869140625
10 0 0.0200042724609375
10 0 0.02200484275817871
10 0 0.022004365921020508
10 0 0.03000617027282715
10 0 0.02600574493408203
10 0 0.02700662612915039
10 0 0.028007030487060547
10 0 0.025005578994750977
10 0 0.031007051467895508
10 0 0.03000664710998535
10 0 0.030007123947143555
10 0 0.022005558013916016
10 0 0.025006532669067383
10 0 0.03200721740722656
10 0 0.01800370216369629
10 0 0.035007476806640625
10 0 0.0290067195892334
10 0 0.02800607681274414
10 0 0.023004770278930664
10 0 0.02200460433959961
10 0 0.02700638771057129
10 0 0.028005361557006836
10 0 0.04100847244262695
10 0 0.03700685501098633
10 0 0.019004106521606445
10 0 0.02700638771057129
