10 0 0.06201434135437012
10 0 0.06001424789428711
10 0 0.0690155029296875
10 0 0.05201101303100586
10 0 0.05301189422607422
10 0 0.07804751396179199
10 0 0.07303810119628906
10 0 0.06775975227355957
10 0 0.05701327323913574
10 0 0.06603312492370605
10 0 0.049010276794433594
7 3 1.548818826675415
10 0 0.06701540946960449
10 0 0.07201552391052246
10 0 0.09102058410644531
10 0 0.09702610969543457
10 0 0.1090247631072998
10 0 0.08101582527160645
10 0 0.07601761817932129
10 0 0.07101559638977051
10 0 0.08104681968688965
10 0 0.07001638412475586
10 0 0.0980219841003418
10 0 0.051011085510253906
10 0 0.09802103042602539
10 0 0.08201861381530762
10 0 0.05301213264465332
7 3 0.7641713619232178
10 0 0.11402559280395508
10 0 0.08801865577697754
10 0 0.09502100944519043
10 0 0.08601951599121094
10 0 0.06301307678222656
10 0 0.07501673698425293
10 0 0.0780184268951416
10 0 0.08301830291748047
10 0 0.07301616668701172
10 0 0.07105588912963867
10 0 0.08458805084228516
10 0 0.07301688194274902
10 0 0.05501365661621094
10 0 0.08401894569396973
10 0 0.10502314567565918
10 0 0.05701279640197754
10 0 0.07401680946350098
10 0 0.054012298583984375
10 0 0.09102082252502441
10 0 0.06801486015319824
10 0 0.058012962341308594
10 0 0.06501340866088867
10 0 0.08301877975463867
10 0 0.060013532638549805
10 0 0.12202596664428711
10 0 0.05001068115234375
10 0 0.07601666450500488
10 0 0.06801438331604004
10 0 0.0780174732208252
10 0 0.0510106086730957
10 0 0.05501222610473633
10 0 0.11013054847717285
10 0 0.09402084350585938
10 0 0.07401609420776367
10 0 0.06401443481445312
7 3 0.38709378242492676
10 0 0.08096694946289062
10 0 0.06800961494445801
10 0 0.09299612045288086
10 0 0.08802008628845215
10 0 0.06501412391662598
10 0 0.0800180435180664
10 0 0.0620119571685791
