7 0 0.015003204345703125
7 0 0.015003204345703125
7 0 0.013002634048461914
7 0 0.014002799987792969
7 0 0.015002965927124023
7 0 0.015004396438598633
7 0 0.015003442764282227
7 0 0.01800370216369629
7 0 0.019002914428710938
7 0 0.015002727508544922
7 0 0.02600693702697754
7 0 0.02700519561767578
7 0 0.02400517463684082
7 0 0.0290067195892334
7 0 0.018004417419433594
7 0 0.023004770278930664
7 0 0.022005081176757812
7 0 0.023003578186035156
7 0 0.016003131866455078
7 0 0.021004199981689453
7 0 0.023005008697509766
7 0 0.01600337028503418
7 0 0.020003795623779297
7 0 0.014003515243530273
7 0 0.01600360870361328
7 0 0.021004199981689453
7 0 0.02100515365600586
7 0 0.01400303840637207
7 0 0.024005889892578125
7 0 0.023005247116088867
7 0 0.02200460433959961
7 0 0.025005578994750977
7 0 0.01700425148010254
7 0 0.020004987716674805
7 0 0.021003246307373047
7 0 0.022004365921020508
7 0 0.023005962371826172
7 0 0.02600693702697754
7 0 0.0200045108795166
7 0 0.027005672454833984
7 0 0.023005008697509766
7 0 0.023004770278930664
7 0 0.021004438400268555
7 0 0.022005081176757812
7 0 0.030007123947143555
7 0 0.028006792068481445
7 0 0.020003318786621094
7 0 0.021004199981689453
7 0 0.02400493621826172
7 0 0.022005081176757812
7 0 0.021004915237426758
7 0 0.0200045108795166
7 0 0.026005029678344727
7 0 0.0200042724609375
7 0 0.022005319595336914
7 0 0.03200697898864746
7 0 0.025003671646118164
7 0 0.022004127502441406
7 0 0.021013259887695312
7 0 0.02100515365600586
7 0 0.021673202514648438
7 0 0.022005319595336914
7 0 0.018003225326538086
7 0 0.025005102157592773
7 0 0.023051977157592773
7 0 0.0200042724609375
7 0 0.01600360870361328
7 0 0.02210831642150879
7 0 0.01600360870361328
7 0 0.019002914428710938
7 0 0.02100396156311035
7 0 0.02200484275817871
7 0 0.027005910873413086
7 0 0.025005340576171875
7 0 0.018003463745117188
7 0 0.021004915237426758
7 0 0.023005008697509766
7 0 0.016003847122192383
7 0 0.027005434036254883
7 0 0.021004438400268555
7 0 0.024004459381103516
7 0 0.0290067195892334
7 0 0.026004552841186523
7 0 0.025003910064697266
7 0 0.02200484275817871
7 0 0.02300548553466797
7 0 0.02200460433959961
7 0 0.021004676818847656
7 0 0.0200042724609375
7 0 0.031006574630737305
7 0 0.021004199981689453
7 0 0.027005910873413086
7 0 0.02200484275817871
7 0 0.02100515365600586
7 0 0.02400517463684082
7 0 0.0200040340423584
7 0 0.01700425148010254
7 0 0.02200460433959961
7 0 0.020003318786621094
7 0 0.022005081176757812
