175 0 7.588719606399536
175 0 7.487406492233276
175 0 7.4308459758758545
175 0 7.489342212677002
175 0 7.278081655502319
175 0 7.863772630691528
175 0 7.608860969543457
175 0 7.576893091201782
175 0 8.145125150680542
175 0 10.033557653427124
175 0 9.475134372711182
175 0 7.8007588386535645
175 0 9.57315468788147
175 0 7.864915132522583
175 0 7.756953954696655
175 0 8.93501353263855
175 0 10.28628659248352
175 0 9.06442904472351
175 0 10.54264783859253
175 0 10.889719247817993
175 0 10.95897650718689
175 0 11.596218824386597
175 0 10.415081262588501
175 0 11.741852045059204
175 0 12.467769622802734
175 0 11.973829507827759
175 0 12.475057601928711
175 0 12.201165914535522
175 0 12.476054191589355
175 0 11.77156686782837
175 0 12.140735864639282
170 5 13.61383581161499
175 0 11.541600704193115
175 0 11.88451886177063
175 0 12.011707067489624
175 0 11.795482635498047
175 0 11.694636106491089
175 0 11.266538858413696
175 0 10.825042247772217
175 0 10.726599931716919
175 0 11.044148206710815
175 0 11.228053569793701
175 0 11.737234354019165
175 0 9.835892677307129
175 0 9.860461473464966
175 0 10.3141930103302
175 0 10.447604417800903
