8 0 0.031005382537841797
8 0 0.029006004333496094
8 0 0.035007476806640625
8 0 0.029006004333496094
8 0 0.031005144119262695
8 0 0.03000617027282715
8 0 0.029005765914916992
8 0 0.029006004333496094
8 0 0.031006574630737305
8 0 0.031006574630737305
8 0 0.04857921600341797
8 0 0.028007030487060547
8 0 0.04801177978515625
8 0 0.0400090217590332
8 0 0.046958208084106445
8 0 0.04894876480102539
8 0 0.036008358001708984
8 0 0.04480385780334473
8 0 0.04601097106933594
8 0 0.046010732650756836
8 0 0.0380091667175293
8 0 0.03800845146179199
8 0 0.05201315879821777
8 0 0.04699993133544922
8 0 0.04601097106933594
8 0 0.04498910903930664
8 0 0.050986528396606445
8 0 0.044921159744262695
8 0 0.04801011085510254
8 0 0.04795241355895996
8 0 0.04601025581359863
8 0 0.046013593673706055
8 0 0.0400090217590332
8 0 0.04501080513000488
8 0 0.04201078414916992
8 0 0.04600977897644043
8 0 0.048010826110839844
8 0 0.04701089859008789
8 0 0.03800773620605469
8 0 0.042009592056274414
8 0 0.04300975799560547
8 0 0.04601001739501953
8 0 0.04300880432128906
8 0 0.048013925552368164
8 0 0.045011281967163086
8 0 0.11502599716186523
8 0 0.044384002685546875
8 0 0.04301095008850098
8 0 0.04400897026062012
8 0 0.03600788116455078
8 0 0.04701066017150879
8 0 0.04312586784362793
8 0 0.047472238540649414
8 0 0.04922842979431152
8 0 0.03942084312438965
8 0 0.04987931251525879
8 0 0.04419064521789551
8 0 0.04128909111022949
8 0 0.03831124305725098
8 0 0.04606771469116211
8 0 0.043853044509887695
8 0 0.04884624481201172
8 0 0.04136943817138672
8 0 0.0444486141204834
8 0 0.049346208572387695
8 0 0.034998416900634766
8 0 0.046305179595947266
8 0 0.04300999641418457
8 0 0.040007591247558594
8 0 0.052011966705322266
