490 0 118.92466998100281
473 17 126.37741827964783
485 5 163.62013721466064
490 0 143.35878443717957
490 0 126.4660997390747
490 0 118.14228057861328
485 5 128.65772938728333
485 5 127.52083802223206
490 0 123.31840395927429
490 0 137.4596176147461
490 0 194.05201077461243
490 0 201.0264859199524
490 0 167.00806713104248
490 0 187.82496428489685
490 0 185.23557090759277
477 13 205.8599271774292
490 0 132.6837191581726
490 0 157.39852738380432
480 10 198.75155186653137
490 0 167.6264569759369
490 0 161.07207226753235
490 0 186.82308077812195
490 0 182.35570693016052
482 8 183.67940759658813
490 0 179.08971405029297
490 0 159.5956790447235
480 10 194.84527468681335
490 0 188.24861788749695
490 0 177.10792207717896
490 0 234.16820812225342
490 0 223.33621454238892
472 18 207.61012482643127
490 0 187.65348649024963
486 4 178.08075308799744
490 0 229.78435492515564
486 4 211.88791036605835
490 0 205.7566316127777
490 0 200.92134523391724
