80 0 1.9126296043395996
80 0 1.8427934646606445
80 0 1.8284146785736084
80 0 1.8046696186065674
80 0 1.8197529315948486
80 0 1.8779373168945312
80 0 1.791482925415039
80 0 1.838871717453003
80 0 1.7542142868041992
80 0 1.7984533309936523
80 0 2.9058704376220703
80 0 2.9586668014526367
80 0 2.9438064098358154
80 0 2.9676687717437744
80 0 2.938675880432129
80 0 3.0216805934906006
80 0 2.931661605834961
80 0 3.1041574478149414
80 0 2.899653434753418
80 0 3.003676652908325
80 0 3.28674054145813
80 0 3.3657588958740234
80 0 3.089696168899536
80 0 3.074693202972412
80 0 3.5372445583343506
80 0 3.2977428436279297
80 0 3.1897189617156982
80 0 3.137706995010376
78 2 3.3052496910095215
80 0 3.07473087310791
80 0 3.147709608078003
80 0 3.0861454010009766
80 0 3.535796880722046
80 0 3.199225902557373
80 0 4.516523122787476
80 0 3.916386365890503
80 0 4.311478614807129
80 0 3.1572163105010986
80 0 3.037684202194214
80 0 3.2537338733673096
80 0 3.2357287406921387
80 0 3.026681661605835
80 0 3.1111562252044678
80 0 3.2437305450439453
80 0 3.7953174114227295
80 0 3.472781181335449
80 0 2.8616504669189453
80 0 3.1507084369659424
80 0 3.015679121017456
80 0 3.3658156394958496
80 0 3.5698037147521973
80 0 2.977132558822632
80 0 4.732066869735718
80 0 3.6082897186279297
80 0 3.5528011322021484
80 0 3.425220251083374
80 0 3.624816656112671
80 0 3.3542158603668213
80 0 3.789854049682617
80 0 3.654273748397827
80 0 3.9868977069854736
80 0 3.602318286895752
80 0 3.6853373050689697
80 0 3.5793137550354004
80 0 3.997616767883301
80 0 3.7828528881073
80 0 3.172219753265381
80 0 4.863600969314575
80 0 3.7318408489227295
80 0 4.239459991455078
