10 88 7.85988712310791
10 88 7.846694469451904
10 88 7.786560297012329
10 88 7.87217378616333
10 88 7.814189195632935
10 88 7.915859222412109
10 88 7.805183172225952
10 88 7.793213129043579
10 88 7.897794246673584
10 88 7.811793088912964
10 88 7.882776737213135
10 88 8.00280237197876
10 88 7.9697864055633545
10 88 7.893441438674927
10 88 7.8408684730529785
10 88 8.290867567062378
10 88 7.986102342605591
10 88 8.08631682395935
10 88 7.97179651260376
10 88 8.099401950836182
10 88 12.111496448516846
10 88 11.643791437149048
10 88 11.54457402229309
10 88 11.92609977722168
10 88 7.888197183609009
10 88 8.064506530761719
10 88 7.94106912612915
10 88 7.934939622879028
