442 48 167.95512008666992
447 43 186.0529339313507
466 24 160.76614332199097
453 37 173.39603090286255
441 49 168.4439082145691
437 53 168.6655855178833
449 41 233.12017822265625
432 58 233.4955632686615
458 32 212.87929892539978
454 36 232.4589250087738
450 40 183.93102478981018
457 33 178.14906215667725
427 63 214.4160373210907
439 51 226.51583743095398
439 51 314.13639068603516
473 17 225.5390226840973
435 55 294.1349415779114
433 57 304.9181079864502
444 46 313.10067224502563
459 31 228.19216918945312
457 33 234.85197472572327
440 50 229.65141010284424
465 25 180.20300912857056
479 11 151.27951407432556
471 19 166.17076683044434
448 42 222.28436160087585
461 29 245.09940910339355
441 49 333.37707924842834
459 31 238.4956727027893
441 49 276.68803429603577
448 42 228.10464072227478
452 38 187.36641836166382
437 53 231.53541707992554
447 43 208.28815269470215
445 45 243.68689680099487
450 40 216.0653030872345
467 23 171.08933997154236
448 42 199.62554144859314
455 35 189.30417490005493
448 42 220.05324482917786
457 33 242.33743405342102
446 44 254.26178216934204
470 20 212.06730365753174
445 45 276.94616770744324
474 16 199.4744942188263
458 32 215.67991161346436
448 42 263.6375422477722
462 28 218.00084733963013
446 44 250.07936906814575
446 44 248.0406370162964
456 34 211.15729904174805
456 34 226.68495321273804
444 46 263.422536611557
462 28 213.9372067451477
458 32 273.19287109375
456 34 274.0839056968689
460 30 223.6854875087738
445 45 240.17232418060303
431 59 288.2456603050232
456 34 208.49445247650146
461 29 200.33699941635132
445 45 242.70610070228577
463 27 197.54074263572693
450 40 214.6262857913971
458 32 197.27433347702026
471 19 170.9997215270996
449 41 188.7819380760193
434 56 220.12847757339478
455 35 197.17947936058044
443 47 213.71767210960388
436 54 226.86105942726135
459 31 167.94257998466492
462 28 170.66475653648376
446 44 215.94642114639282
458 32 216.02312111854553
