2 96 18.87835144996643
2 96 18.7480890750885
2 96 19.36136269569397
2 96 19.505918502807617
2 96 18.550593376159668
2 96 18.514392852783203
2 96 18.337284326553345
2 96 20.007806539535522
2 96 20.228710889816284
2 96 18.683118104934692
2 96 19.953983783721924
2 96 20.192896366119385
2 96 20.563538551330566
2 96 21.418535709381104
2 96 19.788450956344604
2 96 20.84228539466858
2 96 20.683676719665527
2 96 20.063462495803833
2 96 18.95027804374695
2 96 19.468847274780273
2 96 27.774950742721558
2 96 28.260266542434692
2 96 31.293250560760498
2 96 32.39799976348877
2 96 19.403642892837524
2 96 19.201418161392212
2 96 19.058438062667847
2 96 19.165143489837646
