5 0 0.004000663757324219
5 0 0.0060007572174072266
5 0 0.004999876022338867
5 0 0.0039980411529541016
5 0 0.0039997100830078125
5 0 0.006002664566040039
5 0 0.00400090217590332
5 0 0.005001068115234375
5 0 0.0050008296966552734
5 0 0.005001068115234375
5 0 0.010002374649047852
5 0 0.009001493453979492
5 0 0.005002498626708984
5 0 0.006000518798828125
5 0 0.011003255844116211
5 0 0.009001731872558594
5 0 0.0060024261474609375
5 0 0.007001399993896484
5 0 0.008002281188964844
5 0 0.007001638412475586
5 0 0.006000518798828125
5 0 0.008001327514648438
5 0 0.009002208709716797
5 0 0.004000663757324219
5 0 0.008001327514648438
5 0 0.005001068115234375
5 0 0.008001565933227539
5 0 0.006001472473144531
5 0 0.005001068115234375
5 0 0.005001068115234375
5 0 0.0050008296966552734
5 0 0.0070018768310546875
5 0 0.00900125503540039
5 0 0.00500035285949707
5 0 0.006001710891723633
5 0 0.00800180435180664
5 0 0.00400090217590332
5 0 0.006000995635986328
5 0 0.007000923156738281
5 0 0.007001638412475586
5 0 0.004001140594482422
5 0 0.006001472473144531
5 0 0.007001638412475586
5 0 0.007001399993896484
5 0 0.003999471664428711
5 0 0.007000923156738281
5 0 0.007001638412475586
5 0 0.009001970291137695
5 0 0.007000923156738281
5 0 0.004001140594482422
5 0 0.006001710891723633
5 0 0.007002353668212891
5 0 0.00600123405456543
5 0 0.006001710891723633
5 0 0.007000923156738281
5 0 0.008002281188964844
5 0 0.009000301361083984
5 0 0.010002374649047852
5 0 0.009002923965454102
5 0 0.008001565933227539
5 0 0.005001068115234375
5 0 0.0070018768310546875
5 0 0.008000850677490234
5 0 0.009000301361083984
5 0 0.007001161575317383
5 0 0.005000591278076172
5 0 0.007000923156738281
5 0 0.006140947341918945
5 0 0.006000995635986328
5 0 0.008001327514648438
5 0 0.008002042770385742
5 0 0.00800180435180664
5 0 0.009001970291137695
5 0 0.007000446319580078
5 0 0.0060007572174072266
5 0 0.010002613067626953
5 0 0.011000633239746094
5 0 0.00800180435180664
5 0 0.00800180435180664
5 0 0.006001710891723633
5 0 0.00600123405456543
5 0 0.010002374649047852
5 0 0.006000995635986328
5 0 0.007001399993896484
5 0 0.007001161575317383
5 0 0.005000114440917969
5 0 0.008001565933227539
5 0 0.00600123405456543
5 0 0.009000778198242188
5 0 0.00800180435180664
5 0 0.008001565933227539
5 0 0.006000995635986328
5 0 0.00800180435180664
5 0 0.006001472473144531
5 0 0.005000591278076172
5 0 0.007001638412475586
5 0 0.007001399993896484
5 0 0.0060007572174072266
5 0 0.007002830505371094
5 0 0.008002042770385742
