432 58 170.5839238166809
442 48 172.38223385810852
460 30 144.6679186820984
452 38 167.7440903186798
438 52 160.15267133712769
480 10 105.84588956832886
450 40 139.69942045211792
451 39 136.09089970588684
444 46 217.7174198627472
445 45 196.71947050094604
448 42 206.30827736854553
461 29 169.76358318328857
434 56 237.01867866516113
442 48 202.9055278301239
446 44 173.52493715286255
458 32 146.61419367790222
490 0 139.20117568969727
453 37 139.7420620918274
418 72 337.54931592941284
450 40 255.87854409217834
443 47 238.20562386512756
459 31 207.5844485759735
429 61 333.5828127861023
446 44 281.2270791530609
472 18 184.0627360343933
449 41 205.89708018302917
441 49 208.72109818458557
474 16 143.50457644462585
443 47 192.1016354560852
426 64 252.0141851902008
446 44 225.83924627304077
425 65 290.40351700782776
442 48 251.002370595932
437 53 321.196435213089
456 34 191.7424075603485
446 44 219.26663970947266
458 32 172.51105427742004
441 49 196.9415843486786
446 44 224.4529631137848
490 0 143.37323665618896
447 43 216.49689173698425
453 37 179.76799845695496
465 25 162.29146647453308
430 60 225.05927062034607
425 65 256.9732162952423
462 28 208.03465843200684
453 37 212.8712933063507
442 48 240.52559208869934
480 10 162.9805507659912
433 57 276.6632254123688
466 24 175.390070438385
466 24 186.45979261398315
446 44 239.70368480682373
481 9 156.22498893737793
451 39 215.58110070228577
462 28 174.31707334518433
425 65 293.5442943572998
450 40 214.5188970565796
452 38 218.0750117301941
443 47 234.23760342597961
470 20 203.25556206703186
437 53 284.2322702407837
468 22 174.86827063560486
432 58 273.80517506599426
450 40 222.50748229026794
453 37 194.9864537715912
452 38 195.93823337554932
442 48 237.69422245025635
441 49 228.83132338523865
447 43 199.5235915184021
427 63 245.70519351959229
467 23 142.35601258277893
452 38 177.63216400146484
444 46 190.58017659187317
478 12 138.1872296333313
444 46 199.58098077774048
453 37 163.12401723861694
467 23 129.7775685787201
438 52 213.91651248931885
457 33 189.95084881782532
