45 0 0.4185793399810791
40 5 1.1521306037902832
45 0 0.4036402702331543
45 0 0.3924596309661865
45 0 0.37644505500793457
45 0 0.38445043563842773
45 0 0.39586591720581055
45 0 0.380443811416626
45 0 0.39545702934265137
45 0 0.3934028148651123
45 0 0.5456018447875977
45 0 0.5317211151123047
45 0 0.49012184143066406
45 0 0.5532021522521973
45 0 0.5101149082183838
45 0 0.5351197719573975
45 0 0.4180939197540283
45 0 0.612138032913208
45 0 0.5101144313812256
45 0 0.43909740447998047
45 0 0.5541243553161621
45 0 0.4390983581542969
45 0 0.5211172103881836
45 0 0.5271179676055908
45 0 0.49310922622680664
45 0 0.46210265159606934
45 0 0.4721071720123291
45 0 0.5721297264099121
45 0 0.5291182994842529
45 0 0.5191164016723633
45 0 0.46010303497314453
45 0 0.4811084270477295
45 0 0.6085419654846191
45 0 0.5915148258209229
45 0 0.7331655025482178
45 0 0.5661280155181885
45 0 0.5495738983154297
45 0 0.5561254024505615
45 0 0.5901334285736084
45 0 0.6481461524963379
45 0 0.5631270408630371
45 0 0.5781302452087402
45 0 0.6491470336914062
45 0 0.6891546249389648
45 0 0.7061586380004883
45 0 0.6921553611755371
45 0 0.6831538677215576
45 0 0.6721527576446533
45 0 0.71116042137146
45 0 0.6621484756469727
45 0 0.6541476249694824
45 0 0.6591486930847168
45 0 0.651146650314331
45 0 0.7031593322753906
45 0 0.740166187286377
45 0 0.843641996383667
45 0 0.7096679210662842
45 0 0.5771300792694092
45 0 0.6981573104858398
45 0 0.8525080680847168
45 0 0.6331419944763184
45 0 0.635143518447876
45 0 0.6221401691436768
45 0 0.6171391010284424
45 0 0.6571476459503174
45 0 0.640143871307373
45 0 0.6431443691253662
45 0 0.6451451778411865
45 0 0.60113525390625
45 0 0.6321423053741455
45 0 0.6761527061462402
45 0 0.6371433734893799
45 0 0.6771523952484131
45 0 0.6781527996063232
45 0 0.5011122226715088
45 0 0.48410916328430176
45 0 0.4671051502227783
45 0 0.6051363945007324
45 0 0.6341431140899658
45 0 0.6211392879486084
45 0 0.6291418075561523
45 0 0.4871094226837158
45 0 0.5671274662017822
45 0 0.434098482131958
45 0 0.5941340923309326
45 0 0.5321192741394043
45 0 0.6461448669433594
45 0 0.607135534286499
45 0 0.48610901832580566
45 0 0.6901555061340332
45 0 0.7601709365844727
45 0 0.60713791847229
45 0 0.5691280364990234
45 0 0.5011134147644043
45 0 0.6551480293273926
45 0 0.5711281299591064
45 0 0.6241409778594971
45 0 0.5081143379211426
45 0 0.4451003074645996
45 0 0.587132453918457
45 0 0.5471229553222656
45 0 0.5961341857910156
45 0 0.5811312198638916
45 0 0.54012131690979
