7 0 0.012003421783447266
7 0 0.016003847122192383
7 0 0.019004106521606445
7 0 0.01400303840637207
7 0 0.01200246810913086
7 0 0.013003826141357422
7 0 0.014002799987792969
7 0 0.016002655029296875
7 0 0.014003276824951172
7 0 0.015001773834228516
7 0 0.019004106521606445
7 0 0.028004884719848633
7 0 0.01900458335876465
7 0 0.022004365921020508
7 0 0.02700662612915039
7 0 0.0200040340423584
7 0 0.025005817413330078
7 0 0.02400493621826172
7 0 0.0200042724609375
7 0 0.0200045108795166
7 0 0.01800370216369629
7 0 0.0200042724609375
7 0 0.017003774642944336
7 0 0.02200460433959961
7 0 0.020003080368041992
7 0 0.022004127502441406
7 0 0.022005558013916016
7 0 0.018003463745117188
7 0 0.017003774642944336
7 0 0.018003463745117188
7 0 0.018004894256591797
7 0 0.06301546096801758
7 0 0.022005081176757812
7 0 0.019003868103027344
7 0 0.02300429344177246
7 0 0.020003557205200195
7 0 0.016003131866455078
7 0 0.01600360870361328
7 0 0.01800394058227539
7 0 0.01900339126586914
7 0 0.023005247116088867
7 0 0.017003297805786133
7 0 0.022005081176757812
7 0 0.022005796432495117
7 0 0.019004106521606445
7 0 0.024004697799682617
7 0 0.01700305938720703
7 0 0.019004106521606445
7 0 0.022005319595336914
7 0 0.015003442764282227
7 0 0.01900458335876465
7 0 0.021004676818847656
7 0 0.01600360870361328
7 0 0.0200042724609375
7 0 0.017003774642944336
7 0 0.022005319595336914
7 0 0.0200045108795166
7 0 0.017002344131469727
7 0 0.02200460433959961
7 0 0.01900482177734375
7 0 0.021005868911743164
7 0 0.01800394058227539
7 0 0.020003795623779297
7 0 0.026006221771240234
7 0 0.03500723838806152
7 0 0.021004199981689453
7 0 0.01800394058227539
7 0 0.018004417419433594
7 0 0.02200484275817871
7 0 0.016002893447875977
