28 0 0.1580357551574707
28 0 0.1670370101928711
28 0 0.15203499794006348
28 0 0.1670370101928711
28 0 0.16205358505249023
28 0 0.15703511238098145
28 0 0.16303658485412598
28 0 0.15703439712524414
28 0 0.16803717613220215
28 0 0.1560359001159668
28 0 0.24687671661376953
28 0 0.22821903228759766
28 0 0.21094107627868652
28 0 0.27317214012145996
28 0 0.18341922760009766
28 0 0.2810065746307373
28 0 0.2489025592803955
28 0 0.16298747062683105
28 0 0.24492192268371582
28 0 0.17322134971618652
28 0 0.21623635292053223
28 0 0.25194430351257324
28 0 0.2455461025238037
28 0 0.2568492889404297
28 0 0.2569699287414551
28 0 0.23967289924621582
28 0 0.2530701160430908
28 0 0.27106142044067383
28 0 0.23403024673461914
28 0 0.25347471237182617
28 0 0.2520565986633301
28 0 0.26605939865112305
28 0 0.2360544204711914
28 0 0.24605488777160645
28 0 0.2380526065826416
28 0 0.2580583095550537
28 0 0.25305700302124023
28 0 0.23205232620239258
28 0 0.24805665016174316
28 0 0.251056432723999
28 0 0.24605536460876465
28 0 0.25005626678466797
28 0 0.2710607051849365
28 0 0.22004938125610352
28 0 0.2360515594482422
28 0 0.2510645389556885
28 0 0.2470567226409912
28 0 0.23105287551879883
28 0 0.2780628204345703
28 0 0.24605512619018555
28 0 0.24411630630493164
28 0 0.2674524784088135
28 0 0.2970888614654541
28 0 0.24312567710876465
28 0 0.2310783863067627
28 0 0.2395458221435547
28 0 0.28134703636169434
28 0 0.2920658588409424
28 0 0.2407982349395752
28 0 0.2540555000305176
28 0 0.24016094207763672
28 0 0.2726719379425049
28 0 0.2880692481994629
28 0 0.2747340202331543
28 0 0.2641599178314209
28 0 0.20192980766296387
28 0 0.21710610389709473
28 0 0.22342681884765625
28 0 0.2668728828430176
28 0 0.2711796760559082
28 0 0.21104645729064941
28 0 0.27306103706359863
28 0 0.2490553855895996
28 0 0.23105239868164062
28 0 0.24505352973937988
28 0 0.2610585689544678
28 0 0.18804240226745605
28 0 0.2560582160949707
28 0 0.2360539436340332
28 0 0.25505805015563965
28 0 0.2490558624267578
28 0 0.2610597610473633
28 0 0.2140486240386963
28 0 0.21204805374145508
28 0 0.1760396957397461
28 0 0.25305676460266113
28 0 0.17904019355773926
28 0 0.24005365371704102
28 0 0.25505828857421875
28 0 0.2470552921295166
28 0 0.1760399341583252
28 0 0.1800401210784912
28 0 0.2520568370819092
28 0 0.22305011749267578
28 0 0.19204306602478027
28 0 0.2560577392578125
28 0 0.22605085372924805
28 0 0.25305700302124023
28 0 0.24305438995361328
28 0 0.2670600414276123
