0 28 0.09202170372009277
0 28 0.09202027320861816
0 28 0.09202098846435547
0 28 0.09302473068237305
0 28 0.09202051162719727
0 28 0.09101986885070801
0 28 0.09402036666870117
0 28 0.09102010726928711
0 28 0.09202003479003906
0 28 0.09102010726928711
0 28 0.12700939178466797
0 28 0.13095498085021973
0 28 0.15096020698547363
0 28 0.12288546562194824
0 28 0.11701560020446777
0 28 0.12691926956176758
0 28 0.11492371559143066
0 28 0.150923490524292
0 28 0.15511870384216309
0 28 0.11691951751708984
0 28 0.15103459358215332
0 28 0.15003371238708496
0 28 0.14503979682922363
0 28 0.1470329761505127
0 28 0.1560347080230713
0 28 0.14172577857971191
0 28 0.14797043800354004
0 28 0.1252913475036621
0 28 0.14828157424926758
0 28 0.11306643486022949
0 28 0.1450333595275879
0 28 0.13502955436706543
0 28 0.1470332145690918
0 28 0.15303444862365723
0 28 0.1410350799560547
0 28 0.13903164863586426
0 28 0.14020609855651855
0 28 0.14103174209594727
0 28 0.138031005859375
0 28 0.1510331630706787
0 28 0.14203262329101562
0 28 0.14603328704833984
0 28 0.15310883522033691
0 28 0.1580357551574707
0 28 0.13903164863586426
0 28 0.13903117179870605
0 28 0.15304064750671387
0 28 0.1490328311920166
0 28 0.149033784866333
0 28 0.12802958488464355
0 28 0.15503454208374023
0 28 0.13720369338989258
0 28 0.15247249603271484
0 28 0.13555455207824707
0 28 0.1466078758239746
0 28 0.1462709903717041
0 28 0.13349556922912598
0 28 0.15241265296936035
0 28 0.13471293449401855
0 28 0.1560349464416504
0 28 0.14092803001403809
0 28 0.14333248138427734
0 28 0.16303682327270508
0 28 0.15203428268432617
0 28 0.13862347602844238
0 28 0.15601515769958496
0 28 0.1549077033996582
0 28 0.11290740966796875
0 28 0.1447906494140625
0 28 0.16303682327270508
