160 0 5.906758069992065
160 0 5.920959711074829
160 0 5.959285497665405
160 0 5.782878875732422
160 0 5.9706220626831055
160 0 5.903378009796143
160 0 5.626669645309448
160 0 5.783926248550415
160 0 5.8088600635528564
160 0 5.737045764923096
160 0 6.018186569213867
160 0 8.011800289154053
160 0 8.187845468521118
160 0 5.9513421058654785
160 0 7.311150074005127
160 0 7.602499723434448
160 0 7.697261810302734
160 0 7.023151874542236
160 0 7.4106268882751465
160 0 7.13030743598938
160 0 7.585511922836304
160 0 7.4477715492248535
160 0 7.78174901008606
160 0 7.117563009262085
160 0 8.084919929504395
160 0 8.331226587295532
160 0 8.37144660949707
160 0 8.342432260513306
160 0 8.332612991333008
160 0 8.722469329833984
160 0 9.49570107460022
160 0 9.454213619232178
160 0 9.8632230758667
160 0 9.527014017105103
160 0 9.196072340011597
160 0 9.264087438583374
160 0 9.342105150222778
156 4 11.060605764389038
160 0 8.86704683303833
160 0 8.75497317314148
160 0 9.117097854614258
160 0 8.855995893478394
160 0 8.742355823516846
160 0 9.540912628173828
160 0 8.182844638824463
160 0 8.544557809829712
160 0 8.69872784614563
160 0 8.869855642318726
160 0 8.687339067459106
160 0 8.338931560516357
160 0 8.585820198059082
160 0 8.22981572151184
160 0 7.940183401107788
160 0 8.891587257385254
160 0 8.352545499801636
160 0 7.708310842514038
160 0 8.237544536590576
160 0 8.39828372001648
160 0 8.101567506790161
160 0 7.70254373550415
160 0 8.639450311660767
160 0 7.858886957168579
160 0 8.272541284561157
160 0 8.092494487762451
160 0 7.690688848495483
160 0 7.879890203475952
160 0 8.067283391952515
160 0 8.005882501602173
160 0 8.449898719787598
160 0 8.19020700454712
160 0 8.065019130706787
160 0 8.33945894241333
160 0 7.858566999435425
160 0 8.483505249023438
160 0 8.227808952331543
160 0 7.474393367767334
160 0 7.346135139465332
160 0 7.70503568649292
160 0 8.126004934310913
160 0 7.432326555252075
160 0 7.620002746582031
160 0 7.58043646812439
160 0 8.330158472061157
160 0 8.253714799880981
160 0 8.054756879806519
160 0 8.484912157058716
160 0 8.49541974067688
160 0 8.672065258026123
160 0 8.593233346939087
160 0 8.379888534545898
160 0 8.520920038223267
160 0 8.29288387298584
160 0 8.88300108909607
160 0 8.648424863815308
160 0 8.847250938415527
160 0 8.322697639465332
160 0 8.425768375396729
160 0 8.400174140930176
160 0 8.880000591278076
160 0 8.744970798492432
160 0 8.285719394683838
160 0 8.288928985595703
160 0 9.253085374832153
160 0 8.631919384002686
160 0 8.899003982543945
