28 0 0.19104313850402832
28 0 0.2540571689605713
28 0 0.1938016414642334
28 0 0.16103577613830566
28 0 0.20404553413391113
28 0 0.23705339431762695
28 0 0.1870417594909668
28 0 0.2380526065826416
28 0 0.1760389804840088
28 0 0.18201446533203125
28 0 0.28098106384277344
28 0 0.3049952983856201
28 0 0.341144323348999
28 0 0.2730400562286377
28 0 0.3290588855743408
28 0 0.24301481246948242
28 0 0.30698442459106445
28 0 0.3190734386444092
28 0 0.3129305839538574
28 0 0.3389713764190674
28 0 0.26663780212402344
28 0 0.35732436180114746
28 0 0.2598855495452881
28 0 0.2530994415283203
28 0 0.24121665954589844
28 0 0.3075265884399414
28 0 0.3497498035430908
28 0 0.3092184066772461
28 0 0.2584054470062256
28 0 0.30599331855773926
28 0 0.247056245803833
28 0 0.305067777633667
28 0 0.31306982040405273
28 0 0.2940652370452881
28 0 0.2470555305480957
28 0 0.41709327697753906
28 0 0.3080742359161377
28 0 0.29006481170654297
28 0 0.30844688415527344
28 0 0.29506635665893555
28 0 0.3021526336669922
28 0 0.3430769443511963
28 0 0.29706692695617676
28 0 0.3277590274810791
28 0 0.3540787696838379
28 0 0.3530917167663574
28 0 0.34207701683044434
28 0 0.31006956100463867
28 0 0.37793993949890137
28 0 0.3940892219543457
28 0 0.274061918258667
28 0 0.2490558624267578
28 0 0.30896759033203125
28 0 0.2468428611755371
28 0 0.3444035053253174
28 0 0.39658594131469727
28 0 0.3040633201599121
28 0 0.37508440017700195
28 0 0.41606712341308594
28 0 0.3210716247558594
28 0 0.29906725883483887
28 0 0.30045032501220703
28 0 0.2646653652191162
28 0 0.3865489959716797
28 0 0.3290736675262451
28 0 0.2669651508331299
28 0 0.3450326919555664
28 0 0.2509303092956543
28 0 0.2789022922515869
28 0 0.35099148750305176
