1 39 0.20850801467895508
1 39 0.20947813987731934
1 39 0.21004700660705566
1 39 0.20701122283935547
1 39 0.21204710006713867
1 39 0.20659470558166504
1 39 0.2070469856262207
1 39 0.2070906162261963
1 39 0.20409703254699707
1 39 0.2071983814239502
1 39 0.2582998275756836
1 39 0.3367917537689209
1 39 0.31029200553894043
1 39 0.32355690002441406
1 39 0.3237426280975342
1 39 0.28786301612854004
1 39 0.3250727653503418
1 39 0.32407236099243164
1 39 0.30767321586608887
1 39 0.24308013916015625
1 39 0.33872294425964355
1 39 0.2947869300842285
1 39 0.2987227439880371
1 39 0.2453453540802002
1 39 0.284290075302124
1 39 0.3400843143463135
1 39 0.3300817012786865
1 39 0.3460848331451416
1 39 0.27518773078918457
1 39 0.33103466033935547
1 39 0.3232276439666748
1 39 0.3050687313079834
1 39 0.3450772762298584
1 39 0.31907200813293457
1 39 0.31507039070129395
1 39 0.3120689392089844
1 39 0.29902052879333496
1 39 0.3199734687805176
1 39 0.3340747356414795
1 39 0.31847715377807617
1 39 0.3270745277404785
1 39 0.31507110595703125
1 39 0.32207250595092773
1 39 0.31907176971435547
1 39 0.32207298278808594
1 39 0.33059239387512207
1 39 0.32807397842407227
1 39 0.3000679016113281
1 39 0.3175845146179199
1 39 0.28606438636779785
1 39 0.25450658798217773
1 39 0.3160712718963623
1 39 0.3510782718658447
1 39 0.3340754508972168
1 39 0.3160707950592041
1 39 0.3480823040008545
1 39 0.33107471466064453
1 39 0.32607340812683105
1 39 0.34514760971069336
1 39 0.31507110595703125
1 39 0.31907176971435547
1 39 0.30606889724731445
1 39 0.3340747356414795
1 39 0.3200721740722656
1 39 0.3270738124847412
1 39 0.3185842037200928
1 39 0.3022615909576416
1 39 0.3384547233581543
1 39 0.3040754795074463
1 39 0.3472566604614258
