18 0 0.1310286521911621
18 0 0.12903928756713867
18 0 0.1290285587310791
18 0 0.13204455375671387
18 0 0.13202905654907227
18 0 0.13204121589660645
18 0 0.136030912399292
18 0 0.1310286521911621
18 0 0.1290285587310791
18 0 0.1330413818359375
18 0 0.15503501892089844
18 0 0.21104693412780762
18 0 0.20104646682739258
18 0 0.17003798484802246
18 0 0.20804643630981445
18 0 0.15003275871276855
18 0 0.19104409217834473
18 0 0.15528416633605957
18 0 0.14503240585327148
18 0 0.19904375076293945
18 0 0.1850416660308838
18 0 0.17404532432556152
18 0 0.1890425682067871
18 0 0.20504426956176758
18 0 0.19404220581054688
18 0 0.20104503631591797
18 0 0.16603755950927734
18 0 0.20504522323608398
18 0 0.21204900741577148
18 0 0.15903401374816895
18 0 0.185042142868042
18 0 0.20304536819458008
18 0 0.21904969215393066
18 0 0.16203618049621582
18 0 0.16303753852844238
18 0 0.1990523338317871
18 0 0.17203903198242188
18 0 0.20004510879516602
18 0 0.176039457321167
18 0 0.1960442066192627
18 0 0.17401695251464844
18 0 0.17979884147644043
18 0 0.1941671371459961
18 0 0.1960432529449463
18 0 0.20204448699951172
18 0 0.18404197692871094
18 0 0.17203760147094727
18 0 0.14203143119812012
18 0 0.16803789138793945
18 0 0.16603708267211914
18 0 0.16403746604919434
18 0 0.1600360870361328
18 0 0.14103221893310547
18 0 0.13608336448669434
18 0 0.18204069137573242
18 0 0.14103102684020996
18 0 0.14303183555603027
18 0 0.15403461456298828
18 0 0.14403223991394043
18 0 0.13703083992004395
18 0 0.19504380226135254
18 0 0.20804715156555176
18 0 0.16103601455688477
18 0 0.19304442405700684
18 0 0.15203499794006348
18 0 0.169036865234375
18 0 0.14203143119812012
18 0 0.22204995155334473
18 0 0.16103553771972656
18 0 0.14703369140625
18 0 0.1780397891998291
18 0 0.15603208541870117
18 0 0.21104764938354492
18 0 0.21304774284362793
18 0 0.15703487396240234
18 0 0.20104503631591797
18 0 0.16403651237487793
18 0 0.21004724502563477
18 0 0.20604610443115234
18 0 0.1820392608642578
18 0 0.21104741096496582
18 0 0.14503264427185059
18 0 0.2000443935394287
18 0 0.16503691673278809
18 0 0.19004273414611816
18 0 0.23005080223083496
18 0 0.15403389930725098
18 0 0.2000439167022705
18 0 0.176039457321167
18 0 0.20504498481750488
18 0 0.20104479789733887
18 0 0.21204638481140137
18 0 0.16203546524047852
18 0 0.21304845809936523
18 0 0.1580352783203125
18 0 0.21004700660705566
18 0 0.2600584030151367
18 0 0.1940441131591797
18 0 0.16103601455688477
18 0 0.19504308700561523
