360 0 62.98702907562256
360 0 81.04643774032593
360 0 61.35629439353943
360 0 67.55604648590088
360 0 97.9793438911438
360 0 193.43296933174133
360 0 125.73426842689514
360 0 110.94694805145264
360 0 97.561350107193
360 0 104.2968077659607
360 0 100.8389847278595
355 5 75.37069416046143
360 0 86.4596221446991
360 0 62.52922987937927
360 0 66.36290764808655
360 0 61.57722473144531
360 0 76.66894054412842
360 0 75.79295802116394
360 0 82.82726120948792
360 0 94.98685574531555
360 0 91.22201800346375
360 0 70.58390808105469
360 0 61.943960189819336
360 0 66.85599446296692
360 0 61.85293960571289
360 0 71.07401704788208
360 0 102.94238591194153
360 0 95.62460422515869
360 0 104.05745053291321
360 0 87.20865392684937
360 0 91.75770401954651
360 0 105.59500980377197
360 0 89.60680675506592
360 0 83.45347785949707
360 0 97.24023604393005
360 0 84.96908187866211
360 0 82.31692504882812
360 0 85.627934217453
360 0 80.15653419494629
360 0 82.58179950714111
360 0 74.82837104797363
360 0 70.62637162208557
360 0 91.8038284778595
360 0 104.05120539665222
360 0 101.70048713684082
360 0 94.62209987640381
360 0 103.33472347259521
360 0 108.06269001960754
360 0 95.01912713050842
360 0 84.79619693756104
360 0 88.51303839683533
360 0 93.45815706253052
360 0 85.38632917404175
360 0 94.83847045898438
360 0 82.38620352745056
360 0 74.47090792655945
360 0 107.47863459587097
360 0 103.67860150337219
360 0 115.511150598526
360 0 91.8978042602539
360 0 93.77316689491272
360 0 94.64142537117004
360 0 93.06744527816772
360 0 89.68022584915161
360 0 90.29433608055115
360 0 102.05248188972473
360 0 96.26264333724976
360 0 94.24334526062012
360 0 104.95726275444031
360 0 100.8476767539978
360 0 89.26424789428711
360 0 114.60328888893127
