8 90 5.887533187866211
8 90 5.919268608093262
8 90 5.877166509628296
8 90 5.977782964706421
8 90 6.1717894077301025
8 90 5.967970609664917
8 90 5.9720776081085205
8 90 6.036577939987183
8 90 5.9484381675720215
8 90 5.874635457992554
8 90 5.963019847869873
8 90 6.046810626983643
8 90 6.061366558074951
8 90 5.908330917358398
8 90 5.920119285583496
8 90 6.351858854293823
8 90 6.192468643188477
8 90 5.931027173995972
8 90 5.937336683273315
8 90 5.9197728633880615
8 90 9.108066082000732
8 90 9.103415966033936
8 90 9.566930532455444
8 90 8.717596530914307
