72 0 1.6293671131134033
72 0 1.663374900817871
72 0 2.3705332279205322
72 0 2.459582567214966
72 0 2.5656654834747314
72 0 2.413543701171875
72 0 2.5099081993103027
72 0 2.486560344696045
72 0 2.4335482120513916
72 0 2.428955078125
72 0 2.4197981357574463
72 0 2.7956326007843018
72 0 2.6321091651916504
72 0 2.837639331817627
72 0 2.945664882659912
72 0 2.8926520347595215
72 0 2.660599708557129
72 0 2.713271379470825
72 0 2.6427383422851562
72 0 2.6496081352233887
72 0 2.6445958614349365
72 0 2.587583541870117
72 0 3.4347739219665527
72 0 2.718069553375244
72 0 2.9361672401428223
72 0 2.859644651412964
72 0 2.869645833969116
72 0 2.7686235904693604
72 0 2.7456185817718506
72 0 2.85264253616333
72 0 2.8826491832733154
72 0 2.9176576137542725
72 0 2.9556660652160645
72 0 2.8591501712799072
72 0 2.7976300716400146
72 0 2.793630599975586
72 0 2.6981201171875
72 0 2.7416181564331055
72 0 2.9306604862213135
72 0 2.9406626224517822
72 0 2.9193105697631836
72 0 2.881648540496826
72 0 2.989673376083374
72 0 3.489786386489868
72 0 2.8416402339935303
72 0 2.9216575622558594
72 0 2.832091808319092
72 0 3.5327954292297363
72 0 3.113206624984741
72 0 2.9466636180877686
72 0 2.843639612197876
72 0 2.843640089035034
72 0 2.7476186752319336
72 0 2.602590322494507
72 0 2.7276175022125244
72 0 2.639594793319702
72 0 2.6105880737304688
72 0 2.5865821838378906
72 0 2.70161509513855
72 0 2.9076550006866455
72 0 2.9356610774993896
72 0 2.53957200050354
72 0 2.6183149814605713
72 0 2.677018880844116
72 0 2.669126510620117
72 0 2.725005626678467
72 0 2.573542833328247
72 0 2.6340439319610596
72 0 2.518216609954834
72 0 2.66210675239563
