8 0 0.02900552749633789
8 0 0.029005765914916992
8 0 0.02900552749633789
8 0 0.029006481170654297
8 0 0.029005765914916992
8 0 0.033010005950927734
8 0 0.029006004333496094
8 0 0.03600740432739258
8 0 0.02800583839416504
8 0 0.02800607681274414
8 0 0.03400754928588867
8 0 0.0380091667175293
8 0 0.03200674057006836
8 0 0.046900272369384766
8 0 0.04000663757324219
8 0 0.0400080680847168
8 0 0.04801177978515625
8 0 0.040009260177612305
8 0 0.04694318771362305
8 0 0.04601144790649414
8 0 0.04969525337219238
8 0 0.04400992393493652
8 0 0.040007829666137695
8 0 0.040009498596191406
8 0 0.04801177978515625
8 0 0.03600716590881348
8 0 0.040009498596191406
8 0 0.04913806915283203
8 0 0.04891014099121094
8 0 0.05732297897338867
8 0 0.039008140563964844
8 0 0.03900909423828125
8 0 0.046010494232177734
8 0 0.054012298583984375
8 0 0.05001187324523926
8 0 0.04400992393493652
8 0 0.037009477615356445
8 0 0.047009944915771484
8 0 0.04501080513000488
8 0 0.03900790214538574
8 0 0.045011281967163086
8 0 0.050011634826660156
8 0 0.04800987243652344
8 0 0.0390169620513916
8 0 0.042009592056274414
8 0 0.04801177978515625
8 0 0.04400992393493652
8 0 0.05101132392883301
8 0 0.052011728286743164
8 0 0.038008689880371094
8 0 0.05101132392883301
8 0 0.08872652053833008
8 0 0.048340797424316406
8 0 0.03728818893432617
8 0 0.0495152473449707
8 0 0.04622602462768555
8 0 0.05140495300292969
8 0 0.040970563888549805
8 0 0.04786062240600586
8 0 0.045513153076171875
8 0 0.040848731994628906
8 0 0.05004739761352539
8 0 0.046716928482055664
8 0 0.044144392013549805
8 0 0.045609235763549805
8 0 0.038825273513793945
8 0 0.04076242446899414
8 0 0.048011064529418945
8 0 0.04801011085510254
8 0 0.049010515213012695
8 0 0.052011966705322266
8 0 0.05001091957092285
8 0 0.04601097106933594
8 0 0.0510101318359375
8 0 0.05501270294189453
8 0 0.048011064529418945
8 0 0.04601025581359863
8 0 0.05501127243041992
8 0 0.052011728286743164
8 0 0.056012630462646484
8 0 0.0510106086730957
8 0 0.042009592056274414
8 0 0.05301165580749512
8 0 0.04900979995727539
8 0 0.05101132392883301
8 0 0.05001115798950195
8 0 0.05201125144958496
8 0 0.04600882530212402
8 0 0.05101132392883301
8 0 0.07501769065856934
8 0 0.049010276794433594
8 0 0.05001115798950195
8 0 0.04801058769226074
8 0 0.05201101303100586
8 0 0.04000735282897949
8 0 0.05001020431518555
8 0 0.04801011085510254
8 0 0.04501008987426758
8 0 0.04501056671142578
8 0 0.05201148986816406
