10 88 5.9831554889678955
10 88 5.9400622844696045
10 88 6.049857139587402
10 88 5.9346418380737305
10 88 5.956593990325928
10 88 5.91050910949707
10 88 5.892271280288696
10 88 5.994841814041138
10 88 5.979387521743774
10 88 6.058921813964844
10 88 6.036579370498657
10 88 6.100375175476074
10 88 6.3874382972717285
10 88 6.100058555603027
10 88 6.217768907546997
10 88 6.05536413192749
10 88 6.431009769439697
10 88 6.124389410018921
10 88 6.027264356613159
10 88 6.415445566177368
10 88 9.294526815414429
10 88 9.337729215621948
10 88 8.694883823394775
10 88 9.319089651107788
