245 0 20.80249309539795
245 0 21.163389682769775
245 0 21.01647138595581
245 0 20.629211902618408
245 0 20.432138919830322
245 0 21.002007722854614
245 0 20.651670455932617
245 0 20.60408091545105
245 0 21.663296222686768
245 0 20.844712018966675
245 0 28.687559127807617
245 0 27.204859972000122
245 0 27.188669443130493
245 0 28.217289924621582
245 0 33.00811052322388
245 0 29.77595567703247
245 0 27.791526079177856
245 0 26.640350818634033
245 0 27.374487161636353
245 0 27.638162851333618
245 0 28.71120834350586
245 0 28.002726793289185
245 0 29.788156747817993
245 0 31.18812656402588
245 0 34.42409133911133
245 0 34.37600493431091
245 0 34.27744960784912
245 0 35.18277072906494
245 0 34.3614981174469
245 0 32.276979207992554
245 0 31.7843234539032
245 0 31.928611516952515
245 0 31.735339879989624
245 0 29.71802568435669
