28 0 1.0922446250915527
28 0 0.6161394119262695
28 0 1.0462367534637451
28 0 0.8241860866546631
22 6 1.4063162803649902
28 0 0.8131828308105469
28 0 0.6371421813964844
28 0 0.6031365394592285
25 3 1.4379465579986572
23 5 1.4613289833068848
23 5 1.824052095413208
26 2 0.8772141933441162
28 0 1.1413960456848145
28 0 0.9991374015808105
28 0 0.7871553897857666
27 1 1.5892612934112549
26 2 1.2651901245117188
28 0 1.0931954383850098
28 0 0.7671277523040771
28 0 1.5346088409423828
28 0 1.3289010524749756
28 0 1.708428144454956
26 2 1.5335290431976318
28 0 1.3359966278076172
28 0 1.5276296138763428
25 3 1.4225444793701172
28 0 1.51918363571167
21 7 1.8279452323913574
28 0 0.9597148895263672
26 2 1.264298439025879
27 1 1.1662628650665283
24 4 1.7146458625793457
28 0 1.353304386138916
25 3 1.378310203552246
23 5 2.38319993019104
28 0 1.1292548179626465
26 2 2.3984532356262207
25 3 2.3695342540740967
28 0 1.0989749431610107
23 5 1.8874263763427734
27 1 1.3593060970306396
28 0 1.9234323501586914
28 0 0.9340555667877197
28 0 0.9197902679443359
28 0 1.8154096603393555
25 3 1.6533710956573486
28 0 0.967216968536377
28 0 1.150259017944336
22 6 2.1479525566101074
28 0 1.7683982849121094
24 4 1.048424482345581
28 0 1.0192294120788574
25 3 1.8861842155456543
28 0 1.2872378826141357
25 3 1.5556707382202148
28 0 0.8375792503356934
28 0 1.216956377029419
28 0 1.0083234310150146
28 0 2.196927309036255
28 0 1.3716394901275635
28 0 1.4459664821624756
28 0 1.9982385635375977
25 3 1.7305843830108643
28 0 1.7713305950164795
25 3 1.8003361225128174
28 0 1.658942699432373
28 0 1.1606097221374512
19 9 1.698509931564331
28 0 1.9291152954101562
28 0 0.8147921562194824
