78 2 2.4156477451324463
80 0 2.0075645446777344
80 0 2.02494215965271
80 0 1.954974889755249
80 0 2.0430097579956055
80 0 1.9476823806762695
80 0 2.071234703063965
80 0 2.054408311843872
80 0 1.9624953269958496
78 2 2.292900323867798
80 0 3.2737369537353516
80 0 3.1917190551757812
80 0 3.3304450511932373
80 0 3.126704454421997
80 0 3.2431790828704834
80 0 3.3067450523376465
80 0 3.254733085632324
80 0 3.3027470111846924
80 0 3.4277725219726562
80 0 3.262239694595337
77 3 5.1421592235565186
80 0 3.640324354171753
80 0 3.4837851524353027
80 0 3.5137927532196045
80 0 4.16793966293335
78 2 4.078919410705566
80 0 3.7792930603027344
80 0 3.438774824142456
80 0 3.5337963104248047
80 0 3.5508005619049072
80 0 3.445777416229248
80 0 3.5668036937713623
80 0 4.096924304962158
80 0 3.4837851524353027
80 0 3.7378427982330322
80 0 3.413769245147705
80 0 4.3169732093811035
78 2 4.254958868026733
80 0 3.933886766433716
80 0 3.503788948059082
77 3 4.8445985317230225
76 4 4.797080755233765
77 3 5.526245355606079
80 0 3.627817392349243
80 0 3.8698720932006836
80 0 4.120928764343262
80 0 3.359220504760742
80 0 3.5087904930114746
78 2 3.8568689823150635
80 0 3.447775363922119
80 0 3.9798965454101562
80 0 3.8978779315948486
80 0 4.859094619750977
80 0 3.9418885707855225
80 0 3.5918092727661133
80 0 4.3169732093811035
80 0 4.118928670883179
80 0 4.798080921173096
80 0 3.602811813354492
80 0 3.924884557723999
80 0 4.175940990447998
80 0 3.7278404235839844
77 3 5.500238656997681
78 2 4.124930143356323
80 0 3.869870901107788
80 0 4.130436658859253
80 0 4.448002099990845
80 0 4.693505764007568
80 0 4.771074533462524
80 0 3.665299892425537
80 0 3.100698471069336
80 0 3.0242748260498047
78 2 3.551800489425659
80 0 3.0144267082214355
80 0 2.9586663246154785
80 0 3.001459836959839
80 0 3.065690279006958
80 0 3.0731563568115234
80 0 3.0676913261413574
78 2 3.2820358276367188
80 0 2.9446637630462646
80 0 3.0386836528778076
80 0 3.0536882877349854
80 0 3.034684658050537
80 0 3.0365309715270996
80 0 2.986673355102539
80 0 2.96348237991333
80 0 2.8646457195281982
80 0 3.110133647918701
80 0 2.967668294906616
80 0 3.0316832065582275
74 6 5.819311618804932
80 0 3.040684938430786
80 0 2.911655902862549
80 0 3.074692964553833
80 0 2.971670389175415
80 0 3.0441527366638184
80 0 3.0446860790252686
78 2 3.2393038272857666
80 0 2.7056095600128174
