28 0 0.1800394058227539
28 0 0.16903924942016602
28 0 0.18304061889648438
28 0 0.1670370101928711
28 0 0.18304109573364258
28 0 0.17003870010375977
28 0 0.17503905296325684
28 0 0.17703890800476074
28 0 0.17203831672668457
28 0 0.17704033851623535
28 0 0.2911207675933838
28 0 0.21109485626220703
28 0 0.23694586753845215
28 0 0.27326059341430664
28 0 0.2249894142150879
28 0 0.26710033416748047
28 0 0.23419976234436035
28 0 0.2711009979248047
28 0 0.19107770919799805
28 0 0.2610588073730469
28 0 0.2780003547668457
28 0 0.25461339950561523
28 0 0.27370786666870117
28 0 0.27268195152282715
28 0 0.24302220344543457
28 0 0.19652056694030762
28 0 0.2194538116455078
28 0 0.2947697639465332
28 0 0.28505921363830566
28 0 0.26806044578552246
28 0 0.2740612030029297
28 0 0.252056360244751
28 0 0.26606011390686035
28 0 0.3000674247741699
28 0 0.27306175231933594
28 0 0.2510569095611572
28 0 0.26806068420410156
28 0 0.26605987548828125
28 0 0.2720620632171631
28 0 0.29906725883483887
28 0 0.2780628204345703
28 0 0.2580580711364746
28 0 0.2850637435913086
28 0 0.25705790519714355
28 0 0.2610588073730469
28 0 0.2980668544769287
28 0 0.25505757331848145
28 0 0.2504124641418457
28 0 0.3000674247741699
28 0 0.2720613479614258
28 0 0.2970092296600342
28 0 0.27906298637390137
28 0 0.27301645278930664
28 0 0.2706320285797119
28 0 0.2873854637145996
28 0 0.29155993461608887
28 0 0.23505139350891113
28 0 0.2885148525238037
28 0 0.29988598823547363
28 0 0.25631260871887207
28 0 0.2539341449737549
28 0 0.28931379318237305
28 0 0.2581350803375244
28 0 0.258681058883667
28 0 0.23295331001281738
28 0 0.28897547721862793
28 0 0.25103187561035156
28 0 0.285280704498291
28 0 0.3572404384613037
28 0 0.2806546688079834
