5 0 0.005545139312744141
5 0 0.008001327514648438
5 0 0.007001638412475586
5 0 0.008000850677490234
5 0 0.00600123405456543
5 0 0.00800013542175293
5 0 0.007001161575317383
5 0 0.006000518798828125
5 0 0.0060002803802490234
5 0 0.008001089096069336
5 0 0.014002084732055664
5 0 0.018001556396484375
5 0 0.015001535415649414
5 0 0.00800180435180664
5 0 0.014002799987792969
5 0 0.013001680374145508
5 0 0.008001327514648438
5 0 0.010002613067626953
5 0 0.007001161575317383
5 0 0.007002115249633789
5 0 0.01400303840637207
5 0 0.010001897811889648
5 0 0.01200246810913086
5 0 0.007000923156738281
5 0 0.009001970291137695
5 0 0.010001659393310547
5 0 0.0070018768310546875
5 0 0.01000213623046875
5 0 0.010000467300415039
5 0 0.012003421783447266
5 0 0.008001327514648438
5 0 0.009001016616821289
5 0 0.010001659393310547
5 0 0.012003183364868164
5 0 0.010001659393310547
5 0 0.007001161575317383
5 0 0.009001731872558594
5 0 0.00700068473815918
5 0 0.010001897811889648
5 0 0.010002374649047852
5 0 0.010001659393310547
5 0 0.013003110885620117
5 0 0.01000213623046875
5 0 0.010002374649047852
5 0 0.007001399993896484
5 0 0.010001420974731445
5 0 0.013004064559936523
5 0 0.01300191879272461
5 0 0.014002799987792969
5 0 0.01200246810913086
5 0 0.010000944137573242
5 0 0.007002115249633789
5 0 0.011002063751220703
5 0 0.009001493453979492
5 0 0.010002374649047852
5 0 0.012001991271972656
5 0 0.012002229690551758
5 0 0.013003349304199219
5 0 0.009001970291137695
5 0 0.013002634048461914
5 0 0.010001897811889648
5 0 0.010002613067626953
5 0 0.008001565933227539
5 0 0.01300048828125
5 0 0.010001182556152344
5 0 0.013002872467041016
5 0 0.00800180435180664
5 0 0.011002063751220703
5 0 0.01000213623046875
5 0 0.009002685546875
