160 0 7.27270770072937
160 0 7.371872663497925
160 0 7.396410226821899
160 0 7.548767805099487
160 0 7.425060033798218
160 0 7.133082151412964
160 0 7.21718692779541
160 0 7.0017266273498535
160 0 7.249413728713989
160 0 7.055547475814819
160 0 9.856221199035645
160 0 10.36733627319336
160 0 9.035036325454712
160 0 7.9677958488464355
160 0 7.8023693561553955
160 0 8.968663692474365
160 0 9.85629391670227
160 0 9.437659740447998
160 0 9.47397780418396
160 0 9.337039709091187
160 0 8.40437626838684
160 0 10.025059700012207
160 0 8.9794602394104
160 0 10.296962976455688
160 0 10.073755979537964
160 0 10.03195333480835
160 0 10.983409643173218
160 0 10.846942901611328
160 0 10.887428045272827
160 0 12.071318626403809
160 0 11.562606573104858
160 0 11.574685335159302
160 0 11.305548191070557
160 0 11.45103645324707
160 0 12.164956331253052
160 0 11.948385000228882
160 0 12.302906036376953
160 0 11.347656726837158
160 0 11.068331003189087
160 0 12.35542893409729
160 0 11.690794467926025
160 0 11.317394733428955
160 0 11.177518606185913
160 0 10.921910047531128
160 0 11.782732963562012
160 0 10.43506932258606
160 0 10.591532468795776
160 0 10.290897369384766
160 0 11.754969358444214
160 0 10.826689958572388
160 0 10.432065963745117
160 0 10.233861207962036
160 0 12.031265020370483
