30 68 4.129662752151489
30 68 4.2102978229522705
30 68 4.2084574699401855
30 68 4.161419630050659
30 68 4.179321527481079
30 68 4.276989936828613
30 68 4.204428195953369
30 68 4.144927978515625
30 68 4.17420220375061
30 68 4.180737018585205
30 68 4.244967937469482
30 68 4.239246606826782
30 68 4.311981201171875
30 68 4.260195970535278
30 68 4.357991695404053
30 68 4.460005283355713
30 68 4.397990942001343
30 68 4.229243755340576
30 68 4.340977430343628
30 68 4.3791890144348145
30 68 6.003352642059326
30 68 6.432449102401733
30 68 5.872017860412598
30 68 6.609210014343262
