7 0 0.04200935363769531
7 0 0.03501129150390625
7 0 0.05601382255554199
7 0 0.04410052299499512
7 0 0.05101156234741211
7 0 0.04200911521911621
7 0 0.039008378982543945
7 0 0.05001068115234375
7 0 0.041008949279785156
7 0 0.06501507759094238
7 0 0.041008949279785156
7 0 0.05201077461242676
7 0 0.05401182174682617
7 0 0.06501460075378418
7 0 0.07501769065856934
7 0 0.029632568359375
7 0 0.06401467323303223
7 0 0.05601239204406738
7 0 0.05301237106323242
7 0 0.11402559280395508
7 0 0.06301379203796387
7 0 0.050011634826660156
7 0 0.06700015068054199
7 0 0.06795525550842285
7 0 0.060013532638549805
7 0 0.050011396408081055
7 0 0.06601428985595703
7 0 0.07701826095581055
7 0 0.05901193618774414
7 0 0.06001424789428711
7 0 0.12302803993225098
7 0 0.0980234146118164
7 0 0.05301165580749512
7 0 0.0780172348022461
7 0 0.06301379203796387
7 0 0.049010515213012695
7 0 0.1000220775604248
7 0 0.06801533699035645
7 0 0.05101132392883301
7 0 0.058013200759887695
7 0 0.06601428985595703
7 0 0.05401158332824707
7 0 0.09502148628234863
7 0 0.07701683044433594
7 0 0.07501792907714844
7 0 0.06501460075378418
7 0 0.07101607322692871
7 0 0.0690150260925293
7 0 0.04400920867919922
7 0 0.05901312828063965
7 0 0.06601428985595703
7 0 0.050011396408081055
7 0 0.05201125144958496
7 0 0.050011396408081055
7 0 0.0800180435180664
7 0 0.06301355361938477
7 0 0.09102034568786621
7 0 0.07101607322692871
7 0 0.06401467323303223
7 0 0.0980229377746582
7 0 0.06501436233520508
7 0 0.07901763916015625
7 0 0.07201576232910156
7 0 0.04601025581359863
7 0 0.06601476669311523
7 0 0.040009498596191406
7 0 0.052017927169799805
7 0 0.08902096748352051
7 0 0.06801486015319824
7 0 0.05501246452331543
