175 0 10.31047248840332
163 12 15.048481702804565
175 0 10.515780687332153
175 0 10.333042860031128
166 9 14.45465087890625
168 7 11.221117496490479
175 0 10.884607315063477
175 0 15.029386758804321
175 0 12.931914567947388
175 0 11.34055495262146
175 0 11.17051649093628
164 11 15.861938714981079
172 3 11.050020456314087
175 0 11.240523338317871
170 5 12.274766206741333
175 0 12.710421800613403
169 6 14.86542010307312
175 0 14.535068273544312
175 0 14.920003414154053
167 8 19.57376527786255
175 0 14.494052171707153
175 0 15.924882888793945
175 0 18.18091869354248
175 0 17.81265902519226
175 0 17.03511142730713
175 0 17.869348764419556
175 0 17.61104679107666
175 0 17.722283840179443
175 0 16.55757212638855
169 6 20.003504991531372
175 0 16.34341549873352
175 0 16.108830213546753
175 0 17.779730558395386
175 0 16.35553240776062
175 0 16.737380743026733
175 0 17.897838354110718
175 0 15.823092699050903
169 6 16.345823287963867
171 4 16.565550088882446
175 0 15.93020248413086
175 0 15.878445863723755
173 2 14.3763587474823
175 0 14.900695323944092
175 0 15.21999716758728
172 3 15.726868867874146
175 0 16.23448157310486
175 0 14.535364151000977
172 3 15.429481983184814
175 0 14.323782444000244
172 3 15.792104482650757
175 0 14.02985429763794
175 0 15.09891152381897
172 3 15.585898876190186
175 0 14.726717710494995
169 6 17.51354169845581
175 0 14.03096628189087
169 6 17.174290895462036
175 0 14.945061683654785
175 0 14.64053463935852
175 0 14.672546863555908
175 0 14.56584620475769
175 0 14.482262372970581
175 0 15.986890316009521
175 0 15.236744165420532
175 0 14.587356567382812
170 5 16.344528913497925
175 0 14.481303453445435
173 2 13.956787347793579
175 0 14.710712432861328
170 5 13.325146675109863
175 0 13.776466131210327
175 0 13.504774570465088
175 0 13.396570205688477
172 3 14.329598903656006
175 0 11.82757306098938
