17 81 6.844480752944946
17 81 6.79029655456543
17 81 6.787541389465332
17 81 6.8342180252075195
17 81 6.870431661605835
17 81 6.795715570449829
17 81 6.8090434074401855
17 81 6.768942356109619
17 81 6.83596658706665
17 81 6.816965103149414
17 81 6.927064418792725
17 81 6.971165418624878
17 81 6.992584943771362
17 81 6.802531719207764
17 81 6.819536924362183
17 81 7.2476325035095215
17 81 7.416670083999634
17 81 6.7524497509002686
17 81 6.984469652175903
17 81 6.871001243591309
17 81 10.1432363986969
17 81 10.57811450958252
17 81 10.397438287734985
17 81 10.620810747146606
17 81 6.976849794387817
17 81 6.914461374282837
17 81 6.887466669082642
17 81 6.880936861038208
