10 0 0.06301403045654297
10 0 0.05601191520690918
10 0 0.06400346755981445
10 0 0.05501222610473633
10 0 0.048011064529418945
10 0 0.06405830383300781
10 0 0.05101132392883301
10 0 0.0490572452545166
10 0 0.03900933265686035
10 0 0.04600930213928223
10 0 0.08701968193054199
10 0 0.11102509498596191
10 0 0.06501436233520508
10 0 0.08601951599121094
10 0 0.07901811599731445
10 0 0.11503958702087402
10 0 0.09402155876159668
10 0 0.05801248550415039
5 5 0.9760475158691406
10 0 0.08502006530761719
10 0 0.08900666236877441
10 0 0.06502389907836914
10 0 0.1090242862701416
5 5 2.2483859062194824
10 0 0.08401966094970703
10 0 0.09902310371398926
10 0 0.08401846885681152
10 0 0.06801557540893555
10 0 0.06101369857788086
10 0 0.06201338768005371
10 0 0.0710153579711914
10 0 0.09202051162719727
10 0 0.06701540946960449
10 0 0.07801628112792969
10 0 0.07601737976074219
10 0 0.07601618766784668
10 0 0.07501697540283203
10 0 0.0800180435180664
10 0 0.05901360511779785
10 0 0.07201623916625977
10 0 0.05101156234741211
10 0 0.08601093292236328
10 0 0.07901716232299805
10 0 0.07901787757873535
10 0 0.07701706886291504
7 3 1.1002473831176758
10 0 0.05301213264465332
10 0 0.0890188217163086
10 0 0.07001614570617676
6 4 0.7131600379943848
10 0 0.10102200508117676
10 0 0.12202763557434082
10 0 0.09102082252502441
10 0 0.09102272987365723
10 0 0.05401325225830078
10 0 0.0690157413482666
10 0 0.04801058769226074
10 0 0.0970304012298584
10 0 0.09302115440368652
10 0 0.09401988983154297
10 0 0.06601500511169434
10 0 0.11502599716186523
10 0 0.0890202522277832
10 0 0.06601476669311523
10 0 0.07098531723022461
10 0 0.0579683780670166
10 0 0.07101559638977051
10 0 0.07500529289245605
10 0 0.09402108192443848
10 0 0.0780174732208252
10 0 0.06601405143737793
