72 0 2.274503707885742
72 0 2.1254734992980957
72 0 3.3106770515441895
72 0 3.3224122524261475
72 0 3.2587337493896484
72 0 3.3057456016540527
72 0 3.37276029586792
72 0 3.3697593212127686
72 0 3.212428331375122
72 0 3.3267500400543213
72 0 3.6488940715789795
72 0 3.6312806606292725
72 0 3.800855875015259
72 0 3.477783679962158
72 0 3.909881353378296
72 0 3.5988118648529053
72 0 3.64432692527771
72 0 3.5698044300079346
72 0 3.4852421283721924
72 0 3.504240036010742
72 0 3.653822422027588
72 0 3.5788064002990723
72 0 3.9578921794891357
72 0 3.8828747272491455
72 0 3.760847806930542
72 0 3.6953377723693848
72 0 3.8068578243255615
72 0 3.66082501411438
72 0 3.79606032371521
72 0 4.057352542877197
72 0 3.732347249984741
72 0 3.8558688163757324
72 0 3.7308406829833984
72 0 3.988898515701294
72 0 3.865870952606201
72 0 4.191409111022949
72 0 3.7828574180603027
72 0 3.6708271503448486
72 0 3.888876438140869
72 0 4.03741455078125
72 0 3.9478893280029297
72 0 3.8733208179473877
72 0 4.0199198722839355
72 0 3.9283907413482666
72 0 3.862870693206787
72 0 3.895383596420288
72 0 3.836864709854126
72 0 4.811548709869385
72 0 3.9778964519500732
72 0 4.3069703578948975
72 0 3.8878767490386963
72 0 3.9168825149536133
72 0 3.8168599605560303
72 0 3.6858303546905518
72 0 3.576305389404297
72 0 3.5447988510131836
72 0 3.549799680709839
72 0 3.5437986850738525
72 0 3.6662917137145996
72 0 3.732347011566162
72 0 3.703833818435669
72 0 3.402766466140747
72 0 3.4851558208465576
72 0 3.47550106048584
72 0 3.4325478076934814
72 0 3.4465277194976807
72 0 3.4953267574310303
72 0 3.5514395236968994
72 0 3.5427520275115967
72 0 3.6578240394592285
