250 0 20.516942977905273
250 0 20.043447017669678
235 15 26.622480154037476
244 6 21.213234663009644
245 5 20.859084844589233
250 0 20.822693586349487
242 8 24.613679885864258
243 7 26.832499265670776
229 21 38.36150288581848
240 10 30.629364490509033
244 6 30.265586376190186
240 10 33.739094972610474
247 3 32.620630979537964
241 9 36.171319007873535
236 14 39.96721625328064
250 0 28.007503986358643
245 5 33.31015110015869
241 9 33.61032843589783
250 0 28.081327438354492
245 5 31.36506986618042
245 5 30.90196418762207
250 0 29.47438669204712
250 0 29.48253297805786
246 4 31.882851600646973
250 0 28.901832818984985
250 0 29.480403184890747
230 20 43.60953736305237
250 0 27.435784101486206
245 5 31.02006483078003
250 0 26.36862540245056
244 6 29.923674821853638
250 0 29.032137393951416
240 10 36.08816885948181
242 8 35.767578125
250 0 29.920922994613647
240 10 34.853790283203125
242 8 34.90859532356262
245 5 32.5413339138031
250 0 21.160294771194458
217 33 53.35369896888733
235 15 32.904077768325806
250 0 23.118210792541504
250 0 25.053645372390747
245 5 29.222585916519165
250 0 28.81449317932129
243 7 29.866281747817993
247 3 24.595985174179077
240 10 33.6631395816803
242 8 28.63245153427124
239 11 32.196255683898926
242 8 31.015505075454712
245 5 27.35508370399475
250 0 24.94778847694397
250 0 23.991450548171997
250 0 24.180354118347168
227 23 40.853169441223145
232 18 37.78453493118286
241 9 30.295597791671753
250 0 29.126375913619995
232 18 33.17080211639404
245 5 29.572370052337646
246 4 24.134364366531372
235 15 32.91938757896423
228 22 38.50351405143738
242 8 27.66980743408203
250 0 26.602705240249634
250 0 25.949003219604492
240 10 35.433096408843994
247 3 30.62287998199463
247 3 29.118955373764038
243 7 32.5522038936615
