8 0 0.01400136947631836
8 0 0.017002344131469727
8 0 0.014001131057739258
8 0 0.015003204345703125
8 0 0.01600337028503418
8 0 0.014001607894897461
8 0 0.013001680374145508
8 0 0.014002561569213867
8 0 0.01300191879272461
8 0 0.016002416610717773
8 0 0.01491236686706543
8 0 0.0200045108795166
8 0 0.02200484275817871
8 0 0.024006128311157227
8 0 0.0200045108795166
8 0 0.024005413055419922
8 0 0.021076202392578125
8 0 0.016002893447875977
8 0 0.016808271408081055
8 0 0.022005319595336914
8 0 0.0248110294342041
8 0 0.022832155227661133
8 0 0.02114272117614746
8 0 0.014002323150634766
8 0 0.014002561569213867
8 0 0.018003463745117188
8 0 0.02400517463684082
8 0 0.016794681549072266
8 0 0.022006511688232422
8 0 0.018003225326538086
8 0 0.025005102157592773
8 0 0.023008108139038086
8 0 0.018004179000854492
8 0 0.022003650665283203
8 0 0.023004770278930664
8 0 0.018004655838012695
8 0 0.01800394058227539
8 0 0.020004749298095703
8 0 0.022005081176757812
8 0 0.020004749298095703
8 0 0.02600550651550293
8 0 0.021004676818847656
8 0 0.01700305938720703
8 0 0.022005558013916016
8 0 0.024009227752685547
8 0 0.02200460433959961
8 0 0.0200045108795166
8 0 0.021004676818847656
8 0 0.028005361557006836
8 0 0.023005008697509766
8 0 0.02200484275817871
8 0 0.021624088287353516
8 0 0.02452993392944336
8 0 0.0177462100982666
8 0 0.023752212524414062
8 0 0.019084930419921875
8 0 0.020210742950439453
8 0 0.019650936126708984
8 0 0.01847052574157715
8 0 0.015417337417602539
8 0 0.024620532989501953
8 0 0.023869752883911133
8 0 0.02200484275817871
8 0 0.022652149200439453
8 0 0.024991750717163086
8 0 0.024639368057250977
8 0 0.015193462371826172
8 0 0.025005578994750977
8 0 0.02400517463684082
8 0 0.021004438400268555
