40 0 0.6795029640197754
40 0 0.6445553302764893
40 0 0.5591621398925781
40 0 0.5289652347564697
40 0 0.5551857948303223
40 0 0.7060408592224121
40 0 0.7052128314971924
40 0 0.5521848201751709
40 0 0.6972332000732422
40 0 0.5461564064025879
40 0 0.8330357074737549
40 0 0.7689998149871826
40 0 0.814286470413208
40 0 0.7929496765136719
40 0 0.9046170711517334
40 0 0.8875627517700195
40 0 0.6699807643890381
40 0 0.8203539848327637
40 0 0.7627298831939697
40 0 0.8112413883209229
40 0 0.9467720985412598
40 0 1.1942691802978516
40 0 0.8912103176116943
40 0 1.0458836555480957
40 0 0.9913575649261475
40 0 0.9282095432281494
40 0 0.8382091522216797
40 0 1.0193336009979248
40 0 0.8932089805603027
40 0 0.9652562141418457
40 0 0.8311870098114014
40 0 0.8631951808929443
40 0 0.8447170257568359
40 0 0.9512135982513428
40 0 0.925208330154419
40 0 0.9299700260162354
40 0 0.7461676597595215
40 0 0.9640970230102539
40 0 1.102248191833496
40 0 0.824185848236084
40 0 0.9162061214447021
40 0 0.9639973640441895
40 0 0.8521914482116699
40 0 0.8460049629211426
40 0 0.8651931285858154
40 0 0.9042038917541504
40 0 0.8331878185272217
40 0 1.0682406425476074
40 0 0.9742190837860107
40 0 0.8581938743591309
40 0 0.7341654300689697
40 0 0.6621489524841309
40 0 0.7682309150695801
40 0 0.8001797199249268
40 0 0.8831989765167236
40 0 0.9002032279968262
40 0 0.8671953678131104
40 0 1.0452439785003662
40 0 0.95621657371521
40 0 0.9070639610290527
40 0 0.8211851119995117
40 0 0.8791980743408203
40 0 0.974219560623169
40 0 1.1407639980316162
40 0 0.8695406913757324
40 0 0.8001804351806641
40 0 0.9917364120483398
40 0 0.7634646892547607
40 0 1.0383152961730957
40 0 0.9730961322784424
