40 0 0.3411264419555664
40 0 0.2831096649169922
40 0 0.2853281497955322
40 0 0.29006528854370117
40 0 0.3237283229827881
40 0 0.3199656009674072
40 0 0.2880535125732422
40 0 0.31612682342529297
40 0 0.32413816452026367
40 0 0.27712082862854004
40 0 0.44746875762939453
40 0 0.45247411727905273
40 0 0.39451050758361816
40 0 0.4293644428253174
40 0 0.42338061332702637
40 0 0.38723111152648926
40 0 0.3614046573638916
40 0 0.4320197105407715
40 0 0.47690749168395996
40 0 0.39588212966918945
40 0 0.48358941078186035
40 0 0.44609999656677246
40 0 0.36064600944519043
40 0 0.41800570487976074
40 0 0.39540529251098633
40 0 0.45211315155029297
40 0 0.4821195602416992
40 0 0.3070404529571533
40 0 0.45922303199768066
40 0 0.35508108139038086
40 0 0.4511423110961914
40 0 0.4459564685821533
40 0 0.40909266471862793
40 0 0.4390997886657715
40 0 0.44011878967285156
40 0 0.5131158828735352
40 0 0.4360980987548828
40 0 0.47110509872436523
40 0 0.49311113357543945
40 0 0.4886336326599121
40 0 0.4411003589630127
40 0 0.44810032844543457
40 0 0.4671056270599365
40 0 0.42609572410583496
40 0 0.4340975284576416
40 0 0.4521021842956543
40 0 0.46610474586486816
40 0 0.46210384368896484
40 0 0.5231173038482666
40 0 0.5451204776763916
40 0 0.3653297424316406
40 0 0.438098669052124
40 0 0.53312087059021
40 0 0.445101261138916
40 0 0.4355480670928955
40 0 0.499112606048584
40 0 0.547544002532959
40 0 0.5301191806793213
40 0 0.49294567108154297
40 0 0.4581031799316406
40 0 0.3790853023529053
40 0 0.5551249980926514
40 0 0.48722243309020996
40 0 0.4424917697906494
40 0 0.5791304111480713
40 0 0.5261185169219971
40 0 0.5173594951629639
40 0 0.38057708740234375
40 0 0.4311237335205078
40 0 0.4519619941711426
40 0 0.46610498428344727
40 0 0.5121142864227295
40 0 0.40409111976623535
40 0 0.5591259002685547
40 0 0.5071141719818115
40 0 0.4290955066680908
40 0 0.47110605239868164
40 0 0.43509745597839355
40 0 0.4591033458709717
40 0 0.450101375579834
40 0 0.5291180610656738
40 0 0.39508867263793945
40 0 0.447101354598999
40 0 0.3380763530731201
40 0 0.44009852409362793
40 0 0.3600807189941406
40 0 0.36208128929138184
40 0 0.3520791530609131
40 0 0.4481008052825928
40 0 0.43509793281555176
40 0 0.5071144104003906
40 0 0.4691047668457031
40 0 0.5341200828552246
40 0 0.48810863494873047
40 0 0.4431002140045166
40 0 0.38408470153808594
40 0 0.3340749740600586
40 0 0.5571248531341553
40 0 0.539121150970459
40 0 0.4811081886291504
