180 0 26.087106704711914
180 0 26.105903148651123
180 0 26.73386311531067
180 0 25.378281831741333
180 0 25.405022621154785
180 0 25.611989736557007
180 0 25.54424285888672
180 0 26.792516708374023
180 0 34.508543729782104
180 0 33.03327250480652
180 0 27.325934886932373
180 0 26.48496723175049
180 0 31.34151816368103
180 0 32.95413017272949
180 0 31.41443181037903
180 0 33.437535524368286
180 0 42.096296548843384
180 0 41.63167715072632
169 11 49.15301871299744
180 0 41.225351333618164
180 0 39.93999624252319
180 0 39.163785457611084
180 0 38.941184997558594
180 0 39.3920738697052
180 0 41.03454899787903
180 0 39.58268141746521
180 0 42.7379252910614
180 0 41.97011113166809
180 0 41.34829926490784
180 0 42.43686389923096
180 0 42.15131664276123
180 0 39.44696378707886
180 0 38.93041706085205
180 0 39.323975563049316
180 0 39.10772442817688
180 0 40.32415246963501
180 0 37.507362842559814
180 0 38.82014298439026
180 0 39.70061492919922
180 0 39.55260992050171
180 0 38.57524371147156
180 0 39.0036997795105
180 0 39.18709111213684
180 0 37.48884606361389
180 0 39.086424589157104
180 0 37.96253681182861
180 0 38.54991865158081
180 0 38.73630738258362
180 0 37.830928564071655
180 0 38.61758041381836
180 0 40.02290940284729
180 0 40.59088397026062
180 0 40.08708429336548
157 23 65.10028004646301
180 0 38.93091058731079
180 0 38.5445499420166
180 0 45.425464391708374
180 0 41.39426612854004
180 0 42.299391746520996
180 0 42.99115872383118
180 0 44.054638624191284
180 0 44.14152121543884
180 0 43.22062587738037
180 0 43.89493751525879
180 0 39.48372745513916
180 0 39.66948318481445
