7 0 0.011002063751220703
7 0 0.012001991271972656
7 0 0.013002872467041016
7 0 0.014003276824951172
7 0 0.015003442764282227
7 0 0.01200246810913086
7 0 0.011001825332641602
7 0 0.01200246810913086
7 0 0.015003204345703125
7 0 0.01200103759765625
7 0 0.022005319595336914
7 0 0.019004344940185547
7 0 0.020004749298095703
7 0 0.01800394058227539
7 0 0.018004179000854492
7 0 0.017003774642944336
7 0 0.017003536224365234
7 0 0.017004013061523438
7 0 0.01500248908996582
7 0 0.0200045108795166
7 0 0.018003225326538086
7 0 0.022003889083862305
7 0 0.017003536224365234
7 0 0.01400303840637207
7 0 0.01600360870361328
7 0 0.02200460433959961
7 0 0.01800370216369629
7 0 0.02200484275817871
7 0 0.014002561569213867
7 0 0.01500391960144043
7 0 0.019004344940185547
7 0 0.019005537033081055
7 0 0.01800370216369629
7 0 0.01900196075439453
7 0 0.01600337028503418
7 0 0.015002727508544922
7 0 0.02400493621826172
7 0 0.02200603485107422
7 0 0.016002416610717773
7 0 0.021004676818847656
7 0 0.02300548553466797
7 0 0.018003463745117188
7 0 0.017003536224365234
7 0 0.01800370216369629
7 0 0.01900339126586914
7 0 0.01900506019592285
7 0 0.01700425148010254
7 0 0.025005578994750977
7 0 0.01900482177734375
7 0 0.01600360870361328
7 0 0.014003753662109375
7 0 0.013002634048461914
7 0 0.022004365921020508
7 0 0.019004106521606445
7 0 0.020003318786621094
7 0 0.0200040340423584
7 0 0.020003795623779297
7 0 0.015003442764282227
7 0 0.024004697799682617
7 0 0.0200042724609375
7 0 0.020004987716674805
7 0 0.019003868103027344
7 0 0.01300358772277832
7 0 0.022005081176757812
7 0 0.018004655838012695
7 0 0.017023086547851562
7 0 0.0200045108795166
7 0 0.0200042724609375
7 0 0.02400493621826172
7 0 0.014010429382324219
7 0 0.022005558013916016
7 0 0.01900482177734375
7 0 0.018003463745117188
7 0 0.0200042724609375
7 0 0.01700305938720703
7 0 0.015003204345703125
7 0 0.019004106521606445
7 0 0.016003131866455078
7 0 0.018004179000854492
7 0 0.017003774642944336
7 0 0.021004676818847656
7 0 0.019004106521606445
7 0 0.017004013061523438
7 0 0.01800370216369629
7 0 0.0200045108795166
7 0 0.014002799987792969
7 0 0.020003557205200195
7 0 0.021004915237426758
7 0 0.0200040340423584
7 0 0.019004106521606445
7 0 0.01800394058227539
7 0 0.01800394058227539
7 0 0.022004365921020508
7 0 0.018004179000854492
7 0 0.026005268096923828
7 0 0.018004655838012695
7 0 0.016002893447875977
7 0 0.019004106521606445
7 0 0.01600337028503418
7 0 0.023005247116088867
