28 0 0.23805499076843262
28 0 0.24105358123779297
28 0 0.24205398559570312
28 0 0.2490553855895996
28 0 0.2450551986694336
28 0 0.22605013847351074
28 0 0.22404909133911133
28 0 0.21104717254638672
28 0 0.22813701629638672
28 0 0.24307537078857422
28 0 0.36300158500671387
28 0 0.33900880813598633
28 0 0.25302839279174805
28 0 0.41104888916015625
28 0 0.3251307010650635
28 0 0.32694244384765625
28 0 0.272996187210083
28 0 0.3301966190338135
28 0 0.3370211124420166
28 0 0.3709690570831299
28 0 0.3968837261199951
28 0 0.2749297618865967
28 0 0.3050689697265625
28 0 0.3910672664642334
28 0 0.2869887351989746
28 0 0.3654787540435791
28 0 0.3574357032775879
28 0 0.421062707901001
28 0 0.3421177864074707
28 0 0.29375386238098145
28 0 0.35507941246032715
28 0 0.3822321891784668
28 0 0.40208911895751953
28 0 0.3600800037384033
28 0 0.3760855197906494
28 0 0.31707119941711426
28 0 0.3210716247558594
28 0 0.3340742588043213
28 0 0.34607744216918945
28 0 0.3180718421936035
28 0 0.37108325958251953
28 0 0.3610818386077881
28 0 0.2960662841796875
28 0 0.32756900787353516
28 0 0.3740842342376709
28 0 0.3876779079437256
28 0 0.36608219146728516
28 0 0.33307552337646484
28 0 0.3380777835845947
28 0 0.3630809783935547
28 0 0.39701223373413086
28 0 0.3932311534881592
28 0 0.36408185958862305
28 0 0.3750030994415283
28 0 0.4064147472381592
28 0 0.33870530128479004
28 0 0.2849287986755371
28 0 0.3451423645019531
28 0 0.309295654296875
28 0 0.3508138656616211
28 0 0.38808679580688477
28 0 0.3416311740875244
28 0 0.35901522636413574
28 0 0.37865233421325684
28 0 0.40830469131469727
28 0 0.36505699157714844
28 0 0.43296217918395996
28 0 0.261030912399292
28 0 0.4360513687133789
28 0 0.3363521099090576
