32 0 0.2870631217956543
32 0 0.2972412109375
32 0 0.2870635986328125
32 0 0.29506516456604004
32 0 0.2980654239654541
32 0 0.2830641269683838
32 0 0.28806495666503906
32 0 0.2980656623840332
32 0 0.28206443786621094
32 0 0.2810640335083008
32 0 0.42557692527770996
32 0 0.4451005458831787
32 0 0.39108777046203613
32 0 0.5181171894073486
32 0 0.4050905704498291
32 0 0.3940887451171875
32 0 0.34107542037963867
32 0 0.3990898132324219
32 0 0.40009045600891113
32 0 0.4070916175842285
32 0 0.4270954132080078
32 0 0.550121545791626
32 0 0.45510172843933105
32 0 0.4461069107055664
32 0 0.43509721755981445
32 0 0.43309712409973145
32 0 0.4611034393310547
32 0 0.4501016139984131
32 0 0.49110960960388184
32 0 0.48210859298706055
32 0 0.5021131038665771
32 0 0.500267505645752
32 0 0.4721062183380127
32 0 0.5401217937469482
32 0 0.4981119632720947
32 0 0.4681053161621094
32 0 0.4701058864593506
32 0 0.4756143093109131
32 0 0.5051138401031494
32 0 0.5761301517486572
32 0 0.4961118698120117
32 0 0.4611034393310547
32 0 0.47510743141174316
32 0 0.478107213973999
32 0 0.48010802268981934
32 0 0.4721059799194336
32 0 0.4541022777557373
32 0 0.48410916328430176
32 0 0.5311195850372314
32 0 0.4591038227081299
32 0 0.48210835456848145
32 0 0.5681278705596924
32 0 0.4811081886291504
32 0 0.5771298408508301
32 0 0.8361883163452148
32 0 0.5191178321838379
32 0 0.4921107292175293
32 0 0.4781076908111572
32 0 0.5201175212860107
32 0 0.43309783935546875
32 0 0.47110557556152344
32 0 0.46761059761047363
32 0 0.5001120567321777
32 0 0.5341272354125977
32 0 0.4671061038970947
32 0 0.48210859298706055
32 0 0.4791080951690674
32 0 0.4681057929992676
32 0 0.4581031799316406
32 0 0.48410940170288086
32 0 0.4210944175720215
32 0 0.4380970001220703
32 0 0.42809629440307617
32 0 0.42049384117126465
32 0 0.42009592056274414
32 0 0.4230949878692627
32 0 0.42209506034851074
32 0 0.4160935878753662
32 0 0.42409491539001465
32 0 0.3960883617401123
32 0 0.3998453617095947
32 0 0.41909241676330566
32 0 0.434098482131958
32 0 0.40409016609191895
32 0 0.45310211181640625
32 0 0.43309545516967773
32 0 0.46210432052612305
32 0 0.43709850311279297
32 0 0.4232666492462158
32 0 0.42809581756591797
32 0 0.41309261322021484
32 0 0.4210948944091797
32 0 0.4581031799316406
32 0 0.4451000690460205
32 0 0.4230959415435791
32 0 0.41509270668029785
32 0 0.45710206031799316
32 0 0.43309640884399414
32 0 0.4701061248779297
32 0 0.40209102630615234
