42 3 2.09930419921875
45 0 1.796227216720581
45 0 1.8980982303619385
36 9 4.358996868133545
45 0 1.7917931079864502
45 0 1.4465100765228271
45 0 1.70387601852417
45 0 1.5390918254852295
45 0 1.6058433055877686
45 0 1.700378179550171
45 0 2.756690502166748
45 0 2.0945236682891846
45 0 2.016329050064087
45 0 1.824883222579956
45 0 2.2671141624450684
45 0 2.0727834701538086
45 0 2.099696636199951
45 0 2.3191351890563965
45 0 2.093153238296509
45 0 3.0463082790374756
45 0 2.3708977699279785
45 0 2.3510584831237793
45 0 2.595749855041504
45 0 2.2232086658477783
45 0 2.4080677032470703
45 0 2.871208667755127
45 0 2.850775957107544
45 0 2.4666907787323
45 0 2.74442458152771
45 0 2.4666404724121094
45 0 2.58029842376709
45 0 2.7681498527526855
45 0 3.4473514556884766
45 0 2.6435914039611816
45 0 2.8962738513946533
45 0 2.449443817138672
45 0 2.1667840480804443
45 0 2.598003625869751
45 0 2.546809434890747
45 0 2.3074285984039307
45 0 2.527122735977173
45 0 2.6220622062683105
45 0 2.507047176361084
45 0 2.3126490116119385
45 0 2.412158966064453
45 0 2.609278917312622
45 0 2.3907601833343506
45 0 2.370699167251587
39 6 3.624917984008789
45 0 2.3486177921295166
45 0 2.5137226581573486
45 0 2.1688742637634277
45 0 2.574314594268799
45 0 2.96390700340271
45 0 2.6978843212127686
45 0 2.235403299331665
45 0 2.5585923194885254
45 0 2.724435567855835
45 0 2.7096521854400635
45 0 2.386963129043579
45 0 2.481801986694336
45 0 3.1267378330230713
