490 0 92.69612312316895
490 0 90.95843958854675
490 0 104.53875613212585
490 0 100.71561408042908
490 0 112.098641872406
487 3 92.36499118804932
490 0 97.25447344779968
490 0 94.59315180778503
490 0 127.70761966705322
490 0 89.94431924819946
490 0 130.64586472511292
490 0 135.00822687149048
490 0 125.70217490196228
490 0 138.71465873718262
490 0 131.35610723495483
490 0 100.79671549797058
490 0 122.62077307701111
490 0 112.70726609230042
490 0 106.80157351493835
490 0 100.71489477157593
490 0 135.28541207313538
490 0 139.13159084320068
490 0 156.88108921051025
490 0 153.91765666007996
490 0 149.8620729446411
490 0 145.3763747215271
490 0 154.529296875
490 0 146.272114276886
490 0 119.85943961143494
487 3 124.20542812347412
490 0 144.66317296028137
490 0 143.93805623054504
490 0 159.9919307231903
490 0 152.55301189422607
490 0 144.75118827819824
490 0 146.71877264976501
487 3 168.04499197006226
490 0 130.82012820243835
485 5 132.10482478141785
490 0 111.48464918136597
490 0 110.48645234107971
490 0 113.49667930603027
490 0 113.409597158432
490 0 143.02344512939453
490 0 108.24166822433472
490 0 112.93516445159912
490 0 112.14257097244263
490 0 112.74608588218689
490 0 113.87290930747986
481 9 116.60057067871094
490 0 102.0265245437622
483 7 100.29880809783936
490 0 102.97846603393555
490 0 98.75876069068909
490 0 99.3334002494812
477 13 102.73773956298828
490 0 104.48398113250732
490 0 128.20912051200867
490 0 129.4182324409485
490 0 130.84143996238708
484 6 138.92956233024597
490 0 131.8706910610199
487 3 127.81672739982605
490 0 132.70601177215576
490 0 117.32403588294983
490 0 97.7101194858551
490 0 98.50630140304565
490 0 102.56525087356567
490 0 98.21823644638062
490 0 92.33460688591003
