7 0 0.014002561569213867
7 0 0.013003110885620117
7 0 0.016004085540771484
7 0 0.013002157211303711
7 0 0.015003681182861328
7 0 0.013001203536987305
7 0 0.014003992080688477
7 0 0.013002634048461914
7 0 0.013002634048461914
7 0 0.01500391960144043
7 0 0.01600193977355957
7 0 0.024005413055419922
7 0 0.024005651473999023
7 0 0.023004531860351562
7 0 0.0200042724609375
7 0 0.02200484275817871
7 0 0.02100396156311035
7 0 0.0200042724609375
7 0 0.01400303840637207
7 0 0.022005081176757812
7 0 0.017003774642944336
7 0 0.022003889083862305
7 0 0.015002727508544922
7 0 0.02200484275817871
7 0 0.0200040340423584
7 0 0.02200484275817871
7 0 0.021004676818847656
7 0 0.01600337028503418
7 0 0.02600574493408203
7 0 0.0200045108795166
7 0 0.021004676818847656
7 0 0.021004676818847656
7 0 0.023005008697509766
7 0 0.019003629684448242
7 0 0.019003629684448242
7 0 0.020004749298095703
7 0 0.022004127502441406
7 0 0.02200484275817871
7 0 0.01700305938720703
7 0 0.03300666809082031
7 0 0.0220034122467041
7 0 0.0200045108795166
7 0 0.02100515365600586
7 0 0.021004438400268555
7 0 0.02100396156311035
7 0 0.023005008697509766
7 0 0.019004344940185547
7 0 0.01800370216369629
7 0 0.023004531860351562
7 0 0.021004915237426758
7 0 0.0200045108795166
7 0 0.01900458335876465
7 0 0.059012651443481445
7 0 0.019004106521606445
7 0 0.025005102157592773
7 0 0.024005889892578125
7 0 0.02200627326965332
7 0 0.022005319595336914
7 0 0.02300548553466797
7 0 0.022005319595336914
7 0 0.027006149291992188
7 0 0.02200484275817871
7 0 0.017003536224365234
7 0 0.023005008697509766
7 0 0.023049592971801758
7 0 0.021004199981689453
7 0 0.02200484275817871
7 0 0.0200042724609375
7 0 0.022003889083862305
7 0 0.02200627326965332
