5 0 0.01300358772277832
5 0 0.015003442764282227
5 0 0.013002157211303711
5 0 0.012003183364868164
5 0 0.01300358772277832
5 0 0.01400303840637207
5 0 0.012002706527709961
5 0 0.01300358772277832
5 0 0.013003110885620117
5 0 0.012002706527709961
5 0 0.01900339126586914
5 0 0.021004676818847656
5 0 0.019003629684448242
5 0 0.02200484275817871
5 0 0.025005340576171875
5 0 0.02200484275817871
5 0 0.019006967544555664
5 0 0.0160064697265625
5 0 0.021004199981689453
5 0 0.023005008697509766
5 0 0.02402496337890625
5 0 0.021008729934692383
5 0 0.022986412048339844
5 0 0.01600337028503418
5 0 0.020003795623779297
5 0 0.01600337028503418
5 0 0.014003276824951172
5 0 0.020004749298095703
5 0 0.016003131866455078
5 0 0.017003774642944336
5 0 0.01900482177734375
5 0 0.019004106521606445
5 0 0.023005008697509766
5 0 0.018004179000854492
5 0 0.025007009506225586
5 0 0.019003629684448242
5 0 0.01600360870361328
5 0 0.025006532669067383
5 0 0.0190122127532959
5 0 0.01700305938720703
5 0 0.02300548553466797
5 0 0.019004106521606445
5 0 0.021323442459106445
5 0 0.018004417419433594
5 0 0.01700425148010254
5 0 0.01600337028503418
5 0 0.016004085540771484
5 0 0.014002561569213867
5 0 0.017003774642944336
5 0 0.018004179000854492
5 0 0.01700305938720703
5 0 0.019004106521606445
5 0 0.0200042724609375
5 0 0.01900458335876465
5 0 0.020004987716674805
5 0 0.017003774642944336
5 0 0.013002634048461914
5 0 0.018004655838012695
5 0 0.01900339126586914
5 0 0.018004894256591797
5 0 0.017003297805786133
5 0 0.01900458335876465
5 0 0.0219419002532959
5 0 0.01800370216369629
5 0 0.0200042724609375
5 0 0.015003204345703125
5 0 0.019004106521606445
5 0 0.01600337028503418
5 0 0.015003442764282227
5 0 0.013003349304199219
