0 28 0.05401253700256348
0 28 0.05301213264465332
0 28 0.058013200759887695
0 28 0.05401206016540527
0 28 0.05201125144958496
0 28 0.05401253700256348
0 28 0.05301165580749512
0 28 0.053011178970336914
0 28 0.05201125144958496
0 28 0.053011417388916016
0 28 0.08491659164428711
0 28 0.05889630317687988
0 28 0.08897161483764648
0 28 0.08699941635131836
0 28 0.08695626258850098
0 28 0.08901309967041016
0 28 0.08897161483764648
0 28 0.08895659446716309
0 28 0.08897829055786133
0 28 0.07888126373291016
0 28 0.07710552215576172
0 28 0.08501815795898438
0 28 0.08301830291748047
0 28 0.07695579528808594
0 28 0.08401870727539062
0 28 0.08201885223388672
0 28 0.07723259925842285
0 28 0.0765085220336914
0 28 0.08308839797973633
0 28 0.06805753707885742
0 28 0.10202312469482422
0 28 0.07601714134216309
0 28 0.07401752471923828
0 28 0.08201837539672852
0 28 0.08501958847045898
0 28 0.07701683044433594
0 28 0.08501911163330078
0 28 0.08501935005187988
0 28 0.07896542549133301
0 28 0.08701896667480469
0 28 0.08001828193664551
0 28 0.08401894569396973
0 28 0.07401633262634277
0 28 0.09002065658569336
0 28 0.07701730728149414
0 28 0.08252978324890137
0 28 0.08443307876586914
0 28 0.08501863479614258
0 28 0.08801960945129395
0 28 0.08201789855957031
0 28 0.08802008628845215
0 28 0.08601927757263184
0 28 0.08717870712280273
0 28 0.07695865631103516
0 28 0.08301877975463867
0 28 0.08703231811523438
0 28 0.08515000343322754
0 28 0.08696389198303223
0 28 0.08365345001220703
0 28 0.08601927757263184
0 28 0.07357501983642578
0 28 0.08794379234313965
0 28 0.09001970291137695
0 28 0.08701968193054199
0 28 0.09001994132995605
0 28 0.08338236808776855
0 28 0.08694314956665039
0 28 0.08686375617980957
0 28 0.08697009086608887
0 28 0.08639717102050781
