76 4 3.1840624809265137
78 2 3.023075819015503
77 3 3.393437623977661
78 2 2.5060415267944336
76 4 2.699337959289551
77 3 2.299196243286133
75 5 3.6928348541259766
80 0 3.5467801094055176
80 0 3.3506386280059814
80 0 3.117952346801758
78 2 2.9426651000976562
76 4 3.138709783554077
80 0 3.2337310314178467
80 0 3.198723793029785
74 6 3.3467555046081543
77 3 3.0841774940490723
78 2 3.2222390174865723
76 4 2.892451047897339
76 4 3.140711545944214
80 0 3.1407113075256348
75 5 2.8816521167755127
80 0 3.0346875190734863
78 2 2.403059482574463
78 2 2.6195929050445557
79 1 2.868710517883301
78 2 3.2990596294403076
79 1 3.268643617630005
76 4 3.13370680809021
78 2 3.0608654022216797
80 0 2.972672939300537
77 3 3.3177504539489746
78 2 3.258025884628296
78 2 2.739619493484497
78 2 2.7776286602020264
76 4 2.795671224594116
76 4 3.156923770904541
78 2 3.2237298488616943
78 2 3.414714813232422
75 5 3.2023069858551025
75 5 3.386784791946411
78 2 2.9536681175231934
78 2 2.881652355194092
78 2 2.7806296348571777
78 2 2.9716718196868896
78 2 3.2127273082733154
74 6 3.009681224822998
75 5 2.782384157180786
77 3 3.594302177429199
77 3 3.183483839035034
75 5 2.939134359359741
79 1 3.0636935234069824
77 3 2.845643997192383
80 0 3.107703447341919
75 5 2.835641860961914
79 1 3.174980640411377
78 2 3.2596213817596436
80 0 2.3045761585235596
76 4 2.6172845363616943
78 2 2.8926734924316406
76 4 3.2326831817626953
78 2 2.460221290588379
78 2 2.494023084640503
74 6 2.857729434967041
80 0 3.1193552017211914
78 2 2.8419957160949707
78 2 2.4588053226470947
75 5 3.271820306777954
75 5 2.171191930770874
80 0 2.845911979675293
80 0 2.937685251235962
