125 0 8.816719055175781
125 0 8.718971490859985
125 0 10.753431558609009
125 0 9.890570402145386
125 0 9.417115211486816
125 0 9.179314136505127
125 0 7.667734861373901
125 0 8.554471015930176
125 0 9.34560227394104
125 0 7.773377180099487
125 0 16.485219955444336
125 0 15.111918926239014
125 0 17.879535675048828
125 0 21.75685954093933
125 0 18.400651216506958
125 0 19.362869262695312
125 0 16.070626974105835
125 0 13.594530820846558
125 0 15.365660429000854
125 0 12.459807872772217
125 0 11.528228044509888
125 0 12.872887372970581
125 0 13.277161598205566
125 0 12.757875204086304
125 0 12.448668003082275
125 0 14.090434312820435
125 0 14.591216564178467
125 0 12.910459995269775
125 0 12.241854429244995
125 0 14.764307737350464
125 0 12.080859422683716
125 0 13.314436674118042
125 0 14.353662967681885
125 0 11.912349462509155
125 0 11.939829111099243
125 0 11.0585355758667
125 0 13.461373805999756
125 0 12.170844793319702
125 0 13.919787645339966
125 0 12.223668575286865
122 3 13.145148754119873
118 7 17.885895490646362
125 0 13.89681100845337
118 7 16.131337642669678
125 0 12.03530240058899
125 0 10.085192680358887
125 0 10.992566585540771
125 0 11.16831636428833
125 0 10.715760946273804
118 7 11.34894347190857
125 0 10.592411756515503
125 0 11.459338665008545
125 0 10.179030418395996
125 0 10.778215408325195
125 0 12.362481355667114
125 0 10.420075178146362
125 0 11.975789070129395
116 9 13.927412986755371
125 0 10.57043719291687
125 0 10.959706544876099
125 0 10.189743518829346
125 0 10.650999307632446
125 0 10.261484861373901
125 0 10.218666076660156
125 0 11.55942964553833
125 0 10.788293600082397
125 0 10.686376810073853
125 0 11.872516393661499
125 0 11.476966857910156
125 0 12.010420560836792
