5 0 0.008002281188964844
5 0 0.009119510650634766
5 0 0.010001420974731445
5 0 0.009002447128295898
5 0 0.009001016616821289
5 0 0.009001970291137695
5 0 0.009000778198242188
5 0 0.011003732681274414
5 0 0.009002208709716797
5 0 0.011000871658325195
5 0 0.014003753662109375
5 0 0.01700282096862793
5 0 0.011002779006958008
5 0 0.040009498596191406
5 0 0.015003204345703125
5 0 0.01200246810913086
5 0 0.01400303840637207
5 0 0.014003276824951172
5 0 0.016003131866455078
5 0 0.014002799987792969
5 0 0.011001825332641602
5 0 0.013002395629882812
5 0 0.009001493453979492
5 0 0.013002157211303711
5 0 0.01400303840637207
5 0 0.010001897811889648
5 0 0.013003110885620117
5 0 0.011001110076904297
5 0 0.010002374649047852
5 0 0.016003847122192383
5 0 0.010001659393310547
5 0 0.010002613067626953
5 0 0.010001897811889648
5 0 0.014003276824951172
5 0 0.015002965927124023
5 0 0.009001493453979492
5 0 0.015003442764282227
5 0 0.015003442764282227
5 0 0.011002302169799805
5 0 0.014002084732055664
5 0 0.013003110885620117
5 0 0.012002944946289062
5 0 0.010003089904785156
5 0 0.01400303840637207
5 0 0.015002965927124023
5 0 0.017003774642944336
5 0 0.01400303840637207
5 0 0.014002799987792969
5 0 0.011002063751220703
5 0 0.01100301742553711
5 0 0.012002944946289062
5 0 0.013003110885620117
5 0 0.01600337028503418
5 0 0.016003847122192383
5 0 0.014003276824951172
5 0 0.012002706527709961
5 0 0.015003442764282227
5 0 0.014003515243530273
5 0 0.013002634048461914
5 0 0.012002944946289062
5 0 0.015002965927124023
5 0 0.011002540588378906
5 0 0.010001897811889648
5 0 0.031006813049316406
5 0 0.010001659393310547
5 0 0.014002799987792969
5 0 0.01500391960144043
5 0 0.016018152236938477
5 0 0.009002447128295898
5 0 0.01200246810913086
5 0 0.012003183364868164
5 0 0.01700305938720703
5 0 0.017002105712890625
5 0 0.014002084732055664
5 0 0.014002323150634766
5 0 0.023003816604614258
5 0 0.015003204345703125
5 0 0.05501151084899902
5 0 0.015003442764282227
5 0 0.015003204345703125
5 0 0.013003349304199219
5 0 0.014002799987792969
5 0 0.01000213623046875
5 0 0.009000778198242188
5 0 0.01600337028503418
5 0 0.010996818542480469
5 0 0.00900125503540039
5 0 0.016003131866455078
5 0 0.012001991271972656
5 0 0.014002323150634766
5 0 0.013002872467041016
5 0 0.012002706527709961
5 0 0.014002799987792969
5 0 0.014003276824951172
5 0 0.010002374649047852
5 0 0.009001493453979492
5 0 0.01100301742553711
5 0 0.011002302169799805
5 0 0.01000213623046875
5 0 0.014002561569213867
