50 0 0.7821760177612305
50 0 0.79117751121521
50 0 0.792180061340332
50 0 0.8260128498077393
50 0 0.7857630252838135
50 0 0.789177656173706
50 0 0.7901780605316162
50 0 0.8031799793243408
50 0 0.8141815662384033
50 0 0.7810184955596924
50 0 1.0202298164367676
50 0 1.2438249588012695
50 0 1.2972919940948486
50 0 1.2792870998382568
50 0 1.287290334701538
50 0 1.3583056926727295
50 0 1.2832882404327393
50 0 1.5033409595489502
50 0 1.3302974700927734
50 0 1.2412793636322021
50 0 1.285747766494751
50 0 1.3131513595581055
50 0 1.3383021354675293
50 0 1.4303224086761475
50 0 1.3673081398010254
50 0 1.3563039302825928
50 0 1.3003003597259521
50 0 1.2842893600463867
50 0 1.2582831382751465
50 0 1.2582831382751465
50 0 1.250281810760498
50 0 1.2522814273834229
50 0 1.2712867259979248
50 0 1.2932910919189453
50 0 1.2512843608856201
50 0 1.2922911643981934
50 0 1.2352783679962158
50 0 1.249281406402588
50 0 1.2932944297790527
50 0 1.2602839469909668
50 0 1.2532823085784912
50 0 1.3032941818237305
50 0 1.3763103485107422
50 0 1.3953144550323486
50 0 1.3032939434051514
50 0 1.3242976665496826
50 0 1.587357997894287
50 0 1.4003150463104248
50 0 1.3693082332611084
50 0 1.3128011226654053
50 0 1.4573276042938232
50 0 1.4543278217315674
50 0 1.311295747756958
50 0 1.2762870788574219
50 0 1.3323004245758057
50 0 1.2952919006347656
50 0 1.3373017311096191
50 0 1.4673283100128174
50 0 1.3793106079101562
50 0 1.5433485507965088
50 0 1.5823557376861572
50 0 1.4953370094299316
50 0 1.7213876247406006
50 0 1.5773553848266602
50 0 1.6103622913360596
50 0 1.3373017311096191
50 0 1.4863345623016357
50 0 1.351304531097412
50 0 1.3393008708953857
50 0 1.3403027057647705
