180 0 8.409413576126099
180 0 8.152843952178955
180 0 8.255867004394531
180 0 8.193853378295898
180 0 8.189920425415039
180 0 7.949809789657593
180 0 8.044286251068115
180 0 7.948011159896851
180 0 8.121004104614258
180 0 8.107896566390991
180 0 12.881200313568115
180 0 13.222552299499512
180 0 12.679017782211304
180 0 12.160976648330688
180 0 12.486403703689575
180 0 11.460596561431885
180 0 12.446770906448364
180 0 12.56467318534851
180 0 11.876823425292969
180 0 11.320215702056885
180 0 10.699828386306763
180 0 11.431806325912476
180 0 10.61544919013977
180 0 10.422837257385254
180 0 10.729437112808228
180 0 10.017569065093994
180 0 10.811577320098877
180 0 11.430216073989868
180 0 10.61352014541626
180 0 10.467749834060669
180 0 10.00325870513916
180 0 10.08315896987915
180 0 10.505048990249634
180 0 10.273838758468628
180 0 11.540349245071411
180 0 12.389151811599731
180 0 11.93764853477478
180 0 12.312026023864746
180 0 12.461337327957153
180 0 13.35164499282837
180 0 13.17030119895935
180 0 13.420744895935059
180 0 13.52095103263855
180 0 13.681992053985596
180 0 13.287995338439941
178 2 13.622793912887573
180 0 13.477104187011719
180 0 13.91342830657959
180 0 12.438475608825684
180 0 13.361122369766235
180 0 12.894905805587769
180 0 12.916749238967896
180 0 12.825981140136719
180 0 12.075721502304077
180 0 11.73093032836914
180 0 12.791436195373535
180 0 12.208930730819702
180 0 12.25326919555664
180 0 11.592634677886963
180 0 11.150678157806396
180 0 11.105524778366089
180 0 11.326833009719849
180 0 10.973717451095581
