80 0 3.782306671142578
80 0 3.6735851764678955
80 0 3.695836067199707
80 0 3.7475664615631104
80 0 3.67212176322937
80 0 3.522874593734741
80 0 3.7631747722625732
80 0 3.6848223209381104
80 0 3.513014554977417
78 2 5.919527053833008
80 0 5.5263731479644775
80 0 5.520012378692627
80 0 5.6362831592559814
80 0 5.48414158821106
80 0 5.428009986877441
80 0 5.51997971534729
80 0 5.675951242446899
80 0 5.573200941085815
80 0 5.610809326171875
80 0 5.647270202636719
80 0 5.4073357582092285
80 0 5.402837514877319
80 0 5.498102188110352
80 0 5.4254045486450195
80 0 5.651942491531372
80 0 5.650343894958496
80 0 5.536758661270142
80 0 5.652316570281982
80 0 5.783571481704712
80 0 5.518432378768921
80 0 5.72564697265625
80 0 5.561153173446655
80 0 5.57220196723938
80 0 5.633252859115601
80 0 5.38116979598999
80 0 5.485227346420288
80 0 5.419682264328003
80 0 5.632318735122681
80 0 5.739431381225586
80 0 5.431549787521362
80 0 5.655768156051636
80 0 5.543129920959473
80 0 5.647182464599609
80 0 5.482088327407837
80 0 5.433450698852539
80 0 5.465601682662964
80 0 5.647152900695801
80 0 5.785478591918945
80 0 5.739468574523926
80 0 5.836227655410767
80 0 5.685531854629517
80 0 5.533400774002075
80 0 5.544762372970581
80 0 5.490442276000977
80 0 5.373363971710205
80 0 5.518887996673584
80 0 5.6121790409088135
80 0 5.655726432800293
80 0 5.746922731399536
