45 0 0.5652117729187012
45 0 0.5581743717193604
45 0 0.5791971683502197
45 0 0.5831751823425293
45 0 0.5756375789642334
45 0 0.5642857551574707
45 0 0.5701780319213867
45 0 0.5541689395904541
45 0 0.5601873397827148
45 0 0.5564219951629639
45 0 0.7193284034729004
45 0 0.6932954788208008
45 0 0.7301828861236572
45 0 0.7031152248382568
45 0 0.7291646003723145
45 0 0.6981580257415771
45 0 0.7911772727966309
45 0 0.8077151775360107
45 0 0.7593352794647217
45 0 0.6261391639709473
45 0 0.6511459350585938
45 0 0.7211742401123047
45 0 0.8422021865844727
45 0 0.7021572589874268
45 0 0.7868268489837646
45 0 0.8261852264404297
45 0 0.7621715068817139
45 0 0.6828370094299316
45 0 1.0303468704223633
45 0 0.6171391010284424
43 2 1.262284517288208
45 0 0.7651734352111816
45 0 0.8421902656555176
45 0 0.8471899032592773
45 0 0.8191852569580078
45 0 0.8811991214752197
45 0 0.8751966953277588
45 0 0.8561928272247314
45 0 0.8962020874023438
45 0 0.959233283996582
45 0 0.9857068061828613
45 0 0.9082036018371582
45 0 0.9352116584777832
45 0 0.9432120323181152
45 0 0.9502131938934326
45 0 0.9542150497436523
45 0 0.9062130451202393
45 0 0.9132053852081299
45 0 0.9822220802307129
45 0 0.8541922569274902
45 0 0.9257149696350098
45 0 1.073241949081421
45 0 1.0325658321380615
45 0 1.0062251091003418
45 0 1.0242292881011963
45 0 0.9912223815917969
45 0 1.0282316207885742
45 0 1.0072276592254639
45 0 0.9682180881500244
45 0 0.9852287769317627
45 0 0.8922007083892822
45 0 0.9252078533172607
45 0 0.9232079982757568
45 0 0.9544310569763184
45 0 0.9192063808441162
42 3 2.3185222148895264
45 0 0.9302093982696533
45 0 0.9122052192687988
45 0 0.937211275100708
45 0 0.9642174243927002
45 0 0.880197286605835
45 0 0.8731958866119385
45 0 0.9522147178649902
45 0 0.8942008018493652
45 0 0.8291869163513184
45 0 0.6861538887023926
45 0 0.8351874351501465
45 0 0.7871768474578857
45 0 0.9172067642211914
45 0 0.7071597576141357
45 0 0.7231626510620117
45 0 0.8841986656188965
45 0 0.6981573104858398
45 0 0.9112048149108887
45 0 0.7531688213348389
45 0 0.8912003040313721
45 0 0.9242086410522461
45 0 0.761171817779541
45 0 0.8461911678314209
45 0 0.8601968288421631
45 0 0.825186014175415
45 0 0.7761757373809814
45 0 0.8635385036468506
45 0 0.8795130252838135
45 0 0.8111822605133057
45 0 0.7531695365905762
45 0 0.7991795539855957
45 0 0.7651722431182861
45 0 0.9082047939300537
45 0 0.7671728134155273
45 0 0.8001806735992432
45 0 0.8131823539733887
45 0 0.7611706256866455
45 0 0.8681955337524414
