1 27 0.138031005859375
1 27 0.12502765655517578
1 27 0.12502765655517578
1 27 0.12402701377868652
1 27 0.12802910804748535
1 27 0.1275029182434082
1 27 0.12502765655517578
1 27 0.12502694129943848
1 27 0.12502741813659668
1 27 0.13102984428405762
1 27 0.1989889144897461
1 27 0.20905375480651855
1 27 0.1430068016052246
1 27 0.17498016357421875
1 27 0.21111726760864258
1 27 0.148972749710083
1 27 0.18924212455749512
1 27 0.21101808547973633
1 27 0.14090275764465332
1 27 0.19704413414001465
1 27 0.19696736335754395
1 27 0.19404339790344238
1 27 0.1959071159362793
1 27 0.19751405715942383
1 27 0.15913057327270508
1 27 0.20307517051696777
1 27 0.20724272727966309
1 27 0.16507291793823242
1 27 0.20402908325195312
1 27 0.2050459384918213
1 27 0.20404648780822754
1 27 0.2050459384918213
1 27 0.19404268264770508
1 27 0.19204330444335938
1 27 0.20104646682739258
1 27 0.1780400276184082
1 27 0.22805142402648926
1 27 0.19498276710510254
1 27 0.19404363632202148
1 27 0.17415666580200195
1 27 0.20004510879516602
1 27 0.1960439682006836
1 27 0.20404601097106934
1 27 0.1960439682006836
1 27 0.20004510879516602
1 27 0.2160487174987793
1 27 0.18504118919372559
1 27 0.20105814933776855
1 27 0.1800403594970703
1 27 0.19104290008544922
1 27 0.18906235694885254
1 27 0.21904873847961426
1 27 0.18604183197021484
1 27 0.2171611785888672
1 27 0.18892741203308105
1 27 0.18348407745361328
1 27 0.20204520225524902
1 27 0.18601393699645996
1 27 0.21308016777038574
1 27 0.1941688060760498
1 27 0.21459007263183594
1 27 0.21504831314086914
1 27 0.19797563552856445
1 27 0.20737028121948242
1 27 0.2099442481994629
1 27 0.2131943702697754
1 27 0.20140981674194336
1 27 0.22417783737182617
1 27 0.20293354988098145
1 27 0.197404146194458
