245 0 47.08414912223816
245 0 46.67063570022583
245 0 46.94282865524292
245 0 48.688133239746094
245 0 46.86659789085388
245 0 46.399041414260864
239 6 48.54861927032471
245 0 46.6996865272522
245 0 47.04549765586853
245 0 47.04229283332825
245 0 58.82525658607483
235 10 81.38941097259521
245 0 64.3016049861908
245 0 72.47107148170471
245 0 74.06332111358643
245 0 80.51865577697754
245 0 76.63917326927185
242 3 79.87200021743774
245 0 47.258124351501465
245 0 47.15685534477234
243 2 49.124430418014526
245 0 49.139153480529785
245 0 75.9806957244873
245 0 75.69963955879211
245 0 76.25744366645813
245 0 74.82386898994446
245 0 74.41681218147278
245 0 77.27741932868958
245 0 76.93592166900635
245 0 76.9082670211792
245 0 75.72654795646667
245 0 79.52377939224243
245 0 76.46958494186401
245 0 78.65724587440491
237 8 81.18336248397827
245 0 76.32659316062927
245 0 75.69261693954468
245 0 77.07957053184509
245 0 76.34116435050964
245 0 76.5709912776947
245 0 79.5383288860321
245 0 73.21925735473633
245 0 72.85275483131409
245 0 67.95355105400085
245 0 72.42242336273193
245 0 71.69760584831238
245 0 68.43709897994995
245 0 69.55626440048218
245 0 68.43057513237
245 0 72.01983904838562
245 0 68.12992024421692
245 0 70.98519206047058
245 0 73.3467903137207
245 0 72.11344742774963
245 0 72.39058232307434
236 9 74.59972286224365
245 0 70.95390629768372
245 0 73.79342603683472
245 0 73.35589742660522
245 0 73.59232592582703
238 7 76.04873919487
245 0 72.64187932014465
245 0 71.77090239524841
245 0 74.19591283798218
245 0 72.1761167049408
241 4 72.23803520202637
245 0 69.5179295539856
245 0 66.73236846923828
245 0 66.09807014465332
245 0 63.83023738861084
245 0 55.4423942565918
245 0 51.13531541824341
