80 0 2.6890981197357178
80 0 2.724404811859131
80 0 2.6789135932922363
80 0 2.711029291152954
80 0 2.734571933746338
80 0 2.7217254638671875
80 0 2.8140952587127686
80 0 2.728438377380371
80 0 2.7681589126586914
80 0 2.736100196838379
80 0 4.178040027618408
80 0 3.9958136081695557
80 0 4.13549017906189
80 0 4.104970693588257
80 0 3.916611909866333
80 0 3.9948010444641113
80 0 3.9967024326324463
80 0 4.158617973327637
80 0 4.022611141204834
80 0 3.9879424571990967
80 0 3.9790639877319336
80 0 4.059014320373535
80 0 4.101085186004639
80 0 4.1319756507873535
80 0 3.921567678451538
80 0 3.858140230178833
80 0 4.083233833312988
78 2 4.323907136917114
80 0 4.03023886680603
80 0 4.163048028945923
80 0 4.100551605224609
80 0 4.045948505401611
80 0 4.141266822814941
80 0 4.0930070877075195
80 0 3.9148483276367188
80 0 3.91865611076355
80 0 4.0958943367004395
80 0 4.067651987075806
80 0 4.152863502502441
80 0 4.265283584594727
80 0 4.4301371574401855
80 0 4.216302156448364
80 0 4.332996606826782
80 0 4.122831106185913
80 0 4.062933683395386
80 0 3.873988151550293
80 0 3.9732232093811035
80 0 4.087888240814209
80 0 4.010270357131958
80 0 4.194656133651733
80 0 4.015379190444946
80 0 4.122836351394653
80 0 4.224254846572876
80 0 4.125019550323486
80 0 4.096740245819092
80 0 3.580831289291382
80 0 3.8384320735931396
80 0 4.142434597015381
80 0 4.142948865890503
80 0 4.131929159164429
