25 15 1.202108383178711
24 16 2.8436408042907715
25 15 1.6853792667388916
30 10 1.160127878189087
30 10 1.6143653392791748
30 10 1.8554179668426514
36 4 1.1502580642700195
17 23 3.144580125808716
27 13 1.5518898963928223
26 14 1.4153180122375488
27 13 2.0380520820617676
28 12 1.702932596206665
33 7 0.927499532699585
25 15 2.4724009037017822
25 15 2.7905056476593018
26 14 2.3254270553588867
32 8 1.7013823986053467
30 10 2.1613609790802
31 9 2.8449110984802246
32 8 1.3646650314331055
26 14 2.0952703952789307
23 17 3.5836331844329834
29 11 2.3230810165405273
26 14 3.2490575313568115
24 16 2.19374418258667
25 15 2.467000722885132
23 17 2.9187307357788086
25 15 2.031919479370117
33 7 1.4739174842834473
25 15 4.071990489959717
30 10 2.044459581375122
32 8 1.4073154926300049
31 9 2.7056102752685547
29 11 1.5918426513671875
29 11 1.560351848602295
32 8 1.6188828945159912
34 6 1.4243199825286865
34 6 2.072467803955078
28 12 2.3925397396087646
32 8 1.6512243747711182
30 10 1.9764454364776611
28 12 1.91860032081604
33 7 1.7743990421295166
23 17 2.858379364013672
24 16 2.070350170135498
28 12 1.8951807022094727
20 20 3.357757329940796
24 16 3.2261900901794434
24 16 2.33146333694458
27 13 2.2185006141662598
28 12 1.3308773040771484
34 6 1.30029296875
24 16 2.687958240509033
25 15 2.9326608180999756
24 16 2.237504005432129
29 11 2.2352685928344727
25 15 2.5565760135650635
31 9 1.714400291442871
28 12 1.665374994277954
26 14 2.594585418701172
26 14 2.3285248279571533
26 14 2.1324801445007324
28 12 2.172489643096924
31 9 1.6253662109375
36 4 0.9905204772949219
30 10 1.869624137878418
34 6 1.6909005641937256
33 7 1.35237455368042
38 2 1.4076311588287354
27 13 2.349310874938965
