231 14 115.69634938240051
245 0 100.97496294975281
245 0 143.65309953689575
230 15 123.56161618232727
245 0 94.63929343223572
245 0 113.28761887550354
245 0 91.46223711967468
234 11 176.8405659198761
245 0 97.80875492095947
245 0 151.83456873893738
219 26 226.81348776817322
245 0 260.5517430305481
193 52 473.8201014995575
237 8 172.8916952610016
245 0 148.63911485671997
231 14 113.99880027770996
245 0 100.76934146881104
245 0 130.7388334274292
245 0 142.96956992149353
245 0 160.91662168502808
245 0 133.33382749557495
245 0 143.24275016784668
221 24 225.52891540527344
237 8 173.01955938339233
245 0 183.13955545425415
228 17 239.4830231666565
245 0 278.8390452861786
240 5 236.94423460960388
245 0 125.0722975730896
245 0 163.23972272872925
245 0 186.86975407600403
245 0 171.09731268882751
226 19 220.8383605480194
245 0 146.2540581226349
234 11 189.82272028923035
245 0 173.0938057899475
245 0 169.24558687210083
245 0 178.05359315872192
235 10 160.60905742645264
245 0 141.4100534915924
245 0 155.20558333396912
245 0 163.16139888763428
224 21 230.77114844322205
245 0 268.6576244831085
245 0 258.49402499198914
229 16 233.25498270988464
218 27 203.58192706108093
197 48 430.0954065322876
245 0 121.84829211235046
245 0 151.40444159507751
245 0 232.4540512561798
238 7 168.85086345672607
245 0 150.96613192558289
245 0 177.58900499343872
245 0 156.31301951408386
245 0 135.30219435691833
241 4 214.43134760856628
239 6 209.78649067878723
245 0 261.5640103816986
245 0 152.78634071350098
245 0 146.36030387878418
245 0 134.446058511734
245 0 133.32835364341736
245 0 146.89341163635254
245 0 120.68821144104004
245 0 144.5222110748291
206 39 443.17864084243774
245 0 206.1760368347168
