250 0 20.65855383872986
250 0 20.282008171081543
250 0 20.825692892074585
250 0 22.327157020568848
250 0 20.840861082077026
250 0 29.085898399353027
250 0 26.358423709869385
250 0 25.823012351989746
250 0 20.654165029525757
250 0 25.70367121696472
250 0 27.37717032432556
250 0 27.188928365707397
244 6 30.47200083732605
250 0 29.704694271087646
250 0 31.17549157142639
250 0 29.16957378387451
250 0 32.60255241394043
250 0 28.67146134376526
250 0 32.18452739715576
250 0 31.5149028301239
250 0 28.441428184509277
250 0 29.425231218338013
250 0 28.448755979537964
242 8 33.264302015304565
250 0 29.497456073760986
250 0 32.071985483169556
250 0 32.55858850479126
250 0 30.63790774345398
250 0 31.733659267425537
250 0 31.85612392425537
250 0 31.34135389328003
250 0 32.4923415184021
250 0 23.945396423339844
250 0 25.995857000350952
250 0 28.911515951156616
250 0 26.922067165374756
250 0 24.474515676498413
250 0 24.186450958251953
250 0 30.111785411834717
250 0 26.77903389930725
250 0 30.55606770515442
250 0 29.09155583381653
250 0 27.8312726020813
250 0 29.559892177581787
250 0 28.569084405899048
250 0 28.39458394050598
250 0 28.77492904663086
244 6 24.23708939552307
250 0 26.427825927734375
242 8 30.863203287124634
250 0 27.67096734046936
250 0 27.514949321746826
250 0 31.050383806228638
250 0 29.45907974243164
250 0 29.11561632156372
243 7 32.706361293792725
250 0 27.076500177383423
238 12 28.71110963821411
243 7 26.446613788604736
