80 0 3.2507126331329346
80 0 3.2203452587127686
80 0 3.313915967941284
80 0 3.2986137866973877
80 0 3.268303155899048
80 0 3.2358009815216064
80 0 3.2057278156280518
80 0 3.252588987350464
80 0 3.390864610671997
77 3 3.6888203620910645
80 0 5.05968976020813
80 0 4.6559202671051025
80 0 4.915646553039551
80 0 4.925166130065918
80 0 4.862943410873413
80 0 4.89912486076355
80 0 4.619560241699219
80 0 4.823845148086548
80 0 4.808444499969482
80 0 4.820828199386597
80 0 4.930353403091431
80 0 4.446970701217651
80 0 4.777630805969238
80 0 4.96283745765686
80 0 4.745871543884277
80 0 4.844091415405273
80 0 4.857462167739868
80 0 4.9689648151397705
80 0 4.777827262878418
80 0 4.744032859802246
80 0 4.925852060317993
80 0 4.719544410705566
80 0 4.783888816833496
80 0 4.743724346160889
80 0 4.76265811920166
80 0 5.024940013885498
80 0 5.022250652313232
80 0 5.071500301361084
80 0 5.278539419174194
80 0 5.14227294921875
80 0 4.839426755905151
80 0 4.8820178508758545
80 0 4.679437160491943
80 0 4.756156921386719
80 0 4.789171457290649
80 0 4.856367349624634
80 0 4.895193338394165
80 0 5.03766393661499
80 0 4.900877952575684
80 0 4.946735620498657
80 0 5.000048875808716
80 0 4.869653701782227
80 0 4.882017135620117
80 0 4.739863634109497
80 0 4.891746282577515
80 0 4.808018207550049
80 0 5.026557922363281
80 0 5.150789976119995
80 0 4.658514738082886
80 0 4.71756649017334
