10 0 0.028005599975585938
10 0 0.02800607681274414
10 0 0.031006813049316406
10 0 0.033006906509399414
10 0 0.0290071964263916
10 0 0.03800845146179199
10 0 0.03500819206237793
10 0 0.02400517463684082
10 0 0.042009830474853516
10 0 0.03900933265686035
10 0 0.05755138397216797
10 0 0.04100942611694336
10 0 0.05201148986816406
10 0 0.09002041816711426
10 0 0.03200721740722656
10 0 0.05701303482055664
10 0 0.05101156234741211
10 0 0.054012298583984375
10 0 0.042008399963378906
10 0 0.04701066017150879
10 0 0.05201148986816406
10 0 0.04400897026062012
10 0 0.03100728988647461
10 0 0.0490107536315918
10 0 0.03300642967224121
10 0 0.05201148986816406
10 0 0.031006813049316406
10 0 0.044010162353515625
10 0 0.03300738334655762
10 0 0.038008689880371094
10 0 0.03300786018371582
10 0 0.04701089859008789
10 0 0.04800987243652344
10 0 0.0510106086730957
2 8 3.6768290996551514
10 0 0.03400707244873047
10 0 0.04400992393493652
10 0 0.03601884841918945
10 0 0.042023658752441406
10 0 0.06201434135437012
10 0 0.040006399154663086
10 0 0.03900909423828125
10 0 0.03400731086730957
10 0 0.05301237106323242
10 0 0.05301213264465332
10 0 0.04301047325134277
10 0 0.0380091667175293
10 0 0.050011396408081055
10 0 0.037007808685302734
10 0 0.05301189422607422
10 0 0.03800821304321289
10 0 0.03800773620605469
10 0 0.04701066017150879
10 0 0.05701303482055664
10 0 0.03700852394104004
10 0 0.05201077461242676
10 0 0.04100918769836426
10 0 0.04300975799560547
10 0 0.03500795364379883
10 0 0.044010162353515625
10 0 0.05501270294189453
10 0 0.04501032829284668
10 0 0.03700852394104004
10 0 0.053011417388916016
10 0 0.034825801849365234
10 0 0.04014134407043457
10 0 0.04696965217590332
10 0 0.06307435035705566
10 0 0.04200935363769531
10 0 0.03900742530822754
10 0 0.0690157413482666
