10 0 0.03100728988647461
10 0 0.024004697799682617
10 0 0.027005672454833984
10 0 0.031006813049316406
10 0 0.03400778770446777
10 0 0.029006481170654297
10 0 0.03200697898864746
10 0 0.028006553649902344
10 0 0.04300999641418457
10 0 0.03400778770446777
10 0 0.03800821304321289
10 0 0.04700970649719238
10 0 0.04501008987426758
10 0 0.06501460075378418
10 0 0.044010162353515625
10 0 0.03700757026672363
10 0 0.052011966705322266
10 0 0.05001020431518555
10 0 0.04789876937866211
10 0 0.03200697898864746
10 0 0.05200529098510742
10 0 0.03900885581970215
10 0 0.038008928298950195
10 0 0.03600764274597168
10 0 0.028005361557006836
10 0 0.033007144927978516
10 0 0.0310060977935791
10 0 0.030005693435668945
10 0 0.041008949279785156
10 0 0.04300951957702637
10 0 0.041008949279785156
10 0 0.05001187324523926
10 0 0.03700709342956543
10 0 0.02500605583190918
10 0 0.04100942611694336
10 0 0.05501222610473633
10 0 0.050012826919555664
10 0 0.04701042175292969
10 0 0.05401277542114258
10 0 0.04200935363769531
10 0 0.04801130294799805
10 0 0.03930091857910156
10 0 0.05001235008239746
10 0 0.03900790214538574
10 0 0.04300975799560547
5 5 2.0744612216949463
10 0 0.06201457977294922
10 0 0.03400731086730957
10 0 0.034008026123046875
10 0 0.04300951957702637
10 0 0.049010515213012695
10 0 0.060013532638549805
10 0 0.04201030731201172
10 0 0.0310056209564209
10 0 0.05401182174682617
10 0 0.04501008987426758
10 0 0.041010141372680664
10 0 0.05001091957092285
10 0 0.048010826110839844
10 0 0.040008544921875
10 0 0.05001187324523926
10 0 0.03300738334655762
10 0 0.03600811958312988
10 0 0.03000664710998535
10 0 0.03599190711975098
10 0 0.036008358001708984
10 0 0.05101490020751953
10 0 0.052863359451293945
10 0 0.030005931854248047
10 0 0.03300666809082031
10 0 0.0400090217590332
