245 0 19.386837244033813
245 0 18.74552893638611
245 0 19.07221221923828
245 0 18.835573196411133
241 4 19.54102110862732
245 0 18.58412265777588
245 0 18.97029995918274
245 0 18.83240270614624
245 0 18.50003957748413
245 0 18.785328149795532
245 0 25.851327419281006
245 0 21.633209943771362
245 0 24.22526979446411
245 0 28.028193712234497
245 0 32.65733098983765
245 0 28.2780704498291
245 0 25.471526861190796
245 0 25.558112144470215
245 0 24.30072259902954
245 0 25.166494369506836
245 0 24.712296724319458
245 0 24.649709224700928
245 0 27.310860872268677
245 0 28.39848494529724
245 0 31.443520069122314
245 0 32.638877153396606
245 0 31.11922836303711
245 0 31.998406648635864
245 0 29.64641308784485
245 0 29.55048394203186
245 0 28.452412366867065
245 0 29.12995409965515
245 0 28.140127897262573
245 0 27.684040546417236
245 0 26.735857248306274
245 0 28.01534080505371
245 0 26.461588859558105
245 0 26.26311159133911
245 0 27.545432090759277
245 0 26.640387535095215
245 0 24.319395780563354
245 0 26.678953886032104
245 0 27.40512251853943
245 0 26.80176305770874
245 0 25.817037343978882
245 0 25.058151245117188
245 0 23.47646689414978
245 0 25.878734350204468
245 0 24.211469888687134
245 0 22.311028242111206
245 0 25.3877215385437
245 0 29.77370858192444
245 0 27.61622405052185
245 0 26.858052730560303
245 0 26.317644834518433
245 0 28.121798753738403
245 0 26.395876169204712
245 0 28.16134476661682
245 0 27.984861135482788
245 0 27.491459369659424
245 0 25.106918811798096
245 0 25.31220579147339
245 0 25.853060960769653
245 0 27.12002682685852
245 0 26.30952477455139
245 0 25.884677171707153
245 0 25.89489722251892
245 0 26.459592580795288
245 0 27.91837787628174
245 0 27.279253721237183
245 0 28.236780166625977
245 0 28.30879497528076
245 0 27.925472259521484
245 0 27.584638833999634
245 0 28.190977811813354
