2 0 0.0029997825622558594
2 0 0.002001047134399414
2 0 0.003000020980834961
2 0 0.0030007362365722656
2 0 0.003000974655151367
2 0 0.0020012855529785156
2 0 0.002000093460083008
2 0 0.0030007362365722656
2 0 0.0019996166229248047
2 0 0.0020003318786621094
2 0 0.00400090217590332
2 0 0.01700305938720703
2 0 0.006001949310302734
2 0 0.005000591278076172
2 0 0.0030014514923095703
2 0 0.00600123405456543
2 0 0.00400090217590332
2 0 0.0050008296966552734
2 0 0.0050008296966552734
2 0 0.00800180435180664
2 0 0.0070018768310546875
2 0 0.0040018558502197266
2 0 0.005001068115234375
2 0 0.004001140594482422
2 0 0.005001544952392578
2 0 0.0050013065338134766
2 0 0.00400090217590332
2 0 0.004001617431640625
2 0 0.004001617431640625
2 0 0.00400090217590332
2 0 0.004001140594482422
2 0 0.0040013790130615234
2 0 0.0030002593994140625
2 0 0.0050008296966552734
2 0 0.0050013065338134766
2 0 0.004000663757324219
2 0 0.00400090217590332
2 0 0.004000663757324219
2 0 0.003000497817993164
2 0 0.004000663757324219
2 0 0.005001068115234375
2 0 0.0050013065338134766
2 0 0.00400090217590332
2 0 0.0030007362365722656
2 0 0.004001140594482422
2 0 0.0050013065338134766
2 0 0.005001068115234375
2 0 0.00400090217590332
2 0 0.003000974655151367
2 0 0.005000591278076172
2 0 0.0050008296966552734
2 0 0.004001617431640625
2 0 0.005002021789550781
2 0 0.0050008296966552734
2 0 0.0030002593994140625
2 0 0.00400090217590332
2 0 0.005002021789550781
2 0 0.0040018558502197266
2 0 0.0030002593994140625
2 0 0.003999948501586914
2 0 0.00400090217590332
2 0 0.0030007362365722656
2 0 0.005001068115234375
2 0 0.005000114440917969
2 0 0.003000974655151367
2 0 0.004001140594482422
2 0 0.004000663757324219
2 0 0.004000663757324219
2 0 0.003000974655151367
2 0 0.004000425338745117
