63 0 0.9823620319366455
63 0 0.9532151222229004
63 0 0.9992251396179199
63 0 0.9752206802368164
63 0 0.9532139301300049
63 0 0.9052038192749023
63 0 0.9162065982818604
63 0 0.9742205142974854
63 0 0.9312098026275635
63 0 0.9582159519195557
63 0 1.1902964115142822
63 0 1.377962350845337
63 0 1.3813107013702393
63 0 1.3390145301818848
63 0 1.3663084506988525
63 0 1.1341547966003418
63 0 1.0762419700622559
63 0 1.3232967853546143
63 0 1.5553512573242188
63 0 1.460329294204712
63 0 1.3683099746704102
63 0 1.5893585681915283
63 0 1.5323455333709717
63 0 1.5713539123535156
63 0 1.586357593536377
63 0 2.1564860343933105
63 0 2.1024739742279053
63 0 1.588357925415039
63 0 1.7583959102630615
63 0 2.32452392578125
63 0 1.6793780326843262
63 0 1.5363457202911377
63 0 1.7013838291168213
63 0 1.5133411884307861
63 0 1.5313451290130615
63 0 1.5633518695831299
63 0 1.8084075450897217
63 0 2.414543867111206
63 0 1.6593737602233887
63 0 1.6953814029693604
63 0 1.7153866291046143
63 0 1.9294345378875732
63 0 1.960442066192627
63 0 1.577354907989502
63 0 1.7293896675109863
63 0 1.6033616065979004
63 0 1.5963597297668457
63 0 1.7723994255065918
63 0 1.7043843269348145
60 3 4.462467432022095
59 4 4.163936138153076
63 0 1.6173651218414307
63 0 1.6393694877624512
63 0 1.5998687744140625
63 0 1.7068896293640137
63 0 2.318523406982422
63 0 2.425546646118164
63 0 1.7048897743225098
63 0 1.7048907279968262
63 0 2.153485059738159
63 0 2.2190051078796387
63 0 1.9374361038208008
63 0 1.98744797706604
63 0 2.272512435913086
63 0 2.3915388584136963
63 0 1.9344358444213867
63 0 2.0264570713043213
63 0 1.8764233589172363
63 0 1.6813786029815674
63 0 1.871422290802002
63 0 1.9504399299621582
63 0 2.7156119346618652
63 0 1.3693079948425293
63 0 1.1712634563446045
63 0 1.4063167572021484
63 0 1.424320936203003
63 0 1.2912914752960205
63 0 1.3573052883148193
63 0 1.3963146209716797
63 0 1.5193424224853516
63 0 1.36130690574646
63 0 1.4333229064941406
63 0 1.5913591384887695
63 0 1.4633285999298096
63 0 1.4343228340148926
58 5 1.9654428958892822
63 0 1.4293217658996582
63 0 1.3303003311157227
63 0 1.5273444652557373
63 0 1.3463032245635986
63 0 1.38631272315979
63 0 1.2612841129302979
63 0 1.2312777042388916
63 0 1.1982696056365967
63 0 1.1302542686462402
63 0 1.3663074970245361
63 0 1.3883132934570312
63 0 1.2502822875976562
63 0 1.3533053398132324
63 0 1.2682855129241943
63 0 1.3503048419952393
63 0 1.2572834491729736
