40 0 0.41309452056884766
38 2 0.5811307430267334
36 4 0.6101374626159668
37 3 0.5300498008728027
40 0 0.3960888385772705
40 0 0.5011124610900879
37 3 0.5551252365112305
38 2 0.4531118869781494
37 3 0.6051359176635742
37 3 0.5321197509765625
37 3 0.8549935817718506
36 4 0.8293812274932861
37 3 0.7951984405517578
37 3 0.7573506832122803
37 3 0.8316781520843506
37 3 0.8851065635681152
38 2 0.4904627799987793
40 0 0.5757591724395752
37 3 0.719916582107544
37 3 0.6284236907958984
37 3 1.141435146331787
37 3 0.9917809963226318
37 3 0.7800440788269043
37 3 0.8723776340484619
37 3 0.7084689140319824
37 3 0.6673567295074463
37 3 0.8242075443267822
37 3 0.9562387466430664
38 2 0.787200927734375
38 2 0.817206621170044
36 4 0.8171844482421875
37 3 0.8991942405700684
40 0 0.4561026096343994
37 3 1.0872442722320557
40 0 0.5701286792755127
37 3 0.6551475524902344
40 0 0.4631052017211914
37 3 0.8071818351745605
37 3 0.763171911239624
40 0 0.5321199893951416
40 0 0.517115592956543
38 2 0.9852209091186523
37 3 0.7501692771911621
37 3 0.8351876735687256
40 0 0.6921558380126953
37 3 0.7171611785888672
37 3 0.8499858379364014
37 3 0.8111839294433594
40 0 0.7121601104736328
40 0 0.5871312618255615
37 3 0.9232075214385986
36 4 0.7021582126617432
37 3 0.6717760562896729
40 0 0.738166093826294
40 0 0.5911331176757812
37 3 0.6001348495483398
38 2 0.7481727600097656
40 0 0.7011570930480957
37 3 1.0772430896759033
37 3 1.013227939605713
37 3 0.7731740474700928
37 3 0.7291643619537354
40 0 0.69915771484375
40 0 0.8601949214935303
37 3 1.126253604888916
40 0 0.8341875076293945
38 2 0.8206417560577393
38 2 0.8063313961029053
36 4 0.8125813007354736
37 3 1.1746277809143066
