360 0 62.074023485183716
360 0 70.24258065223694
360 0 75.31123900413513
345 15 62.31393218040466
360 0 85.52471470832825
360 0 67.12297296524048
360 0 87.76229357719421
360 0 191.12085914611816
360 0 88.35840940475464
360 0 82.90112257003784
360 0 65.60720205307007
352 8 78.94892978668213
360 0 53.88514304161072
360 0 60.635955810546875
357 3 53.758105754852295
360 0 59.30935478210449
360 0 69.13404536247253
360 0 77.6190836429596
360 0 89.17135000228882
360 0 86.26932311058044
360 0 63.464303493499756
360 0 51.758166551589966
360 0 51.53061318397522
360 0 59.02601194381714
360 0 56.912827253341675
354 6 88.8038158416748
360 0 89.90945935249329
360 0 76.23865938186646
360 0 69.47165632247925
360 0 79.64866256713867
360 0 87.72410702705383
360 0 85.93545889854431
360 0 76.65658760070801
360 0 73.99963808059692
360 0 72.32732939720154
360 0 75.92163586616516
360 0 70.94725584983826
360 0 75.55236053466797
360 0 68.92810678482056
360 0 60.61756753921509
360 0 54.771711349487305
360 0 83.46476912498474
360 0 69.62976336479187
360 0 62.79521584510803
360 0 66.76740002632141
360 0 88.26206707954407
360 0 92.06745052337646
360 0 86.9566855430603
360 0 86.63726758956909
360 0 89.72073268890381
360 0 84.57460427284241
360 0 85.20270228385925
360 0 88.89413619041443
360 0 79.32105755805969
360 0 89.93985772132874
360 0 88.18455934524536
360 0 87.97958087921143
360 0 87.79752206802368
360 0 85.8345034122467
360 0 73.5604293346405
360 0 75.21131229400635
360 0 67.39248037338257
360 0 70.21580529212952
360 0 62.521729469299316
360 0 65.69678092002869
360 0 64.1732325553894
360 0 91.85439038276672
360 0 86.36188983917236
