28 0 0.13602972030639648
28 0 0.13402986526489258
28 0 0.13903093338012695
28 0 0.15703463554382324
28 0 0.12302756309509277
28 0 0.13202929496765137
28 0 0.1200265884399414
28 0 0.1380302906036377
28 0 0.13092637062072754
28 0 0.140031099319458
28 0 0.20690655708312988
28 0 0.1588759422302246
28 0 0.16296601295471191
28 0 0.1950397491455078
28 0 0.18133187294006348
28 0 0.20105957984924316
28 0 0.18100905418395996
28 0 0.2050321102142334
28 0 0.15304064750671387
28 0 0.1730189323425293
28 0 0.20113492012023926
28 0 0.24903440475463867
28 0 0.2428891658782959
28 0 0.18804240226745605
28 0 0.19304323196411133
28 0 0.2672905921936035
28 0 0.21126389503479004
28 0 0.20407891273498535
28 0 0.2640972137451172
28 0 0.20907258987426758
28 0 0.20604491233825684
28 0 0.18604183197021484
28 0 0.20204496383666992
28 0 0.22104907035827637
28 0 0.19004273414611816
28 0 0.23005151748657227
28 0 0.1890425682067871
28 0 0.24805641174316406
28 0 0.1870434284210205
28 0 0.19904565811157227
28 0 0.2490556240081787
28 0 0.19304347038269043
28 0 0.21107792854309082
28 0 0.18604207038879395
28 0 0.20104408264160156
28 0 0.1980452537536621
28 0 0.23305249214172363
28 0 0.189042329788208
28 0 0.2180643081665039
28 0 0.19004416465759277
28 0 0.1870415210723877
28 0 0.1829695701599121
28 0 0.2360527515411377
28 0 0.15695667266845703
28 0 0.20262575149536133
28 0 0.16833710670471191
28 0 0.21226191520690918
28 0 0.18605637550354004
28 0 0.1769239902496338
28 0 0.22345709800720215
28 0 0.17011237144470215
28 0 0.19815921783447266
28 0 0.23305273056030273
28 0 0.25908350944519043
28 0 0.19974708557128906
28 0 0.16899704933166504
28 0 0.197005033493042
28 0 0.24498701095581055
28 0 0.22898173332214355
28 0 0.23085570335388184
