125 0 9.280712842941284
125 0 9.422793626785278
125 0 9.523555040359497
125 0 9.421486854553223
125 0 9.35773253440857
125 0 9.444986581802368
125 0 9.276027202606201
125 0 9.754278182983398
125 0 9.715078830718994
125 0 9.433581113815308
120 5 16.33646249771118
122 3 15.18101167678833
125 0 13.900904655456543
125 0 13.940509557723999
125 0 14.576239347457886
125 0 14.130342721939087
125 0 14.30227017402649
125 0 14.189366817474365
125 0 14.208014249801636
125 0 14.837800025939941
125 0 14.786201000213623
125 0 14.010453462600708
125 0 14.439284801483154
125 0 14.675238132476807
125 0 14.767534971237183
125 0 14.107574462890625
125 0 14.453763723373413
125 0 13.839186906814575
125 0 14.404490947723389
125 0 14.50313925743103
125 0 14.756461143493652
125 0 14.21651315689087
125 0 14.742394208908081
125 0 14.562143325805664
125 0 14.987806558609009
125 0 14.526599407196045
125 0 14.330493211746216
125 0 14.733572006225586
125 0 13.93855333328247
125 0 14.610321998596191
125 0 15.239140510559082
125 0 14.902788400650024
125 0 15.239681959152222
125 0 14.952670812606812
125 0 14.683528900146484
125 0 14.472208976745605
125 0 13.724427223205566
125 0 14.101230382919312
125 0 14.312358140945435
125 0 15.010800838470459
125 0 14.45361328125
125 0 14.35476279258728
125 0 15.43927788734436
125 0 13.808135509490967
125 0 14.039611339569092
125 0 14.400830507278442
125 0 14.23038625717163
125 0 14.144601106643677
125 0 14.493375301361084
125 0 14.8792884349823
