2 38 0.13700222969055176
2 38 0.1360921859741211
2 38 0.1362152099609375
2 38 0.13532733917236328
2 38 0.1360950469970703
2 38 0.1350860595703125
2 38 0.1341695785522461
2 38 0.13556504249572754
2 38 0.13408327102661133
2 38 0.13806366920471191
2 38 0.1411879062652588
2 38 0.20762014389038086
2 38 0.2152843475341797
2 38 0.22153377532958984
2 38 0.19001054763793945
2 38 0.17241263389587402
2 38 0.15909409523010254
2 38 0.22010564804077148
2 38 0.2156527042388916
2 38 0.21982765197753906
2 38 0.20004558563232422
2 38 0.21466612815856934
2 38 0.2050461769104004
2 38 0.20886707305908203
2 38 0.20795297622680664
2 38 0.21542716026306152
2 38 0.17804479598999023
2 38 0.21701693534851074
2 38 0.17908525466918945
2 38 0.21101975440979004
2 38 0.19204306602478027
2 38 0.2090470790863037
2 38 0.21204829216003418
2 38 0.19904446601867676
2 38 0.20104551315307617
2 38 0.20604610443115234
2 38 0.20604634284973145
2 38 0.20304656028747559
2 38 0.20404577255249023
2 38 0.21004748344421387
2 38 0.21404814720153809
2 38 0.18007540702819824
2 38 0.2070465087890625
2 38 0.21195483207702637
2 38 0.19904398918151855
2 38 0.21004819869995117
2 38 0.2070469856262207
2 38 0.2160489559173584
2 38 0.187042236328125
2 38 0.20604634284973145
2 38 0.14603233337402344
2 38 0.14303183555603027
2 38 0.19774198532104492
2 38 0.21404790878295898
2 38 0.2650597095489502
2 38 0.20604681968688965
2 38 0.1940441131591797
2 38 0.22305560111999512
2 38 0.20604634284973145
2 38 0.20304560661315918
2 38 0.19004225730895996
2 38 0.19704341888427734
2 38 0.22004938125610352
2 38 0.22304987907409668
2 38 0.21939706802368164
2 38 0.22204995155334473
2 38 0.21926188468933105
2 38 0.22157835960388184
2 38 0.19581818580627441
2 38 0.21996188163757324
