112 0 3.4618771076202393
112 0 3.5349628925323486
112 0 3.353757619857788
112 0 3.5221974849700928
112 0 3.51579213142395
112 0 3.226726531982422
112 0 3.3388478755950928
112 0 3.344595432281494
112 0 3.2583045959472656
112 0 3.3718619346618652
112 0 7.605218887329102
112 0 5.642758369445801
112 0 5.246182203292847
112 0 5.182674407958984
112 0 5.715288400650024
112 0 5.441681623458862
112 0 5.394848585128784
108 4 7.013181686401367
112 0 5.045064926147461
112 0 5.2454423904418945
112 0 5.580256938934326
112 0 6.065339803695679
112 0 5.250183343887329
112 0 5.239293336868286
112 0 5.507984161376953
112 0 5.090582609176636
112 0 5.429971694946289
112 0 5.341804504394531
112 0 5.133439064025879
99 13 9.403214454650879
112 0 5.267392873764038
112 0 5.365440607070923
112 0 5.222280025482178
112 0 4.8736960887908936
112 0 5.175704717636108
112 0 4.900201320648193
112 0 4.998603582382202
112 0 4.972309589385986
112 0 4.903685808181763
112 0 4.888650417327881
112 0 5.1884605884552
112 0 4.874102830886841
112 0 4.98411226272583
112 0 4.901626110076904
112 0 5.2003257274627686
112 0 5.227118492126465
112 0 5.138622283935547
102 10 8.322922945022583
112 0 4.592638254165649
112 0 4.59248948097229
112 0 4.57627010345459
112 0 4.720491886138916
112 0 4.683592081069946
112 0 4.676565885543823
112 0 4.3463733196258545
112 0 4.231199502944946
112 0 3.8318378925323486
112 0 4.5054612159729
108 4 5.956626892089844
112 0 4.626050710678101
112 0 4.5523927211761475
112 0 4.568681240081787
112 0 4.263618230819702
112 0 4.298993110656738
112 0 4.2811384201049805
112 0 3.942709445953369
112 0 4.508491277694702
112 0 4.400821924209595
112 0 4.448103904724121
112 0 4.43930721282959
