2 0 0.003000974655151367
2 0 0.002000570297241211
2 0 0.0020003318786621094
2 0 0.0020003318786621094
2 0 0.002000093460083008
2 0 0.0019996166229248047
2 0 0.002000570297241211
2 0 0.003000020980834961
2 0 0.003000497817993164
2 0 0.0030002593994140625
2 0 0.005000591278076172
2 0 0.006001949310302734
2 0 0.004000186920166016
2 0 0.0039997100830078125
2 0 0.003000497817993164
2 0 0.0039997100830078125
2 0 0.00600123405456543
2 0 0.0040013790130615234
2 0 0.006001710891723633
2 0 0.004001140594482422
2 0 0.004002571105957031
2 0 0.006001949310302734
2 0 0.004001140594482422
2 0 0.002000093460083008
2 0 0.004000663757324219
2 0 0.0050008296966552734
2 0 0.00400090217590332
2 0 0.004000186920166016
2 0 0.003000497817993164
2 0 0.0040013790130615234
2 0 0.00400090217590332
2 0 0.00500035285949707
2 0 0.00400090217590332
2 0 0.003000497817993164
2 0 0.00400090217590332
2 0 0.004000663757324219
2 0 0.0030007362365722656
2 0 0.0030007362365722656
2 0 0.003000497817993164
2 0 0.003000974655151367
2 0 0.004001140594482422
2 0 0.0020008087158203125
2 0 0.0030002593994140625
2 0 0.003000497817993164
2 0 0.004000663757324219
2 0 0.005001068115234375
2 0 0.0030002593994140625
2 0 0.0030012130737304688
2 0 0.003000974655151367
2 0 0.004001140594482422
2 0 0.003000974655151367
2 0 0.00400090217590332
2 0 0.003000497817993164
2 0 0.0029990673065185547
2 0 0.0030007362365722656
2 0 0.004000663757324219
2 0 0.003000497817993164
2 0 0.004001140594482422
2 0 0.003000497817993164
2 0 0.003000497817993164
2 0 0.004001140594482422
2 0 0.00400090217590332
2 0 0.00400090217590332
2 0 0.004000663757324219
2 0 0.0030007362365722656
2 0 0.002000093460083008
2 0 0.00400090217590332
2 0 0.0030007362365722656
2 0 0.00400090217590332
2 0 0.003000974655151367
