20 0 0.23310208320617676
14 6 0.6721513271331787
20 0 0.2830653190612793
15 5 0.4881100654602051
17 3 0.4210543632507324
16 4 0.5811302661895752
20 0 0.40209007263183594
18 2 0.41509342193603516
16 4 0.627140998840332
18 2 0.3270728588104248
18 2 0.5687294006347656
16 4 0.64815354347229
16 4 0.6036245822906494
18 2 0.4903285503387451
18 2 0.6606385707855225
18 2 0.408862829208374
18 2 0.5705289840698242
18 2 0.46598124504089355
13 7 1.243889331817627
16 4 0.5514240264892578
18 2 0.5559499263763428
15 5 0.8183882236480713
15 5 0.5723915100097656
20 0 0.6440379619598389
20 0 0.3868846893310547
18 2 0.45698976516723633
18 2 0.410017728805542
18 2 0.4357430934906006
15 5 0.5935235023498535
18 2 0.5359456539154053
20 0 0.287064790725708
15 5 0.8021814823150635
18 2 0.41509342193603516
18 2 0.7121598720550537
15 5 0.9526998996734619
20 0 0.3029215335845947
18 2 0.47110629081726074
16 4 0.7741744518280029
16 4 0.5081143379211426
20 0 0.4911179542541504
20 0 0.372084379196167
18 2 0.44991421699523926
18 2 0.39708995819091797
20 0 0.4160940647125244
20 0 0.3395869731903076
20 0 0.4501011371612549
20 0 0.36608219146728516
16 4 1.0542378425598145
16 4 1.026230812072754
18 2 0.3920879364013672
18 2 0.5571258068084717
18 2 0.3430767059326172
18 2 0.3490791320800781
18 2 0.5671279430389404
16 4 0.7711749076843262
18 2 0.46910524368286133
18 2 0.524118185043335
20 0 0.2520568370819092
15 5 0.6921548843383789
16 4 0.5605840682983398
20 0 0.26011037826538086
15 5 0.7731740474700928
20 0 0.4631047248840332
18 2 0.5251176357269287
18 2 0.5271167755126953
15 5 0.8872005939483643
16 4 0.6171383857727051
18 2 0.4340980052947998
18 2 0.416093111038208
20 0 0.40532374382019043
15 5 0.9792201519012451
20 0 0.5171160697937012
18 2 0.5341207981109619
18 2 0.387087345123291
20 0 0.371112585067749
20 0 0.32807397842407227
16 4 0.8070220947265625
18 2 0.41516685485839844
18 2 0.7498033046722412
18 2 0.35307979583740234
20 0 0.5533130168914795
20 0 0.5081150531768799
18 2 0.5942103862762451
17 3 0.6778271198272705
18 2 0.629986047744751
15 5 0.9402134418487549
15 5 0.7826650142669678
18 2 0.38208675384521484
18 2 0.4340975284576416
18 2 0.3970518112182617
18 2 0.43195247650146484
20 0 0.5001130104064941
