112 0 2.949378728866577
112 0 2.7546205520629883
112 0 2.8156347274780273
112 0 2.9208030700683594
112 0 2.9706695079803467
112 0 2.807631731033325
112 0 2.801056385040283
112 0 2.671421527862549
112 0 2.690822124481201
112 0 2.6987152099609375
112 0 5.328200578689575
112 0 4.946114540100098
112 0 4.585533142089844
112 0 4.407993316650391
112 0 4.695570468902588
112 0 4.607038259506226
112 0 4.020683526992798
112 0 4.0951011180877686
112 0 4.241358757019043
112 0 4.330721378326416
112 0 4.312971353530884
112 0 4.324974775314331
112 0 4.495198965072632
112 0 4.404499292373657
112 0 4.531898260116577
112 0 4.1868205070495605
112 0 4.330255508422852
112 0 4.854501008987427
112 0 4.162831783294678
112 0 4.313852787017822
112 0 4.376465797424316
112 0 4.144293785095215
112 0 4.311315536499023
112 0 4.187805891036987
112 0 3.9413044452667236
112 0 3.809572458267212
112 0 4.023147344589233
112 0 3.9711666107177734
112 0 4.345791339874268
112 0 4.266962051391602
112 0 3.842001438140869
112 0 4.165552139282227
112 0 4.381392478942871
112 0 4.022083282470703
112 0 4.0733642578125
112 0 4.130051612854004
112 0 4.073081731796265
112 0 3.7958290576934814
112 0 3.9023325443267822
112 0 3.739170551300049
112 0 4.180039405822754
112 0 3.7355611324310303
112 0 3.834571123123169
112 0 3.4199113845825195
112 0 3.786301612854004
112 0 3.5997304916381836
112 0 3.581704616546631
112 0 3.3082242012023926
112 0 3.6439194679260254
112 0 3.4915428161621094
112 0 3.3177995681762695
112 0 3.0863897800445557
112 0 3.6306493282318115
112 0 3.7656428813934326
112 0 3.672081470489502
112 0 3.443964719772339
112 0 3.3092713356018066
112 0 3.8533806800842285
112 0 3.686798572540283
112 0 3.5637125968933105
