4 16 0.08572959899902344
4 16 0.08601975440979004
4 16 0.08505082130432129
4 16 0.08804488182067871
4 16 0.0860891342163086
4 16 0.08701634407043457
4 16 0.08507370948791504
4 16 0.08703303337097168
4 16 0.08801913261413574
4 16 0.08701944351196289
4 16 0.13098859786987305
4 16 0.11805367469787598
4 16 0.13206076622009277
4 16 0.13205790519714355
4 16 0.10704851150512695
4 16 0.11229968070983887
4 16 0.15872859954833984
4 16 0.1430807113647461
4 16 0.13202738761901855
4 16 0.13322854042053223
4 16 0.12006831169128418
4 16 0.12534546852111816
4 16 0.12629318237304688
4 16 0.12878036499023438
4 16 0.1286463737487793
4 16 0.13968682289123535
4 16 0.1292555332183838
4 16 0.09903192520141602
4 16 0.1382303237915039
4 16 0.1400313377380371
4 16 0.11502385139465332
4 16 0.12502789497375488
4 16 0.13302969932556152
4 16 0.13903093338012695
4 16 0.14203238487243652
4 16 0.12402796745300293
4 16 0.13725829124450684
4 16 0.09902215003967285
4 16 0.13303017616271973
4 16 0.13503384590148926
4 16 0.13703083992004395
4 16 0.12304019927978516
4 16 0.13302993774414062
4 16 0.12803077697753906
4 16 0.11702609062194824
4 16 0.09202122688293457
4 16 0.13703036308288574
4 16 0.16703581809997559
4 16 0.13903093338012695
4 16 0.12802958488464355
4 16 0.12602829933166504
4 16 0.12202739715576172
4 16 0.13002920150756836
4 16 0.13102960586547852
4 16 0.11102485656738281
4 16 0.11102557182312012
4 16 0.13106799125671387
4 16 0.10802483558654785
4 16 0.09302163124084473
4 16 0.12002706527709961
4 16 0.12302613258361816
4 16 0.11002516746520996
4 16 0.1180267333984375
4 16 0.12602853775024414
4 16 0.12202787399291992
4 16 0.1290290355682373
4 16 0.1270284652709961
4 16 0.13002848625183105
4 16 0.1380305290222168
4 16 0.11803197860717773
4 16 0.11293578147888184
4 16 0.13403034210205078
4 16 0.13302922248840332
