10 0 0.019519805908203125
10 0 0.01899576187133789
10 0 0.023005247116088867
10 0 0.020005226135253906
10 0 0.019848108291625977
10 0 0.020004749298095703
10 0 0.020004987716674805
10 0 0.020004987716674805
10 0 0.020004987716674805
10 0 0.01903843879699707
10 0 0.03200697898864746
10 0 0.034006595611572266
10 0 0.03300642967224121
10 0 0.03000617027282715
10 0 0.036008358001708984
10 0 0.038007497787475586
10 0 0.03300833702087402
10 0 0.038008928298950195
10 0 0.03700757026672363
10 0 0.030007362365722656
10 0 0.03300762176513672
10 0 0.033005475997924805
10 0 0.03600740432739258
10 0 0.03193974494934082
10 0 0.027005434036254883
10 0 0.02696084976196289
10 0 0.02400493621826172
10 0 0.03299713134765625
10 0 0.030006885528564453
10 0 0.029006481170654297
10 0 0.02800607681274414
10 0 0.033006906509399414
10 0 0.02800607681274414
10 0 0.024004697799682617
10 0 0.023003101348876953
10 0 0.03100728988647461
10 0 0.031006574630737305
10 0 0.030005693435668945
10 0 0.02200460433959961
10 0 0.032007455825805664
10 0 0.028005361557006836
10 0 0.03100752830505371
10 0 0.023005247116088867
10 0 0.03300738334655762
10 0 0.022003173828125
10 0 0.03300762176513672
10 0 0.03500795364379883
10 0 0.024004220962524414
10 0 0.03100728988647461
10 0 0.031006813049316406
10 0 0.03200721740722656
10 0 0.032006025314331055
10 0 0.03200697898864746
10 0 0.043009281158447266
10 0 0.024005889892578125
10 0 0.02400517463684082
10 0 0.027005434036254883
10 0 0.02700638771057129
10 0 0.030006885528564453
10 0 0.028006315231323242
10 0 0.03200697898864746
10 0 0.03400707244873047
10 0 0.033008575439453125
10 0 0.025005578994750977
10 0 0.032007455825805664
10 0 0.03900909423828125
10 0 0.04901123046875
10 0 0.030005693435668945
10 0 0.027005672454833984
10 0 0.02100348472595215
10 0 0.03200674057006836
10 0 0.031006574630737305
10 0 0.031006813049316406
10 0 0.032007694244384766
10 0 0.03400874137878418
10 0 0.030007123947143555
10 0 0.032007455825805664
10 0 0.031006574630737305
10 0 0.03200578689575195
10 0 0.031006813049316406
10 0 0.031006574630737305
10 0 0.03000640869140625
10 0 0.03000640869140625
10 0 0.0290067195892334
10 0 0.03200697898864746
10 0 0.02600550651550293
10 0 0.029006481170654297
10 0 0.03300666809082031
10 0 0.03200697898864746
10 0 0.03300738334655762
10 0 0.024005413055419922
10 0 0.027006149291992188
10 0 0.025005102157592773
10 0 0.0290067195892334
10 0 0.03400754928588867
10 0 0.031006336212158203
10 0 0.03200674057006836
10 0 0.03400850296020508
10 0 0.03400731086730957
10 0 0.031006336212158203
