8 2 0.3502187728881836
10 0 0.04400944709777832
10 0 0.05201220512390137
10 0 0.030005455017089844
10 0 0.03600740432739258
10 0 0.039008378982543945
8 2 0.3610811233520508
10 0 0.02700495719909668
10 0 0.03200721740722656
10 0 0.047009944915771484
10 0 0.05501294136047363
10 0 0.07801675796508789
10 0 0.049009084701538086
10 0 0.05701279640197754
10 0 0.07747697830200195
10 0 0.08901214599609375
10 0 0.11514878273010254
10 0 0.08201861381530762
10 0 0.08401846885681152
10 0 0.04701042175292969
10 0 0.06701517105102539
10 0 0.06001448631286621
10 0 0.04200887680053711
10 0 0.04302787780761719
10 0 0.10400867462158203
10 0 0.037007808685302734
10 0 0.05000162124633789
10 0 0.06201434135437012
10 0 0.056967735290527344
8 2 0.4440422058105469
10 0 0.07201600074768066
10 0 0.06301498413085938
10 0 0.05101180076599121
10 0 0.052011966705322266
10 0 0.06801557540893555
10 0 0.05201125144958496
10 0 0.05001091957092285
10 0 0.04300951957702637
10 0 0.0800175666809082
10 0 0.07801556587219238
10 0 0.04701042175292969
10 0 0.052011728286743164
10 0 0.06501460075378418
10 0 0.05701303482055664
10 0 0.059012413024902344
10 0 0.05701255798339844
10 0 0.04601025581359863
10 0 0.06101393699645996
10 0 0.0690152645111084
10 0 0.09302115440368652
10 0 0.12502765655517578
10 0 0.05101156234741211
10 0 0.06701397895812988
10 0 0.0490109920501709
10 0 0.05701255798339844
10 0 0.07001566886901855
10 0 0.05101132392883301
8 2 0.4491004943847656
10 0 0.07401752471923828
10 0 0.08301901817321777
10 0 0.11402535438537598
10 0 0.06401419639587402
10 0 0.04200935363769531
10 0 0.052011966705322266
10 0 0.04901123046875
8 2 0.474107027053833
10 0 0.08501887321472168
10 0 0.07601690292358398
10 0 0.04701066017150879
10 0 0.10302305221557617
