6 14 0.140031099319458
6 14 0.14115357398986816
6 14 0.14108872413635254
6 14 0.1419544219970703
6 14 0.13999724388122559
6 14 0.14191269874572754
6 14 0.14624714851379395
6 14 0.1411914825439453
6 14 0.14043903350830078
6 14 0.1432187557220459
6 14 0.1920764446258545
6 14 0.2221972942352295
6 14 0.22958779335021973
6 14 0.20170807838439941
6 14 0.170088529586792
6 14 0.22839951515197754
6 14 0.22008419036865234
6 14 0.19016647338867188
6 14 0.19104290008544922
6 14 0.24683570861816406
6 14 0.22207951545715332
6 14 0.22049450874328613
6 14 0.22432589530944824
6 14 0.2303295135498047
6 14 0.2036421298980713
6 14 0.23901605606079102
6 14 0.2163851261138916
6 14 0.17912006378173828
6 14 0.21974635124206543
6 14 0.19939541816711426
6 14 0.21504783630371094
6 14 0.23009014129638672
6 14 0.21704864501953125
6 14 0.22605228424072266
6 14 0.2180492877960205
6 14 0.17303919792175293
6 14 0.1960442066192627
6 14 0.2270505428314209
6 14 0.17703914642333984
6 14 0.2019047737121582
6 14 0.20304656028747559
6 14 0.189042329788208
6 14 0.16303634643554688
6 14 0.19904494285583496
6 14 0.231278657913208
6 14 0.20804643630981445
6 14 0.218048095703125
6 14 0.2250511646270752
6 14 0.23837709426879883
6 14 0.19499897956848145
6 14 0.18804240226745605
6 14 0.18004083633422852
6 14 0.17904043197631836
6 14 0.20204377174377441
6 14 0.1560349464416504
6 14 0.22101950645446777
6 14 0.21404814720153809
6 14 0.18204164505004883
6 14 0.254075288772583
6 14 0.1980440616607666
6 14 0.21504807472229004
6 14 0.2140488624572754
6 14 0.22705078125
6 14 0.24720406532287598
6 14 0.18494701385498047
6 14 0.17904019355773926
6 14 0.1760399341583252
6 14 0.22004914283752441
6 14 0.21004700660705566
6 14 0.1850416660308838
6 14 0.16403675079345703
6 14 0.20404529571533203
