7 0 0.029006242752075195
7 0 0.04094362258911133
7 0 0.03595781326293945
7 0 0.031006813049316406
7 0 0.03200697898864746
7 0 0.03300738334655762
7 0 0.035007476806640625
7 0 0.031008005142211914
7 0 0.03500866889953613
7 0 0.03300905227661133
7 0 0.04499936103820801
7 0 0.05201101303100586
7 0 0.0600132942199707
7 0 0.05501294136047363
7 0 0.0690147876739502
7 0 0.054012298583984375
7 0 0.061013221740722656
7 0 0.04701042175292969
7 0 0.058013200759887695
7 0 0.06501460075378418
7 0 0.04801058769226074
7 0 0.03600764274597168
7 0 0.04299664497375488
7 0 0.04200935363769531
7 0 0.040008544921875
7 0 0.04300951957702637
7 0 0.04600930213928223
7 0 0.05401206016540527
7 0 0.05601215362548828
7 0 0.05801248550415039
7 0 0.05301189422607422
7 0 0.07301640510559082
7 0 0.04801034927368164
7 0 0.06201481819152832
7 0 0.04600930213928223
7 0 0.052011966705322266
7 0 0.05701279640197754
7 0 0.04100918769836426
7 0 0.03800821304321289
7 0 0.05501127243041992
7 0 0.05301237106323242
7 0 0.05201148986816406
7 0 0.04801058769226074
7 0 0.04501080513000488
7 0 0.03900861740112305
7 0 0.0400090217590332
7 0 0.06401467323303223
7 0 0.05601310729980469
7 0 0.04801130294799805
7 0 0.05001091957092285
7 0 0.0400090217590332
7 0 0.03800821304321289
7 0 0.061014413833618164
7 0 0.034008026123046875
7 0 0.05101203918457031
7 0 0.05301237106323242
7 0 0.06301426887512207
7 0 0.05101132392883301
7 0 0.042009592056274414
7 0 0.06501412391662598
7 0 0.05201148986816406
7 0 0.0600132942199707
7 0 0.06101489067077637
7 0 0.059012651443481445
7 0 0.0630180835723877
7 0 0.046019792556762695
7 0 0.047020912170410156
7 0 0.040008544921875
7 0 0.05601239204406738
7 0 0.04408121109008789
