237 8 50.599170446395874
245 0 46.36758089065552
239 6 48.769909381866455
235 10 52.331562995910645
240 5 47.735803842544556
245 0 45.68291759490967
245 0 46.10386300086975
245 0 46.32558989524841
245 0 48.22400093078613
245 0 46.678149938583374
245 0 55.41948890686035
240 5 70.30384063720703
239 6 68.8929431438446
245 0 73.29530119895935
245 0 80.2655074596405
245 0 79.09910893440247
239 6 79.86192727088928
245 0 79.63069891929626
245 0 48.92781209945679
245 0 50.249502182006836
230 15 56.533087968826294
245 0 46.614753007888794
245 0 75.8803174495697
245 0 75.01143193244934
233 12 84.83081722259521
245 0 76.2698745727539
234 11 83.88941431045532
245 0 75.7403335571289
245 0 74.72075009346008
241 4 76.41507315635681
233 12 88.52418780326843
245 0 74.60931468009949
239 6 80.3820743560791
228 17 95.19792699813843
245 0 78.36311197280884
245 0 77.08022665977478
245 0 77.96700191497803
242 3 80.52806687355042
237 8 84.01367402076721
240 5 79.04771518707275
240 5 74.25146055221558
245 0 72.32947254180908
245 0 66.11061215400696
245 0 67.85631775856018
245 0 71.23835325241089
230 15 82.28902435302734
245 0 68.91847777366638
245 0 68.65119099617004
245 0 69.89574527740479
236 9 75.7486367225647
242 3 70.5644760131836
237 8 79.08684611320496
245 0 73.37856650352478
237 8 73.69752216339111
242 3 67.66016793251038
231 14 81.54862022399902
245 0 73.72241115570068
241 4 73.21150374412537
245 0 72.41916823387146
245 0 72.77781581878662
245 0 72.9803192615509
241 4 76.64971661567688
245 0 70.72073888778687
245 0 71.01033806800842
245 0 70.6249794960022
236 9 73.88090920448303
234 11 69.55002570152283
235 10 67.36669611930847
245 0 60.46344876289368
224 21 77.40932559967041
245 0 46.45691537857056
235 10 52.61773109436035
