45 0 0.7939631938934326
45 0 0.7668585777282715
45 0 0.7813131809234619
45 0 0.7969262599945068
45 0 0.8006308078765869
45 0 0.7511224746704102
45 0 0.7548243999481201
45 0 0.7928323745727539
45 0 0.7582559585571289
45 0 0.7384734153747559
45 0 1.0562644004821777
45 0 0.9702417850494385
45 0 0.8201339244842529
45 0 0.9906973838806152
45 0 0.8812277317047119
45 0 0.9922287464141846
45 0 1.0363342761993408
45 0 1.172776460647583
45 0 1.0453248023986816
45 0 1.0912716388702393
45 0 1.2548871040344238
45 0 1.243220567703247
45 0 1.1992127895355225
45 0 1.150557279586792
45 0 1.108626365661621
45 0 1.1697373390197754
45 0 1.1631474494934082
45 0 1.2215523719787598
41 4 2.372903347015381
45 0 1.2026925086975098
45 0 1.2586491107940674
45 0 1.2265748977661133
45 0 1.3045191764831543
41 4 1.5934486389160156
45 0 1.1150615215301514
40 5 1.8700156211853027
45 0 1.2173314094543457
45 0 1.2123346328735352
45 0 1.2155776023864746
45 0 1.205676794052124
45 0 1.1545653343200684
45 0 1.271909475326538
45 0 1.2015719413757324
45 0 1.1844794750213623
45 0 1.1839020252227783
45 0 1.1908745765686035
45 0 1.220325231552124
45 0 1.2136051654815674
45 0 1.0605931282043457
45 0 1.1608209609985352
45 0 1.1460590362548828
45 0 1.1706907749176025
38 7 4.024883508682251
45 0 1.1772761344909668
45 0 1.1142492294311523
45 0 1.1860899925231934
45 0 1.2156243324279785
45 0 1.141402244567871
45 0 1.1527674198150635
45 0 1.1525886058807373
45 0 1.097243070602417
45 0 1.1549453735351562
