8 0 0.01600337028503418
8 0 0.014003276824951172
8 0 0.014002323150634766
8 0 0.016002893447875977
8 0 0.013002395629882812
8 0 0.014002561569213867
8 0 0.014002323150634766
8 0 0.013002395629882812
8 0 0.01400303840637207
8 0 0.013002157211303711
8 0 0.018002986907958984
8 0 0.02200484275817871
8 0 0.01800251007080078
8 0 0.020003318786621094
8 0 0.02270817756652832
8 0 0.0180051326751709
8 0 0.018696308135986328
8 0 0.02600574493408203
8 0 0.026006221771240234
8 0 0.02200484275817871
8 0 0.020003080368041992
8 0 0.02200484275817871
8 0 0.02400517463684082
8 0 0.02200484275817871
8 0 0.020852327346801758
8 0 0.03600931167602539
8 0 0.0217287540435791
8 0 0.018002986907958984
8 0 0.024005889892578125
8 0 0.022004127502441406
8 0 0.03000617027282715
8 0 0.024005413055419922
8 0 0.020008087158203125
8 0 0.023006677627563477
8 0 0.02700662612915039
8 0 0.024005413055419922
8 0 0.023004770278930664
8 0 0.017003297805786133
8 0 0.01900315284729004
8 0 0.023004770278930664
8 0 0.02400374412536621
8 0 0.023005247116088867
8 0 0.021004915237426758
8 0 0.015001535415649414
8 0 0.0230100154876709
8 0 0.0200045108795166
8 0 0.025005578994750977
8 0 0.01800370216369629
8 0 0.01800394058227539
8 0 0.019003868103027344
8 0 0.02300405502319336
8 0 0.02300548553466797
8 0 0.019001007080078125
8 0 0.02458024024963379
8 0 0.021897554397583008
8 0 0.018375873565673828
8 0 0.03414726257324219
8 0 0.016892194747924805
8 0 0.021305561065673828
8 0 0.023005008697509766
8 0 0.02640986442565918
8 0 0.022943735122680664
8 0 0.026968002319335938
8 0 0.023005247116088867
8 0 0.023923158645629883
8 0 0.022929668426513672
8 0 0.02233743667602539
8 0 0.019003868103027344
8 0 0.021004915237426758
8 0 0.02400517463684082
