18 2 0.13002896308898926
20 0 0.12202739715576172
20 0 0.1180264949798584
20 0 0.0980222225189209
20 0 0.1259632110595703
18 2 0.15303468704223633
20 0 0.09402012825012207
20 0 0.11202454566955566
20 0 0.16803789138793945
20 0 0.14503192901611328
20 0 0.12089037895202637
20 0 0.16606402397155762
20 0 0.18635010719299316
20 0 0.14338302612304688
20 0 0.1400620937347412
20 0 0.20307636260986328
20 0 0.1250619888305664
18 2 0.1955578327178955
18 2 0.2600586414337158
20 0 0.18312621116638184
18 2 0.21905064582824707
20 0 0.19404387474060059
20 0 0.17622709274291992
20 0 0.15921568870544434
20 0 0.13915133476257324
20 0 0.19365763664245605
20 0 0.24231863021850586
18 2 0.23751616477966309
18 2 0.1968224048614502
20 0 0.1670377254486084
20 0 0.11902594566345215
20 0 0.18010425567626953
17 3 0.2740609645843506
20 0 0.17503929138183594
20 0 0.17303848266601562
20 0 0.1290285587310791
20 0 0.1090242862701416
20 0 0.13002967834472656
20 0 0.17303919792175293
20 0 0.17403912544250488
20 0 0.15103411674499512
18 2 0.27906227111816406
20 0 0.18404030799865723
20 0 0.12102675437927246
20 0 0.13616442680358887
20 0 0.17503905296325684
20 0 0.1780402660369873
20 0 0.1780397891998291
20 0 0.1890430450439453
20 0 0.1479964256286621
20 0 0.19104218482971191
20 0 0.15903592109680176
20 0 0.16403698921203613
20 0 0.12202739715576172
20 0 0.136030912399292
20 0 0.11202478408813477
20 0 0.12202692031860352
20 0 0.15403461456298828
20 0 0.18404126167297363
20 0 0.20204472541809082
20 0 0.18104100227355957
20 0 0.21404767036437988
20 0 0.16203594207763672
20 0 0.15403413772583008
20 0 0.2050457000732422
20 0 0.16603708267211914
18 2 0.23905396461486816
20 0 0.1580348014831543
20 0 0.1690375804901123
20 0 0.15103387832641602
20 0 0.1960434913635254
20 0 0.17403888702392578
