72 0 1.937436580657959
72 0 1.952439785003662
72 0 2.945770502090454
72 0 2.9154322147369385
72 0 2.0651659965515137
72 0 2.866353750228882
72 0 2.925448417663574
72 0 2.9336612224578857
72 0 2.8966524600982666
72 0 2.878647565841675
72 0 3.0916969776153564
72 0 3.2567331790924072
72 0 3.18871808052063
72 0 3.1557135581970215
72 0 3.563312292098999
72 0 3.2907416820526123
72 0 3.2147247791290283
72 0 3.113701343536377
72 0 3.096698045730591
72 0 3.09570050239563
72 0 3.2162303924560547
72 0 3.105699062347412
72 0 3.3427534103393555
72 0 3.243237257003784
72 0 3.462780714035034
72 0 3.316188335418701
72 0 3.2792446613311768
72 0 3.1447088718414307
72 0 3.3927645683288574
72 0 3.4537782669067383
72 0 4.156397819519043
72 0 3.3677589893341064
72 0 3.3637583255767822
72 0 3.3277502059936523
72 0 3.223726272583008
72 0 3.7653541564941406
72 0 3.306748628616333
72 0 3.3902721405029297
72 0 3.4817843437194824
72 0 3.370759963989258
72 0 3.404768228530884
72 0 3.318748712539673
72 0 4.038909673690796
72 0 3.5112416744232178
72 0 3.449777603149414
72 0 3.7678489685058594
72 0 3.4572830200195312
72 0 3.3372576236724854
72 0 3.368759870529175
72 0 3.3632328510284424
72 0 3.312758207321167
72 0 3.58780837059021
72 0 3.2927417755126953
72 0 3.062690019607544
72 0 3.0316834449768066
72 0 2.961667537689209
72 0 3.061689615249634
72 0 3.0476865768432617
72 0 3.275951623916626
72 0 3.455561876296997
72 0 3.2452380657196045
72 0 3.101698875427246
72 0 3.0084362030029297
72 0 3.050086259841919
72 0 3.0152366161346436
72 0 3.1027307510375977
72 0 3.063791036605835
72 0 3.116798162460327
72 0 3.0683882236480713
72 0 3.1537106037139893
