80 0 21.072749614715576
71 9 14.651318550109863
69 11 21.338578701019287
71 9 16.260042428970337
62 18 19.471060514450073
68 12 19.57894778251648
73 7 21.996925354003906
74 6 20.876112937927246
69 11 21.063908338546753
68 12 23.965168952941895
74 6 17.866667985916138
66 14 21.33355164527893
74 6 23.803693532943726
75 5 20.149025440216064
63 17 17.482452392578125
73 7 17.293992280960083
71 9 18.353354692459106
73 7 20.397164821624756
74 6 20.311003923416138
63 17 19.568858861923218
61 19 21.87608289718628
55 25 23.06232190132141
73 7 17.87104606628418
72 8 13.189985990524292
72 8 24.070048809051514
77 3 17.761651039123535
69 11 19.015836000442505
72 8 16.19690489768982
77 3 22.66121768951416
66 14 24.03422498703003
78 2 16.71422004699707
48 32 20.034371376037598
79 1 21.893001317977905
77 3 14.950384378433228
74 6 21.906877279281616
75 5 25.073528289794922
76 4 17.93421459197998
75 5 16.594756603240967
70 10 17.98324966430664
56 24 18.966603994369507
70 10 24.136029720306396
71 9 17.45666193962097
80 0 20.86267614364624
63 17 23.024938106536865
71 9 16.305118322372437
64 16 15.253059387207031
71 9 15.836585283279419
68 12 18.750019073486328
69 11 18.952499389648438
64 16 15.447644233703613
71 9 19.316370487213135
64 16 15.528116941452026
67 13 18.67593502998352
74 6 14.394534349441528
78 2 18.584867477416992
61 19 20.05545711517334
67 13 18.95579242706299
71 9 14.0181245803833
54 26 18.74770474433899
76 4 17.95228600502014
75 5 16.511272430419922
77 3 16.371622323989868
60 20 20.437318563461304
68 12 17.68170738220215
61 19 17.043034315109253
71 9 16.45197629928589
63 17 19.071218729019165
73 7 18.842670440673828
63 17 15.998472452163696
73 7 21.002159357070923
