5 0 0.0050008296966552734
5 0 0.005000591278076172
5 0 0.004625082015991211
5 0 0.00500035285949707
5 0 0.005000591278076172
5 0 0.005001068115234375
5 0 0.005558013916015625
5 0 0.004000425338745117
5 0 0.0050008296966552734
5 0 0.005001068115234375
5 0 0.009000539779663086
5 0 0.009002685546875
5 0 0.010002613067626953
5 0 0.008000850677490234
5 0 0.008001565933227539
5 0 0.006999492645263672
5 0 0.005001544952392578
5 0 0.008001327514648438
5 0 0.006000995635986328
5 0 0.007001161575317383
5 0 0.007999658584594727
5 0 0.008001089096069336
5 0 0.005001068115234375
5 0 0.00600123405456543
5 0 0.00600123405456543
5 0 0.007001399993896484
5 0 0.008000850677490234
5 0 0.008001327514648438
5 0 0.008002042770385742
5 0 0.007001399993896484
5 0 0.007001638412475586
5 0 0.00500035285949707
5 0 0.008001565933227539
5 0 0.006000518798828125
5 0 0.007001161575317383
5 0 0.0060002803802490234
5 0 0.008001565933227539
5 0 0.007001399993896484
5 0 0.008002281188964844
5 0 0.007001638412475586
5 0 0.008000850677490234
5 0 0.006000995635986328
5 0 0.007001399993896484
5 0 0.006000995635986328
5 0 0.006000518798828125
5 0 0.0060007572174072266
5 0 0.0070018768310546875
5 0 0.006000995635986328
5 0 0.008001089096069336
5 0 0.008001565933227539
5 0 0.00800180435180664
5 0 0.006000995635986328
5 0 0.006000041961669922
5 0 0.005001068115234375
5 0 0.008001565933227539
5 0 0.006001472473144531
5 0 0.008000612258911133
5 0 0.0060007572174072266
5 0 0.00800180435180664
5 0 0.008002996444702148
5 0 0.005001068115234375
5 0 0.00800180435180664
5 0 0.008001565933227539
5 0 0.00800180435180664
5 0 0.007002115249633789
5 0 0.0050013065338134766
5 0 0.008000373840332031
5 0 0.007000446319580078
5 0 0.005000114440917969
5 0 0.008001089096069336
5 0 0.009001970291137695
5 0 0.007001638412475586
5 0 0.007000923156738281
5 0 0.011003255844116211
5 0 0.00800180435180664
5 0 0.007000923156738281
5 0 0.00800180435180664
5 0 0.008000373840332031
5 0 0.0070002079010009766
5 0 0.0110015869140625
5 0 0.009002685546875
5 0 0.009003162384033203
5 0 0.007001161575317383
5 0 0.008001089096069336
5 0 0.006001472473144531
5 0 0.008000373840332031
5 0 0.007000923156738281
5 0 0.0050013065338134766
5 0 0.007001161575317383
5 0 0.008002519607543945
5 0 0.007001399993896484
5 0 0.007001638412475586
5 0 0.006002187728881836
5 0 0.0060002803802490234
5 0 0.008001565933227539
5 0 0.0070018768310546875
5 0 0.007001638412475586
5 0 0.008001327514648438
5 0 0.00700068473815918
5 0 0.00800180435180664
