5 0 0.012002944946289062
5 0 0.012001752853393555
5 0 0.01400303840637207
5 0 0.012003660202026367
5 0 0.012002706527709961
5 0 0.01200246810913086
5 0 0.013002634048461914
5 0 0.016002893447875977
5 0 0.01700425148010254
5 0 0.012001752853393555
5 0 0.0200045108795166
5 0 0.02100539207458496
5 0 0.01900506019592285
5 0 0.019004106521606445
5 0 0.025005102157592773
5 0 0.01800370216369629
5 0 0.01900458335876465
5 0 0.019004106521606445
5 0 0.023004770278930664
5 0 0.019004106521606445
5 0 0.01903986930847168
5 0 0.017003774642944336
5 0 0.0200040340423584
5 0 0.017003774642944336
5 0 0.014002323150634766
5 0 0.015003681182861328
5 0 0.01300191879272461
5 0 0.014002323150634766
5 0 0.016003131866455078
5 0 0.014003276824951172
5 0 0.01900482177734375
5 0 0.020004749298095703
5 0 0.02200484275817871
5 0 0.01900458335876465
5 0 0.018004179000854492
5 0 0.015003681182861328
5 0 0.013002634048461914
5 0 0.01600360870361328
5 0 0.013010501861572266
5 0 0.025004863739013672
5 0 0.022005558013916016
5 0 0.01400303840637207
5 0 0.01900506019592285
5 0 0.0200040340423584
5 0 0.01900339126586914
5 0 0.01500391960144043
5 0 0.017004013061523438
5 0 0.021004438400268555
5 0 0.014003515243530273
5 0 0.019004106521606445
5 0 0.0200045108795166
5 0 0.017004013061523438
5 0 0.013002872467041016
5 0 0.018004179000854492
5 0 0.022004365921020508
5 0 0.014003276824951172
5 0 0.01800370216369629
5 0 0.02300548553466797
5 0 0.021004676818847656
5 0 0.013002634048461914
5 0 0.0200040340423584
5 0 0.019004106521606445
5 0 0.019003629684448242
5 0 0.012001991271972656
5 0 0.019003868103027344
5 0 0.020005464553833008
5 0 0.02200460433959961
5 0 0.01400303840637207
5 0 0.017003774642944336
5 0 0.018004417419433594
