20 0 0.08501863479614258
20 0 0.07804512977600098
20 0 0.0780642032623291
20 0 0.07904863357543945
20 0 0.08106136322021484
20 0 0.07506752014160156
20 0 0.07902288436889648
20 0 0.08003997802734375
20 0 0.0780172348022461
20 0 0.07501626014709473
20 0 0.11531424522399902
20 0 0.11706995964050293
20 0 0.12002682685852051
20 0 0.11706304550170898
20 0 0.11305999755859375
20 0 0.1164708137512207
20 0 0.10705423355102539
20 0 0.10660767555236816
20 0 0.12110233306884766
20 0 0.1438884735107422
20 0 0.14726877212524414
20 0 0.11970210075378418
20 0 0.09696626663208008
20 0 0.13703060150146484
20 0 0.11512923240661621
20 0 0.12602782249450684
20 0 0.12060236930847168
20 0 0.1473376750946045
20 0 0.11102485656738281
20 0 0.12488079071044922
20 0 0.11102437973022461
20 0 0.11202502250671387
20 0 0.12602853775024414
20 0 0.12202763557434082
20 0 0.12102746963500977
20 0 0.11094117164611816
20 0 0.10702395439147949
20 0 0.1270287036895752
20 0 0.10702395439147949
20 0 0.11703872680664062
20 0 0.11902499198913574
20 0 0.11498379707336426
20 0 0.09602165222167969
20 0 0.10802412033081055
20 0 0.10002660751342773
20 0 0.12888312339782715
20 0 0.10202264785766602
20 0 0.14003348350524902
20 0 0.12402653694152832
20 0 0.12602829933166504
20 0 0.11502599716186523
20 0 0.10402321815490723
20 0 0.09402060508728027
20 0 0.12502837181091309
20 0 0.13703012466430664
20 0 0.11102557182312012
20 0 0.13703083992004395
20 0 0.12002754211425781
20 0 0.0870206356048584
20 0 0.1080319881439209
20 0 0.10813546180725098
20 0 0.12502813339233398
20 0 0.11802554130554199
20 0 0.1090245246887207
20 0 0.09602141380310059
20 0 0.10502362251281738
20 0 0.10502409934997559
20 0 0.10202288627624512
20 0 0.1090245246887207
20 0 0.08401942253112793
20 0 0.12402749061584473
20 0 0.10402369499206543
