32 0 0.3300771713256836
32 0 0.3360726833343506
32 0 0.34607744216918945
32 0 0.3470768928527832
32 0 0.3378903865814209
32 0 0.35107874870300293
32 0 0.3475933074951172
32 0 0.33907651901245117
32 0 0.32715868949890137
32 0 0.3340756893157959
32 0 0.5440940856933594
32 0 0.5671277046203613
32 0 0.6161401271820068
32 0 0.5621252059936523
32 0 0.5331206321716309
32 0 0.523118257522583
32 0 0.4314849376678467
32 0 0.4821438789367676
32 0 0.5361206531524658
32 0 0.49111080169677734
32 0 0.42909693717956543
32 0 0.579129695892334
32 0 0.5351195335388184
32 0 0.5562810897827148
32 0 0.52707839012146
32 0 0.4981105327606201
32 0 0.5091145038604736
32 0 0.5201172828674316
32 0 0.5331201553344727
32 0 0.5871315002441406
32 0 0.5761294364929199
32 0 0.5361201763153076
32 0 0.6511468887329102
32 0 0.6341426372528076
32 0 0.5681276321411133
32 0 0.5791306495666504
32 0 0.5291192531585693
32 0 0.5631234645843506
32 0 0.5641269683837891
32 0 0.5691280364990234
32 0 0.7041575908660889
32 0 0.5951344966888428
32 0 0.5401217937469482
32 0 0.5591261386871338
32 0 0.5721278190612793
32 0 0.5026195049285889
32 0 0.5711288452148438
32 0 0.5771293640136719
32 0 0.5531234741210938
32 0 0.6049642562866211
32 0 0.6691498756408691
32 0 0.5261185169219971
32 0 0.6071369647979736
32 0 0.663149356842041
32 0 0.718512773513794
32 0 0.6541476249694824
32 0 0.5681285858154297
32 0 0.6381440162658691
32 0 0.5611269474029541
32 0 0.6851537227630615
32 0 0.5591263771057129
32 0 0.5861318111419678
32 0 0.6296038627624512
32 0 0.5341205596923828
32 0 0.5671279430389404
32 0 0.5701282024383545
32 0 0.5701289176940918
32 0 0.5571255683898926
32 0 0.5491242408752441
32 0 0.5651271343231201
