2 0 0.00099945068359375
2 0 0.0
2 0 0.0010004043579101562
2 0 0.0010004043579101562
2 0 0.0009999275207519531
2 0 0.0010001659393310547
2 0 0.0
2 0 0.0010001659393310547
2 0 0.0
2 0 0.0009996891021728516
2 0 0.0009996891021728516
2 0 0.0009999275207519531
2 0 0.0010001659393310547
2 0 0.0009999275207519531
2 0 0.0
2 0 0.0009999275207519531
2 0 0.0
2 0 0.0
2 0 0.0009996891021728516
2 0 0.0010001659393310547
2 0 0.0
2 0 0.0010001659393310547
2 0 0.0010023117065429688
2 0 0.0009999275207519531
2 0 0.0
2 0 0.0009996891021728516
2 0 0.00099945068359375
2 0 0.0009999275207519531
2 0 0.0010004043579101562
2 0 0.0010006427764892578
2 0 0.0009989738464355469
2 0 0.0
2 0 0.0
2 0 0.004001140594482422
2 0 0.0
2 0 0.0019998550415039062
2 0 0.0009996891021728516
2 0 0.0
2 0 0.0009996891021728516
2 0 0.00099945068359375
2 0 0.0009999275207519531
2 0 0.0009989738464355469
2 0 0.0
2 0 0.0
2 0 0.0010001659393310547
2 0 0.0010023117065429688
2 0 0.00099945068359375
2 0 0.0010001659393310547
2 0 0.0
2 0 0.0009992122650146484
2 0 0.0010001659393310547
2 0 0.0
2 0 0.0
2 0 0.0010004043579101562
2 0 0.0010004043579101562
2 0 0.0009984970092773438
2 0 0.0010001659393310547
2 0 0.001001119613647461
2 0 0.0
2 0 0.0
2 0 0.0009989738464355469
2 0 0.0009989738464355469
2 0 0.0009996891021728516
2 0 0.0009999275207519531
2 0 0.0
2 0 0.0010013580322265625
2 0 0.0009996891021728516
2 0 0.0
2 0 0.0010006427764892578
2 0 0.0010008811950683594
2 0 0.0
2 0 0.0010001659393310547
2 0 0.0
2 0 0.0010004043579101562
2 0 0.0
2 0 0.0010001659393310547
2 0 0.0010004043579101562
2 0 0.0
2 0 0.0
2 0 0.0010001659393310547
2 0 0.0010001659393310547
2 0 0.0010001659393310547
2 0 0.0010001659393310547
2 0 0.0
2 0 0.0009996891021728516
2 0 0.0009999275207519531
2 0 0.0009999275207519531
2 0 0.0010006427764892578
2 0 0.0010001659393310547
2 0 0.0010004043579101562
2 0 0.0009992122650146484
2 0 0.0010004043579101562
2 0 0.0010001659393310547
2 0 0.002001047134399414
2 0 0.0010004043579101562
2 0 0.0009992122650146484
2 0 0.0010001659393310547
2 0 0.0
2 0 0.0010004043579101562
2 0 0.0010001659393310547
