45 0 0.9983386993408203
45 0 0.986243724822998
45 0 1.0142428874969482
45 0 0.9463779926300049
45 0 1.0002501010894775
45 0 0.9482381343841553
45 0 0.9522385597229004
45 0 0.9587481021881104
45 0 1.0002505779266357
45 0 0.980257511138916
45 0 1.3043274879455566
45 0 1.2774083614349365
45 0 1.0739188194274902
45 0 1.1894652843475342
45 0 1.5580482482910156
45 0 1.4794118404388428
45 0 1.4744007587432861
45 0 1.6101317405700684
45 0 1.5354020595550537
45 0 1.5716896057128906
45 0 1.4989135265350342
45 0 1.3766601085662842
45 0 1.529836654663086
45 0 1.461005449295044
45 0 1.541736364364624
45 0 1.3727843761444092
45 0 1.5754530429840088
45 0 1.458228588104248
45 0 1.459247350692749
45 0 1.5663766860961914
45 0 1.5374231338500977
45 0 1.5233166217803955
45 0 1.5872316360473633
45 0 1.5213406085968018
45 0 1.5370376110076904
45 0 1.4959685802459717
45 0 1.5274817943572998
45 0 1.490297555923462
45 0 1.5583481788635254
45 0 1.4533264636993408
45 0 1.4752068519592285
45 0 1.4625015258789062
45 0 1.4805948734283447
45 0 1.4594237804412842
45 0 1.5258498191833496
45 0 1.5804600715637207
45 0 1.500868558883667
45 0 1.563997507095337
45 0 1.5555338859558105
45 0 1.513338327407837
45 0 1.4601266384124756
45 0 1.423982858657837
45 0 1.405472993850708
45 0 1.5052366256713867
45 0 1.4453043937683105
45 0 1.5149567127227783
45 0 1.4326982498168945
45 0 1.343764305114746
41 4 3.004896879196167
45 0 1.5232234001159668
45 0 1.463618278503418
45 0 1.3663835525512695
