42 3 0.8033204078674316
37 8 1.2702863216400146
39 6 1.0602390766143799
40 5 1.1742637157440186
39 6 1.3993158340454102
43 2 0.9292092323303223
38 7 0.9760875701904297
42 3 1.114250659942627
34 11 1.2132728099822998
40 5 1.2122721672058105
38 7 1.5102167129516602
36 9 1.6943423748016357
43 2 1.1253373622894287
33 12 1.2672393321990967
35 10 1.6253633499145508
34 11 2.001447916030884
41 4 1.2972900867462158
38 7 1.493335247039795
32 13 1.9794425964355469
39 6 1.1152489185333252
38 7 1.1992688179016113
41 4 0.8611931800842285
42 3 1.5903561115264893
34 11 1.2722842693328857
35 10 1.4253180027008057
39 6 1.0652389526367188
31 14 1.9924452304840088
35 10 1.9194302558898926
36 9 1.6153614521026611
43 2 0.9412107467651367
31 14 2.240501642227173
35 10 1.7483925819396973
41 4 1.1092486381530762
34 11 1.6383671760559082
32 13 3.158708095550537
33 12 2.371532440185547
38 7 1.638366460800171
37 8 2.3115179538726807
42 3 1.3012919425964355
