43 0 0.3359050750732422
43 0 0.34377264976501465
43 0 0.3249020576477051
43 0 0.3146371841430664
43 0 0.3299589157104492
43 0 0.32994508743286133
43 0 0.31472182273864746
43 0 0.3123798370361328
43 0 0.31252074241638184
43 0 0.3123948574066162
43 0 0.5281176567077637
43 0 0.4961118698120117
43 0 0.4921102523803711
43 0 0.49511122703552246
43 0 0.5351204872131348
43 0 0.46910524368286133
43 0 0.5201165676116943
43 0 0.49511170387268066
43 0 0.5091145038604736
43 0 0.513115406036377
43 0 0.5601263046264648
43 0 0.5171167850494385
43 0 0.49311089515686035
43 0 0.5181155204772949
43 0 0.6171410083770752
43 0 0.5131149291992188
43 0 0.5491235256195068
43 0 0.5421202182769775
43 0 0.5011124610900879
43 0 0.5281186103820801
43 0 0.5111150741577148
43 0 0.5116207599639893
43 0 0.6401431560516357
43 0 0.576129674911499
43 0 0.5321197509765625
43 0 0.5961339473724365
43 0 0.7501685619354248
43 0 0.6841545104980469
43 0 0.7541699409484863
43 0 0.514115571975708
43 0 0.723160982131958
43 0 0.534121036529541
43 0 0.5191166400909424
43 0 0.5191168785095215
43 0 0.5611264705657959
43 0 0.5611262321472168
43 0 0.5201175212860107
43 0 0.49111437797546387
43 0 0.6261417865753174
43 0 0.5671277046203613
43 0 0.7181613445281982
43 0 0.7391664981842041
43 0 0.7666778564453125
43 0 0.5341198444366455
43 0 0.5711288452148438
43 0 0.612138032913208
43 0 0.7116663455963135
43 0 0.6691508293151855
43 0 0.6781532764434814
43 0 0.558631420135498
43 0 0.6971566677093506
43 0 0.727163553237915
43 0 0.6591484546661377
43 0 0.5491237640380859
43 0 0.7291643619537354
43 0 0.551123857498169
43 0 0.7331655025482178
43 0 0.752169132232666
43 0 0.8511912822723389
43 0 1.0472371578216553
43 0 0.45910167694091797
43 0 0.450101375579834
43 0 0.513115406036377
43 0 0.463104248046875
43 0 0.4791088104248047
43 0 0.4671051502227783
43 0 0.4491007328033447
43 0 0.45110177993774414
43 0 0.4521019458770752
43 0 0.46210384368896484
43 0 0.4721062183380127
43 0 0.45310211181640625
43 0 0.5041136741638184
43 0 0.456104040145874
43 0 0.44610023498535156
43 0 0.47310662269592285
43 0 0.47110605239868164
43 0 0.5011131763458252
43 0 0.4781067371368408
43 0 0.4831089973449707
43 0 0.4631044864654541
43 0 0.43109583854675293
43 0 0.4831082820892334
43 0 0.4611036777496338
43 0 0.4761064052581787
43 0 0.4681055545806885
43 0 0.4340977668762207
43 0 0.4751744270324707
43 0 0.4701046943664551
43 0 0.3960297107696533
43 0 0.4371159076690674
43 0 0.49223875999450684
43 0 0.493938684463501
43 0 0.4932076930999756
43 0 0.5022220611572266
43 0 0.46410417556762695
43 0 0.4370994567871094
43 0 0.44810032844543457
43 0 0.49123716354370117
43 0 0.4552762508392334
43 0 0.45856404304504395
43 0 0.45212864875793457
43 0 0.4683189392089844
43 0 0.41916871070861816
43 0 0.4631047248840332
43 0 0.40609145164489746
43 0 0.47210693359375
43 0 0.5024724006652832
43 0 0.5010654926300049
43 0 0.4784832000732422
