33 7 1.2662858963012695
29 11 2.8930509090423584
30 10 1.5633502006530762
31 9 1.681377649307251
35 5 1.1818358898162842
37 3 1.3785779476165771
29 11 1.621366024017334
27 13 2.2615106105804443
31 9 1.9243965148925781
25 15 1.9468247890472412
24 16 2.7813222408294678
35 5 1.6583642959594727
34 6 1.8889648914337158
23 17 5.6147141456604
33 7 2.1519601345062256
24 16 2.8662831783294678
28 12 3.017834186553955
31 9 2.1428489685058594
24 16 2.937070608139038
29 11 3.934591054916382
24 16 4.774815082550049
23 17 3.19006609916687
21 19 4.109915256500244
27 13 3.7025299072265625
33 7 2.9365246295928955
23 17 3.0170280933380127
27 13 2.730682611465454
31 9 2.2074859142303467
31 9 1.9954493045806885
30 10 1.9295060634613037
30 10 3.027265787124634
29 11 2.893610954284668
29 11 2.8416402339935303
32 8 2.2024967670440674
30 10 2.591585397720337
29 11 4.227952480316162
26 14 2.9689245223999023
25 15 5.830314636230469
31 9 2.0785582065582275
26 14 3.6338186264038086
35 5 1.7902398109436035
38 2 2.050462007522583
35 5 1.563230037689209
25 15 2.8848087787628174
30 10 2.583994150161743
33 7 2.4685564041137695
25 15 6.183107376098633
36 4 1.5348303318023682
33 7 2.7216122150421143
22 18 5.613264799118042
33 7 2.480851411819458
36 4 1.3293001651763916
31 9 2.7116808891296387
23 17 5.669506072998047
28 12 5.135237455368042
28 12 2.8616440296173096
33 7 2.052462100982666
30 10 4.137933015823364
40 0 1.3243613243103027
25 15 3.2937209606170654
28 12 2.438549280166626
28 12 2.576580286026001
30 10 3.1607117652893066
35 5 2.0084521770477295
27 13 3.1747243404388428
30 10 3.0036768913269043
26 14 2.878373622894287
30 10 2.5088346004486084
24 16 3.2169151306152344
25 15 2.9066267013549805
