250 0 41.22616720199585
250 0 41.72785019874573
250 0 44.97234082221985
250 0 39.68167495727539
250 0 61.74357748031616
250 0 64.5927402973175
250 0 46.03935146331787
250 0 46.24492931365967
250 0 46.668004512786865
250 0 48.74201583862305
250 0 57.414939403533936
250 0 51.455482006073
250 0 63.85439085960388
250 0 59.30836606025696
250 0 66.42596983909607
250 0 60.13255190849304
250 0 64.06928992271423
250 0 71.31267738342285
250 0 66.12767720222473
250 0 61.87294411659241
250 0 54.16442942619324
250 0 57.322603940963745
250 0 65.04006671905518
250 0 62.04341745376587
250 0 55.27612495422363
250 0 75.82987141609192
250 0 62.609830141067505
250 0 68.60489058494568
250 0 62.346750259399414
250 0 59.22402000427246
250 0 66.46654891967773
250 0 67.1899311542511
250 0 51.0355007648468
250 0 53.003945112228394
250 0 64.35550260543823
250 0 49.909247398376465
250 0 52.87291646003723
250 0 52.49783182144165
250 0 63.053210496902466
250 0 55.47150206565857
250 0 64.43752193450928
250 0 56.137651443481445
250 0 53.33290147781372
250 0 54.4791955947876
250 0 57.44794583320618
250 0 62.30590343475342
250 0 52.26626133918762
250 0 49.08230400085449
250 0 54.979358434677124
250 0 60.20834708213806
250 0 59.41074752807617
250 0 60.996673345565796
250 0 62.68441438674927
250 0 78.6093258857727
250 0 61.59708046913147
250 0 59.818461894989014
250 0 57.86290454864502
250 0 48.48016381263733
250 0 50.824843406677246
