160 0 22.348055601119995
153 7 38.71116495132446
160 0 35.52274203300476
160 0 31.051228761672974
160 0 25.896356105804443
160 0 36.52726745605469
160 0 24.243314743041992
156 4 38.803226709365845
148 12 40.129369020462036
160 0 32.387025594711304
160 0 29.32699418067932
160 0 32.78361225128174
146 14 40.480926513671875
137 23 38.966782569885254
160 0 39.358890771865845
160 0 38.21250295639038
160 0 33.04967260360718
160 0 35.609052419662476
160 0 33.39859461784363
160 0 37.66528129577637
160 0 41.71642541885376
160 0 43.50501489639282
155 5 35.6541748046875
160 0 33.24138879776001
134 26 57.81236553192139
148 12 54.1783504486084
160 0 43.25755834579468
160 0 44.16634917259216
160 0 37.94644832611084
147 13 68.96262001991272
156 4 48.94772744178772
160 0 50.22513937950134
160 0 43.17249584197998
160 0 53.974809885025024
160 0 53.700597286224365
156 4 36.19777297973633
148 12 68.4932165145874
160 0 68.62929940223694
160 0 45.34132242202759
160 0 41.184582233428955
160 0 51.44688606262207
160 0 35.08278155326843
160 0 55.572885036468506
160 0 48.56399726867676
160 0 43.01124143600464
160 0 51.19662857055664
160 0 45.74142122268677
160 0 41.9919707775116
160 0 46.0402512550354
160 0 43.20780611038208
160 0 42.47986102104187
160 0 49.00982880592346
137 23 128.60393643379211
160 0 40.586586475372314
160 0 47.781166076660156
160 0 31.391334295272827
160 0 37.79309129714966
160 0 50.384278535842896
147 13 49.65075325965881
160 0 41.41555571556091
160 0 34.77185893058777
160 0 42.128371477127075
160 0 44.58195972442627
149 11 50.93830752372742
160 0 45.46921634674072
160 0 31.093331336975098
138 22 73.1206727027893
160 0 33.584460496902466
160 0 42.34527039527893
160 0 42.98900318145752
160 0 41.08171510696411
160 0 35.09268832206726
160 0 29.75975203514099
155 5 46.159541606903076
160 0 37.501612186431885
160 0 36.15907597541809
160 0 36.70141005516052
160 0 40.502370834350586
137 23 50.9904408454895
160 0 37.503066062927246
160 0 40.22973418235779
160 0 27.62727689743042
160 0 44.43269658088684
160 0 36.36024832725525
142 18 59.67473483085632
160 0 44.85549831390381
160 0 32.05667591094971
160 0 43.42791748046875
160 0 42.572845220565796
160 0 50.63744235038757
160 0 40.3002347946167
160 0 47.28204798698425
160 0 35.264814376831055
160 0 48.34648847579956
160 0 39.2347948551178
160 0 30.77722954750061
160 0 33.20430254936218
160 0 42.270472049713135
160 0 35.242618560791016
160 0 44.52283954620361
160 0 44.89789414405823
160 0 36.879185914993286
160 0 38.83025789260864
160 0 47.64859986305237
152 8 49.37312698364258
