180 0 60.49296689033508
180 0 45.62063908576965
180 0 57.12020683288574
180 0 49.332438468933105
180 0 43.742445945739746
180 0 49.14811444282532
168 12 71.31112623214722
180 0 68.53099918365479
180 0 71.30683612823486
180 0 74.22049951553345
180 0 48.65655994415283
180 0 51.50420141220093
180 0 52.86191272735596
180 0 50.69528007507324
180 0 58.40443658828735
180 0 75.60121703147888
180 0 78.03898024559021
180 0 67.35166454315186
180 0 60.81930232048035
180 0 94.61179971694946
157 23 98.01340627670288
180 0 67.65953087806702
180 0 80.5844099521637
180 0 82.65936660766602
180 0 86.86036276817322
180 0 106.41037821769714
180 0 65.8156726360321
180 0 85.34736156463623
180 0 59.30708456039429
180 0 76.79368615150452
180 0 68.55573534965515
180 0 72.72848868370056
180 0 61.876078367233276
180 0 77.94049024581909
180 0 81.31779313087463
180 0 74.4522922039032
180 0 65.12839937210083
180 0 72.30352854728699
180 0 84.87813067436218
180 0 78.00683522224426
180 0 101.54373478889465
180 0 84.5221791267395
180 0 103.01153516769409
170 10 101.82564496994019
163 17 103.12702798843384
180 0 65.62396264076233
180 0 66.00134205818176
180 0 63.135700702667236
180 0 79.41390705108643
169 11 83.74476456642151
180 0 62.427863359451294
172 8 101.5963819026947
180 0 56.47092390060425
180 0 67.05105519294739
180 0 98.3609778881073
146 34 141.14032077789307
180 0 69.63822627067566
152 28 121.43671560287476
180 0 74.04680633544922
180 0 56.305415868759155
169 11 98.42000102996826
180 0 73.71153211593628
180 0 66.27734875679016
180 0 77.45221972465515
180 0 72.52316451072693
180 0 106.55119037628174
