490 0 122.79833698272705
470 20 148.37151193618774
490 0 168.26653814315796
478 12 216.40675520896912
490 0 138.95111322402954
490 0 157.57092022895813
478 12 204.5063717365265
483 7 148.9549376964569
477 13 144.00904726982117
490 0 123.86094570159912
490 0 213.27449369430542
490 0 209.96837425231934
484 6 196.3547613620758
490 0 217.2999722957611
482 8 201.5038013458252
466 24 219.29243850708008
490 0 161.85447645187378
490 0 145.3945550918579
490 0 160.98576831817627
490 0 189.57411932945251
490 0 182.54685616493225
455 35 239.4102337360382
490 0 179.1187674999237
490 0 201.70995044708252
490 0 222.04585099220276
490 0 160.80011892318726
483 7 264.2611246109009
474 16 216.9791224002838
477 13 216.02540731430054
490 0 254.35573267936707
484 6 224.9403941631317
490 0 227.3883557319641
490 0 193.95634174346924
490 0 205.91997861862183
490 0 212.90462613105774
490 0 265.84149289131165
490 0 209.39093780517578
490 0 194.83713817596436
490 0 202.4310257434845
490 0 167.68595480918884
490 0 207.66049194335938
490 0 246.39110565185547
490 0 219.89960312843323
490 0 202.98143315315247
490 0 162.82183456420898
490 0 143.1952257156372
490 0 159.83200526237488
490 0 130.11921000480652
490 0 132.53019213676453
490 0 133.76680755615234
482 8 139.76072669029236
490 0 145.47832655906677
490 0 180.06522941589355
490 0 194.20916938781738
490 0 182.10186290740967
490 0 224.03464460372925
490 0 202.17366433143616
490 0 188.27394247055054
490 0 246.392564535141
488 2 152.15037274360657
490 0 138.16725182533264
490 0 137.96323204040527
490 0 165.7477240562439
477 13 132.63702726364136
490 0 186.8068540096283
490 0 162.9269015789032
490 0 195.44324564933777
490 0 189.07868146896362
483 7 186.4836540222168
479 11 150.02187657356262
