125 0 8.551961660385132
125 0 8.47209882736206
125 0 8.361203908920288
125 0 8.273680448532104
125 0 8.362441301345825
119 6 11.111838817596436
125 0 8.84687876701355
125 0 8.320956707000732
125 0 8.47891616821289
125 0 8.15184235572815
125 0 12.82166600227356
125 0 12.4537353515625
125 0 12.856874704360962
125 0 12.59320330619812
125 0 12.575581550598145
125 0 12.632612705230713
125 0 12.30238389968872
125 0 12.801779985427856
125 0 12.905313491821289
125 0 12.317981958389282
125 0 13.08713150024414
125 0 12.78943943977356
125 0 12.09559965133667
125 0 12.486485004425049
125 0 12.751779079437256
125 0 12.824563980102539
125 0 12.758591413497925
125 0 12.689576387405396
125 0 13.29357647895813
125 0 12.950376272201538
125 0 12.917085647583008
125 0 12.593324661254883
125 0 12.65397572517395
125 0 12.756434202194214
125 0 12.604485034942627
125 0 12.716862440109253
125 0 12.76983118057251
125 0 12.95305609703064
125 0 12.94386625289917
125 0 12.239099740982056
125 0 12.719422101974487
125 0 12.647663831710815
125 0 12.94978404045105
125 0 13.00045132637024
125 0 12.989163875579834
125 0 15.153507232666016
125 0 14.313478231430054
125 0 14.08479642868042
125 0 14.391959428787231
125 0 14.468114376068115
125 0 13.193449974060059
125 0 13.083924293518066
125 0 13.208102941513062
125 0 13.282816648483276
125 0 12.776483058929443
125 0 12.707796096801758
125 0 12.75720500946045
125 0 12.45300030708313
125 0 12.400518894195557
125 0 12.569642543792725
