98 0 3.2156574726104736
98 0 3.537475347518921
98 0 3.4302444458007812
96 2 3.5968668460845947
96 2 3.6180405616760254
98 0 3.207744598388672
93 5 3.627885341644287
96 2 3.6571433544158936
96 2 3.3689992427825928
98 0 3.836416244506836
97 1 3.6928322315216064
98 0 3.367764949798584
98 0 3.2557339668273926
96 2 3.2751777172088623
97 1 3.759957790374756
98 0 3.6028130054473877
96 2 3.5988106727600098
96 2 3.682830810546875
98 0 3.386929750442505
98 0 3.3466546535491943
96 2 5.175524950027466
98 0 5.356632232666016
96 2 4.62531852722168
98 0 5.13325834274292
96 2 3.2931981086730957
96 2 3.49245548248291
97 1 3.358386754989624
98 0 3.343121290206909
