3 37 0.10991263389587402
3 37 0.11119484901428223
3 37 0.10808897018432617
3 37 0.10907530784606934
3 37 0.10913991928100586
3 37 0.10975289344787598
3 37 0.11049413681030273
3 37 0.11114978790283203
3 37 0.1110692024230957
3 37 0.11048674583435059
3 37 0.16395306587219238
3 37 0.17465853691101074
3 37 0.1673583984375
3 37 0.1725764274597168
3 37 0.17914628982543945
3 37 0.16173768043518066
3 37 0.16369962692260742
3 37 0.1673283576965332
3 37 0.11694169044494629
3 37 0.17542004585266113
3 37 0.1596527099609375
3 37 0.14004778861999512
3 37 0.12603139877319336
3 37 0.17306303977966309
3 37 0.16522550582885742
3 37 0.1499025821685791
3 37 0.13003182411193848
3 37 0.17705082893371582
3 37 0.1569814682006836
3 37 0.1790149211883545
3 37 0.180039644241333
3 37 0.1560347080230713
3 37 0.15703487396240234
3 37 0.21104717254638672
3 37 0.17803955078125
3 37 0.16603708267211914
3 37 0.16503620147705078
3 37 0.20419955253601074
3 37 0.1650378704071045
3 37 0.1600360870361328
3 37 0.17303943634033203
3 37 0.17504024505615234
3 37 0.17103815078735352
3 37 0.16403651237487793
3 37 0.17104220390319824
3 37 0.17903971672058105
3 37 0.17503952980041504
3 37 0.15303373336791992
3 37 0.16203594207763672
3 37 0.1690385341644287
3 37 0.16403722763061523
3 37 0.17403960227966309
3 37 0.1710197925567627
3 37 0.1580355167388916
3 37 0.17403936386108398
3 37 0.17403912544250488
3 37 0.1760396957397461
3 37 0.1780402660369873
3 37 0.17904043197631836
3 37 0.17904067039489746
3 37 0.19204330444335938
3 37 0.15403461456298828
3 37 0.17103934288024902
3 37 0.17103862762451172
3 37 0.16203641891479492
3 37 0.18404126167297363
3 37 0.15192914009094238
3 37 0.1675567626953125
3 37 0.17103791236877441
3 37 0.1407022476196289
