2 6 0.024004697799682617
2 6 0.023006200790405273
2 6 0.02500629425048828
2 6 0.023004531860351562
2 6 0.02400517463684082
2 6 0.025086641311645508
2 6 0.02400827407836914
2 6 0.023006677627563477
2 6 0.023005247116088867
2 6 0.02300429344177246
2 6 0.026941776275634766
2 6 0.038799285888671875
2 6 0.038774728775024414
2 6 0.034006595611572266
2 6 0.03310394287109375
2 6 0.030754566192626953
2 6 0.038007497787475586
2 6 0.03891491889953613
2 6 0.038581132888793945
2 6 0.038774967193603516
2 6 0.036078691482543945
2 6 0.030790090560913086
2 6 0.038791656494140625
2 6 0.030817508697509766
2 6 0.03885340690612793
2 6 0.03876304626464844
2 6 0.0287325382232666
2 6 0.03878974914550781
2 6 0.03080439567565918
2 6 0.04076099395751953
2 6 0.03000783920288086
2 6 0.03500676155090332
2 6 0.03500652313232422
2 6 0.03500628471374512
2 6 0.03500699996948242
2 6 0.032007694244384766
2 6 0.040009260177612305
2 6 0.03300738334655762
2 6 0.03300738334655762
2 6 0.03900861740112305
2 6 0.03400754928588867
2 6 0.03900909423828125
2 6 0.033006906509399414
2 6 0.03600788116455078
2 6 0.03501296043395996
2 6 0.037007808685302734
2 6 0.028006792068481445
2 6 0.04000711441040039
2 6 0.03800678253173828
2 6 0.04100918769836426
2 6 0.03900909423828125
2 6 0.03200674057006836
2 6 0.035115718841552734
2 6 0.03824734687805176
2 6 0.03777670860290527
2 6 0.03400754928588867
2 6 0.03500843048095703
2 6 0.038031816482543945
2 6 0.04100990295410156
2 6 0.03200697898864746
2 6 0.03200721740722656
2 6 0.03874373435974121
2 6 0.03814697265625
2 6 0.03503298759460449
2 6 0.03768730163574219
2 6 0.03409981727600098
2 6 0.04206442832946777
2 6 0.03900909423828125
2 6 0.03700876235961914
2 6 0.03400850296020508
