45 0 0.7443480491638184
43 2 1.1232540607452393
44 1 0.7841765880584717
45 0 0.7946796417236328
45 0 0.8785862922668457
45 0 0.6926450729370117
45 0 0.7402005195617676
43 2 1.08524489402771
43 2 0.9702150821685791
45 0 0.7611720561981201
45 0 1.0682411193847656
43 2 0.8415172100067139
45 0 0.8053915500640869
45 0 0.7939627170562744
44 1 0.7431888580322266
45 0 0.9442143440246582
45 0 0.7068917751312256
43 2 0.6623275279998779
44 1 0.6051371097564697
43 2 1.0452492237091064
43 2 0.8001816272735596
43 2 0.9915614128112793
43 2 0.8062303066253662
45 0 0.978858470916748
45 0 0.9043359756469727
44 1 0.6962881088256836
45 0 0.9814138412475586
43 2 0.6763401031494141
45 0 0.6662778854370117
43 2 0.9383881092071533
43 2 1.196579933166504
43 2 0.6033620834350586
45 0 0.9583597183227539
45 0 0.8592391014099121
45 0 0.6422698497772217
45 0 0.639197826385498
43 2 0.9463474750518799
43 2 0.577927827835083
45 0 0.7303454875946045
45 0 0.7483727931976318
43 2 0.8294737339019775
44 1 0.7163002490997314
43 2 0.7623066902160645
45 0 0.8030679225921631
43 2 1.1914734840393066
45 0 1.0384304523468018
43 2 0.8912665843963623
43 2 0.6143279075622559
44 1 0.7142913341522217
43 2 0.7442111968994141
45 0 0.740250825881958
45 0 0.764939546585083
44 1 0.8531923294067383
45 0 0.5691277980804443
45 0 1.049379587173462
45 0 0.705197811126709
45 0 0.7973594665527344
45 0 0.6251416206359863
43 2 0.8213777542114258
44 1 0.8872017860412598
45 0 0.6832864284515381
45 0 0.6923141479492188
43 2 0.7413694858551025
43 2 0.8073248863220215
45 0 0.7501535415649414
45 0 0.7342948913574219
43 2 0.6112747192382812
45 0 0.6401455402374268
44 1 0.6661944389343262
43 2 0.8513200283050537
43 2 0.7351655960083008
45 0 0.6761524677276611
43 2 0.8781962394714355
45 0 0.7311632633209229
45 0 0.8001799583435059
43 2 0.6391448974609375
44 1 0.8401877880096436
45 0 0.4651052951812744
45 0 0.6031472682952881
45 0 0.7211613655090332
45 0 0.7171611785888672
45 0 0.625140905380249
43 2 0.7131614685058594
45 0 0.69315505027771
43 2 0.713160514831543
45 0 0.6001336574554443
45 0 0.6451449394226074
43 2 0.6081366539001465
45 0 0.642143964767456
43 2 0.66914963722229
45 0 0.6651492118835449
45 0 0.766171932220459
43 2 0.6591465473175049
43 2 0.9332084655761719
43 2 0.929208517074585
