346 14 58.539214849472046
348 12 76.89178824424744
328 32 88.99949955940247
352 8 64.63680148124695
344 16 77.7662947177887
341 19 187.73530912399292
344 16 80.17384910583496
353 7 85.19441652297974
340 20 101.63439631462097
333 27 108.18195581436157
343 17 75.051274061203
355 5 69.8351092338562
345 15 52.37512016296387
351 9 57.182103633880615
354 6 75.17062187194824
360 0 67.79471397399902
331 29 104.74282932281494
350 10 69.52371430397034
330 30 114.63744568824768
347 13 70.16905117034912
352 8 66.20005822181702
336 24 86.31400632858276
360 0 61.96872568130493
352 8 72.68112373352051
310 50 189.59761118888855
360 0 83.96418499946594
338 22 115.56460666656494
346 14 90.8651852607727
333 27 116.26002717018127
345 15 91.37901878356934
355 5 83.20632767677307
351 9 79.86608052253723
347 13 92.10985255241394
340 20 99.24446725845337
344 16 77.33250665664673
342 18 75.99320411682129
341 19 84.32509016990662
349 11 79.4729905128479
348 12 75.95919609069824
332 28 106.5371196269989
329 31 112.45745968818665
334 26 106.38542628288269
339 21 104.99936604499817
350 10 66.31188368797302
342 18 100.89936470985413
353 7 79.44711971282959
352 8 84.65304660797119
322 38 172.45886206626892
344 16 94.23624157905579
337 23 102.20794725418091
344 16 89.15194535255432
360 0 71.54313158988953
349 11 86.31263327598572
337 23 117.71513271331787
333 27 119.99650382995605
347 13 89.70593690872192
343 17 99.99880576133728
345 15 91.52472376823425
349 11 75.52381253242493
333 27 105.24371314048767
351 9 78.28916382789612
335 25 95.72445034980774
341 19 78.59855842590332
335 25 79.43229413032532
348 12 64.00408697128296
335 25 96.09993529319763
342 18 98.78820943832397
348 12 77.70507287979126
328 32 138.6111912727356
333 27 88.42082190513611
