18 2 0.15103387832641602
20 0 0.13402962684631348
18 2 0.15103363990783691
18 2 0.19004249572753906
18 2 0.16705751419067383
18 2 0.22205138206481934
18 2 0.15703511238098145
18 2 0.23705220222473145
20 0 0.13102960586547852
18 2 0.3000669479370117
18 2 0.26622986793518066
20 0 0.21407794952392578
19 1 0.23833036422729492
18 2 0.29084324836730957
16 4 0.29309964179992676
16 4 0.3751192092895508
18 2 0.2761051654815674
20 0 0.16348862648010254
18 2 0.21027350425720215
18 2 0.22054719924926758
18 2 0.4340987205505371
20 0 0.2250504493713379
20 0 0.18004202842712402
20 0 0.26565051078796387
18 2 0.1800401210784912
16 4 0.45865583419799805
16 4 0.3889126777648926
16 4 0.360454797744751
20 0 0.18619179725646973
20 0 0.23459172248840332
20 0 0.1490333080291748
18 2 0.21627163887023926
18 2 0.4430997371673584
14 6 0.5701289176940918
17 3 0.2520575523376465
18 2 0.32219600677490234
19 1 0.21004724502563477
18 2 0.49311065673828125
19 1 0.26405858993530273
20 0 0.1540391445159912
19 1 0.31307077407836914
16 4 0.587132453918457
18 2 0.23705291748046875
18 2 0.22205018997192383
18 2 0.2931084632873535
20 0 0.16503500938415527
20 0 0.1960434913635254
20 0 0.23105144500732422
18 2 0.4336068630218506
18 2 0.4020230770111084
18 2 0.2070467472076416
20 0 0.14603257179260254
20 0 0.23005199432373047
20 0 0.20604562759399414
18 2 0.2140483856201172
18 2 0.21091866493225098
20 0 0.1690382957458496
18 2 0.24005389213562012
18 2 0.17904043197631836
18 2 0.3510777950286865
18 2 0.23005294799804688
18 2 0.2180485725402832
18 2 0.2250502109527588
18 2 0.3230733871459961
20 0 0.19404363632202148
20 0 0.2200489044189453
18 2 0.17203783988952637
18 2 0.3610813617706299
20 0 0.24105405807495117
17 3 0.22004961967468262
16 4 0.45310211181640625
18 2 0.19904494285583496
