7 0 0.007001161575317383
7 0 0.007001161575317383
7 0 0.009000778198242188
7 0 0.00600123405456543
7 0 0.007001638412475586
7 0 0.008000850677490234
7 0 0.006001472473144531
7 0 0.00800180435180664
7 0 0.00800180435180664
7 0 0.008002042770385742
7 0 0.009002923965454102
7 0 0.010002613067626953
7 0 0.012003183364868164
7 0 0.01300358772277832
7 0 0.017001628875732422
7 0 0.012002229690551758
4 3 0.39709019660949707
7 0 0.012002706527709961
7 0 0.015003442764282227
7 0 0.009001970291137695
7 0 0.009001970291137695
7 0 0.011000394821166992
7 0 0.01200246810913086
7 0 0.011002302169799805
7 0 0.012002229690551758
7 0 0.00800180435180664
7 0 0.013002634048461914
7 0 0.014002799987792969
7 0 0.013002872467041016
7 0 0.011002540588378906
7 0 0.01100301742553711
7 0 0.014002084732055664
7 0 0.011002779006958008
7 0 0.01200246810913086
7 0 0.011002779006958008
7 0 0.009002208709716797
7 0 0.012003183364868164
7 0 0.009000778198242188
7 0 0.01000213623046875
7 0 0.010000944137573242
7 0 0.010002613067626953
7 0 0.05401277542114258
7 0 0.012002944946289062
7 0 0.008002281188964844
7 0 0.01100301742553711
7 0 0.01100301742553711
7 0 0.01200246810913086
7 0 0.009002208709716797
7 0 0.010002374649047852
7 0 0.010001897811889648
7 0 0.011002540588378906
7 0 0.01000213623046875
7 0 0.012002229690551758
7 0 0.014002799987792969
7 0 0.013002634048461914
7 0 0.010002374649047852
7 0 0.014001131057739258
7 0 0.011002302169799805
7 0 0.00900125503540039
7 0 0.011002063751220703
7 0 0.010002374649047852
7 0 0.01600360870361328
7 0 0.012001752853393555
7 0 0.009001970291137695
7 0 0.011002063751220703
7 0 0.012053728103637695
7 0 0.011005878448486328
7 0 0.012002706527709961
7 0 0.00900125503540039
7 0 0.010001897811889648
