72 0 2.2279534339904785
72 0 2.223742723464966
72 0 3.33431077003479
72 0 3.3177642822265625
72 0 3.3597571849823
72 0 3.279229164123535
72 0 3.4559988975524902
72 0 2.5955190658569336
72 0 3.3117475509643555
72 0 3.2587339878082275
72 0 3.5558013916015625
70 2 4.192944526672363
72 0 3.9118869304656982
72 0 3.7623066902160645
72 0 4.102925062179565
72 0 3.6328186988830566
72 0 3.550800085067749
72 0 3.638819694519043
72 0 3.5973165035247803
72 0 3.486785888671875
72 0 3.746842861175537
72 0 3.5938098430633545
72 0 4.083920478820801
72 0 3.9548914432525635
72 0 3.72183895111084
72 0 3.799856424331665
72 0 3.8259005546569824
72 0 3.7558462619781494
72 0 3.974895715713501
72 0 4.1954505443573
72 0 3.9458885192871094
72 0 3.7833056449890137
72 0 4.103924512863159
72 0 3.7578470706939697
72 0 4.0629143714904785
72 0 4.07091760635376
72 0 3.6536378860473633
72 0 4.0319201946258545
72 0 3.821861505508423
72 0 4.017904996871948
72 0 3.964892625808716
72 0 3.9854044914245605
72 0 3.897878885269165
72 0 3.902879238128662
72 0 3.8508684635162354
72 0 3.971895217895508
72 0 3.9158823490142822
72 0 4.0949225425720215
72 0 3.86387038230896
72 0 4.257962226867676
72 0 3.7743077278137207
72 0 4.227457523345947
72 0 3.8828752040863037
72 0 3.5688047409057617
72 0 3.5639455318450928
72 0 3.4762439727783203
72 0 3.5623092651367188
72 0 3.586808204650879
72 0 3.7703616619110107
72 0 3.6948323249816895
72 0 3.8448667526245117
72 0 3.4297728538513184
72 0 3.392646312713623
72 0 3.326151132583618
72 0 3.6600582599639893
72 0 3.5406181812286377
72 0 3.465162754058838
72 0 3.600897789001465
72 0 3.288658618927002
72 0 3.5277950763702393
