250 0 23.251124143600464
250 0 24.247478485107422
250 0 23.574104070663452
250 0 27.8623263835907
250 0 30.87120270729065
250 0 25.98267912864685
250 0 30.825486421585083
250 0 29.78677463531494
250 0 28.797342538833618
250 0 35.130783557891846
250 0 29.767374992370605
250 0 31.689141988754272
250 0 34.66081118583679
250 0 38.90076780319214
250 0 32.96560215950012
250 0 36.02367424964905
250 0 44.43931031227112
250 0 38.410701751708984
250 0 32.505722999572754
250 0 34.5482223033905
250 0 31.585364818572998
250 0 35.1816303730011
250 0 35.80459022521973
250 0 33.12005615234375
238 12 41.10668420791626
250 0 39.896634101867676
250 0 35.87430167198181
250 0 37.87652516365051
250 0 34.88609337806702
250 0 35.86350345611572
250 0 52.41667461395264
250 0 27.277148246765137
250 0 35.44598937034607
250 0 33.925644874572754
250 0 30.13179087638855
250 0 32.27927494049072
250 0 28.805490732192993
250 0 33.0194411277771
250 0 31.294052362442017
250 0 32.176551818847656
250 0 32.54947328567505
250 0 28.49407434463501
250 0 30.285450220108032
250 0 37.35790753364563
250 0 33.99054574966431
250 0 31.276730060577393
250 0 32.08776617050171
250 0 27.00184965133667
250 0 30.043423891067505
250 0 31.0150043964386
250 0 34.74623894691467
250 0 33.42953634262085
250 0 36.10370182991028
250 0 36.19410276412964
250 0 34.35565400123596
250 0 30.781938791275024
250 0 32.49261426925659
250 0 26.272139310836792
250 0 33.76376938819885
250 0 31.89183783531189
250 0 37.04079484939575
250 0 38.13517236709595
250 0 32.56098508834839
250 0 34.966978788375854
