20 0 0.0778646469116211
15 5 0.1980445384979248
18 2 0.13102960586547852
18 2 0.15403366088867188
16 4 0.17703914642333984
20 0 0.09402060508728027
18 2 0.13800334930419922
18 2 0.15903615951538086
16 4 0.1690371036529541
18 2 0.1310279369354248
19 1 0.15203332901000977
18 2 0.12000632286071777
20 0 0.11202526092529297
18 2 0.15872812271118164
18 2 0.16706514358520508
20 0 0.11766815185546875
20 0 0.1805269718170166
20 0 0.14505648612976074
20 0 0.10954833030700684
20 0 0.1230764389038086
18 2 0.23305249214172363
18 2 0.14000511169433594
20 0 0.11528491973876953
18 2 0.3320753574371338
18 2 0.1515491008758545
18 2 0.19094491004943848
18 2 0.15265750885009766
20 0 0.1190042495727539
18 2 0.22205042839050293
18 2 0.24970388412475586
18 2 0.17203879356384277
18 2 0.28206396102905273
18 2 0.1650376319885254
18 2 0.24405479431152344
18 2 0.2510566711425781
16 4 0.23897194862365723
20 0 0.1690380573272705
20 0 0.136030912399292
18 2 0.2360529899597168
20 0 0.12920451164245605
18 2 0.1960446834564209
18 2 0.3490777015686035
18 2 0.22905182838439941
18 2 0.20604801177978516
20 0 0.12281560897827148
20 0 0.1849050521850586
18 2 0.2720608711242676
20 0 0.0980222225189209
16 4 0.3000664710998535
19 1 0.11602544784545898
18 2 0.22104954719543457
18 2 0.1580357551574707
18 2 0.18804311752319336
20 0 0.12402820587158203
18 2 0.19304347038269043
18 2 0.1960430145263672
18 2 0.21404719352722168
18 2 0.20906805992126465
18 2 0.15303516387939453
20 0 0.11133146286010742
20 0 0.11902666091918945
18 2 0.2050464153289795
20 0 0.1490328311920166
18 2 0.11702585220336914
20 0 0.22605085372924805
16 4 0.39508819580078125
18 2 0.20104575157165527
18 2 0.20204520225524902
18 2 0.12319374084472656
20 0 0.11596965789794922
20 0 0.16803765296936035
18 2 0.22105073928833008
