360 0 275.396404504776
215 145 982.9893236160278
329 31 493.11337065696716
355 5 364.1993520259857
275 85 758.9006350040436
238 122 1132.998168706894
346 14 845.409562587738
316 44 1380.5600576400757
286 74 1427.176457643509
249 111 1419.8090991973877
323 37 470.7920169830322
360 0 306.89526081085205
350 10 293.4823923110962
293 67 548.3773400783539
345 15 424.731650352478
327 33 317.3198781013489
252 108 856.989982843399
274 86 663.7363667488098
279 81 539.5411632061005
304 56 662.7065763473511
265 95 705.6234526634216
332 28 604.9763185977936
337 23 378.08952927589417
318 42 425.96626377105713
339 21 331.01008701324463
360 0 294.82058334350586
351 9 440.71731877326965
224 136 1270.9654912948608
359 1 441.9950439929962
342 18 457.9990978240967
304 56 770.4775161743164
276 84 995.8926634788513
360 0 506.85980558395386
301 59 525.0931584835052
287 73 777.6861765384674
218 142 1391.0969743728638
296 64 560.0065903663635
360 0 356.5260090827942
354 6 304.13730907440186
318 42 415.075546503067
335 25 509.79100799560547
320 40 398.8477244377136
304 56 1141.6422765254974
246 114 838.2237637042999
260 100 730.2503197193146
291 69 833.4249150753021
342 18 500.7879869937897
226 134 1254.7238957881927
313 47 688.5528655052185
338 22 571.7538692951202
340 20 518.9660630226135
309 51 568.3904786109924
312 48 530.1943888664246
253 107 725.2978065013885
326 34 604.6937022209167
360 0 535.3140201568604
319 41 451.747239112854
298 62 691.4905545711517
257 103 702.3620276451111
291 69 570.4391236305237
310 50 472.46199226379395
360 0 390.9988477230072
318 42 501.55113983154297
248 112 740.036078453064
346 14 459.24978709220886
356 4 406.5937910079956
295 65 500.3425636291504
281 79 531.5218663215637
351 9 386.19662070274353
360 0 368.42717266082764
