6 34 0.1300678253173828
6 34 0.13507914543151855
6 34 0.12907910346984863
6 34 0.12807726860046387
6 34 0.12908935546875
6 34 0.1290898323059082
6 34 0.12906575202941895
6 34 0.12908387184143066
6 34 0.1290891170501709
6 34 0.1280660629272461
6 34 0.1778557300567627
6 34 0.189042329788208
6 34 0.20226597785949707
6 34 0.2014758586883545
6 34 0.20304512977600098
6 34 0.18753314018249512
6 34 0.20524072647094727
6 34 0.19957304000854492
6 34 0.16530942916870117
6 34 0.18337345123291016
6 34 0.1983335018157959
6 34 0.18529772758483887
6 34 0.2072467803955078
6 34 0.16838288307189941
6 34 0.19855237007141113
6 34 0.19104266166687012
6 34 0.16604137420654297
6 34 0.15003752708435059
6 34 0.14302539825439453
6 34 0.20906853675842285
6 34 0.189042329788208
6 34 0.19100451469421387
6 34 0.18104147911071777
6 34 0.18604230880737305
6 34 0.21304726600646973
6 34 0.20004510879516602
6 34 0.18104052543640137
6 34 0.19204354286193848
6 34 0.1890430450439453
6 34 0.20204544067382812
6 34 0.20004487037658691
6 34 0.1890420913696289
6 34 0.19704365730285645
6 34 0.20004510879516602
6 34 0.20204544067382812
6 34 0.1980431079864502
6 34 0.18886303901672363
6 34 0.20204591751098633
6 34 0.19704437255859375
6 34 0.1910417079925537
6 34 0.16903901100158691
6 34 0.1470341682434082
6 34 0.18504118919372559
6 34 0.21104741096496582
6 34 0.19486641883850098
6 34 0.19004249572753906
6 34 0.2050461769104004
6 34 0.20204472541809082
6 34 0.20404624938964844
6 34 0.19104266166687012
6 34 0.20204567909240723
6 34 0.15503454208374023
6 34 0.19304323196411133
6 34 0.1980443000793457
6 34 0.2050459384918213
6 34 0.20404720306396484
6 34 0.21004700660705566
6 34 0.2020416259765625
6 34 0.1752758026123047
6 34 0.20540094375610352
