3 5 0.025005817413330078
3 5 0.022004365921020508
3 5 0.02200484275817871
3 5 0.022003889083862305
3 5 0.022004365921020508
3 5 0.021004438400268555
3 5 0.022004127502441406
3 5 0.022004127502441406
3 5 0.02100396156311035
3 5 0.02200460433959961
3 5 0.030005693435668945
3 5 0.036006927490234375
3 5 0.026005268096923828
3 5 0.036008358001708984
3 5 0.036008358001708984
3 5 0.030005931854248047
3 5 0.03600668907165527
3 5 0.02600574493408203
3 5 0.028002500534057617
3 5 0.02600550651550293
3 5 0.036008358001708984
3 5 0.03600931167602539
3 5 0.024004697799682617
3 5 0.030006885528564453
3 5 0.024006366729736328
3 5 0.03600907325744629
3 5 0.03600788116455078
3 5 0.036008358001708984
3 5 0.03600883483886719
3 5 0.03200793266296387
3 5 0.033007144927978516
3 5 0.03099966049194336
3 5 0.03201103210449219
3 5 0.031007051467895508
3 5 0.031007051467895508
3 5 0.031007766723632812
3 5 0.03700852394104004
3 5 0.03200674057006836
3 5 0.03600764274597168
3 5 0.03600668907165527
3 5 0.031006813049316406
3 5 0.03400778770446777
3 5 0.03800654411315918
3 5 0.031006813049316406
3 5 0.037008047103881836
3 5 0.03700876235961914
3 5 0.03000664710998535
3 5 0.037007808685302734
3 5 0.036008596420288086
3 5 0.0310060977935791
3 5 0.03600811958312988
3 5 0.029940366744995117
3 5 0.03674888610839844
3 5 0.03032970428466797
3 5 0.035372018814086914
3 5 0.025502681732177734
3 5 0.03334641456604004
3 5 0.02826523780822754
3 5 0.03491973876953125
3 5 0.03508710861206055
3 5 0.037601470947265625
3 5 0.03351163864135742
3 5 0.031029701232910156
3 5 0.028369665145874023
3 5 0.03057241439819336
3 5 0.03518795967102051
3 5 0.03475189208984375
3 5 0.03300738334655762
3 5 0.03700757026672363
3 5 0.03300738334655762
