83 7 12.421972513198853
90 0 7.150153636932373
90 0 10.111326932907104
90 0 8.026497602462769
90 0 10.875460386276245
90 0 8.194854974746704
90 0 6.976578235626221
90 0 6.86455225944519
90 0 7.108607292175293
82 8 10.013432264328003
90 0 11.003294229507446
90 0 11.328552961349487
90 0 10.420214891433716
90 0 11.635316133499146
90 0 8.581947088241577
90 0 9.846218585968018
90 0 9.875585556030273
90 0 7.622731924057007
90 0 13.09172248840332
90 0 13.156965494155884
90 0 13.929646015167236
90 0 14.845356464385986
90 0 12.116187810897827
90 0 11.132989168167114
90 0 11.983843803405762
90 0 11.45799446105957
90 0 11.998703956604004
90 0 12.754385232925415
90 0 8.300870418548584
90 0 14.953426361083984
90 0 8.882699728012085
90 0 11.700533390045166
58 32 37.40890336036682
90 0 12.54187798500061
90 0 9.263087749481201
90 0 10.292319536209106
90 0 13.79313063621521
90 0 13.291181087493896
90 0 9.045929908752441
90 0 14.0912926197052
90 0 8.790104627609253
90 0 13.031491041183472
90 0 14.435338735580444
90 0 11.731406927108765
90 0 11.144901275634766
90 0 11.244781017303467
90 0 10.742673397064209
90 0 24.182252407073975
90 0 8.263269424438477
90 0 10.835605382919312
90 0 10.62637186050415
90 0 13.482800960540771
90 0 12.463551759719849
90 0 8.328454971313477
90 0 10.081207513809204
90 0 9.729337692260742
90 0 13.513665199279785
90 0 8.053905487060547
90 0 10.705429315567017
90 0 10.800097703933716
90 0 12.824910402297974
90 0 10.692164421081543
90 0 9.517597436904907
90 0 9.13320779800415
90 0 14.050392627716064
90 0 8.356264591217041
90 0 9.078999996185303
90 0 8.635647296905518
90 0 14.594722747802734
90 0 13.628421068191528
