90 0 1.8343205451965332
90 0 1.7908575534820557
90 0 2.3245513439178467
85 5 2.587585926055908
90 0 1.6173648834228516
90 0 1.7805824279785156
90 0 1.696195363998413
90 0 1.6943833827972412
90 0 1.7864036560058594
90 0 1.603362798690796
90 0 2.197495698928833
90 0 2.5175676345825195
90 0 1.8934259414672852
90 0 2.5555758476257324
90 0 2.2445056438446045
82 8 6.928552865982056
90 0 2.2595086097717285
90 0 2.556204319000244
90 0 2.301518440246582
90 0 2.4575681686401367
90 0 4.4990129470825195
90 0 3.586808443069458
90 0 3.227233648300171
90 0 2.6085879802703857
90 0 2.401541233062744
84 6 4.22795295715332
90 0 2.6325931549072266
90 0 2.8286375999450684
90 0 2.849642038345337
90 0 2.6216623783111572
90 0 2.484586477279663
90 0 2.788606882095337
90 0 2.8462705612182617
87 3 3.465956449508667
90 0 2.8216359615325928
90 0 2.527569532394409
90 0 2.9176578521728516
90 0 2.724614381790161
90 0 2.748619318008423
90 0 2.7186126708984375
90 0 2.812004566192627
90 0 2.7625155448913574
84 6 4.134822607040405
90 0 2.5774950981140137
90 0 2.604253053665161
90 0 2.772308111190796
90 0 2.247833728790283
90 0 2.4405083656311035
90 0 2.7493715286254883
90 0 2.5345494747161865
90 0 2.2884092330932617
84 6 5.494974374771118
90 0 2.262267589569092
90 0 2.9584968090057373
90 0 2.860132932662964
90 0 2.784132719039917
90 0 2.546095371246338
90 0 2.6583781242370605
90 0 2.76665997505188
90 0 2.9993069171905518
90 0 2.2248876094818115
83 7 4.47175931930542
90 0 2.4728758335113525
90 0 2.0842504501342773
90 0 2.245136022567749
90 0 2.5287368297576904
90 0 2.325547456741333
90 0 2.5609211921691895
90 0 2.40749454498291
90 0 2.656545877456665
90 0 2.247506856918335
90 0 2.3721766471862793
90 0 2.4635555744171143
90 0 2.1954946517944336
90 0 2.8532259464263916
90 0 2.4664411544799805
90 0 2.3602216243743896
84 6 3.909882068634033
90 0 2.6435954570770264
90 0 2.6385927200317383
90 0 2.3685336112976074
90 0 2.3231871128082275
90 0 2.7746243476867676
90 0 2.5755796432495117
85 5 4.3806986808776855
90 0 2.2465052604675293
90 0 2.6155893802642822
90 0 2.656597375869751
90 0 2.873648166656494
90 0 2.642595052719116
90 0 2.2094967365264893
90 0 2.2288265228271484
86 4 3.495788335800171
90 0 2.394540786743164
90 0 2.8478119373321533
90 0 2.548574209213257
90 0 2.415544033050537
90 0 2.3407976627349854
90 0 2.5165672302246094
90 0 2.687605381011963
