324 19 70.29071879386902
341 2 63.27611804008484
335 8 60.36054873466492
307 36 96.02442407608032
335 8 80.85622239112854
343 0 93.56942558288574
329 14 93.05631875991821
337 6 75.57913112640381
314 29 99.0043592453003
336 7 77.90029287338257
329 14 79.57807683944702
337 6 69.06138157844543
335 8 80.72943234443665
323 20 87.66840887069702
338 5 74.05374503135681
335 8 74.73484301567078
339 4 79.53789782524109
323 20 78.14165139198303
328 15 77.73621439933777
328 15 83.64426565170288
334 9 85.2548942565918
331 12 89.72063541412354
335 8 68.65035653114319
328 15 86.65241765975952
329 14 89.42350602149963
338 5 78.57747721672058
324 19 74.02764654159546
328 15 75.55632996559143
330 13 83.81143736839294
330 13 67.91930747032166
332 11 66.46915864944458
327 16 70.5814688205719
333 10 61.63822937011719
