73 7 3.957717180252075
80 0 4.797964572906494
78 2 3.3244476318359375
79 1 3.6264801025390625
78 2 3.8595314025878906
78 2 3.694167375564575
76 4 4.292972087860107
76 4 4.245417833328247
80 0 4.890367269515991
76 4 4.232279062271118
80 0 3.8647677898406982
80 0 4.297689199447632
77 3 3.9276187419891357
77 3 3.6218199729919434
80 0 3.4797873497009277
78 2 4.710065603256226
76 4 4.316977024078369
80 0 3.47678542137146
80 0 5.181172609329224
80 0 3.8778774738311768
78 2 3.4727859497070312
78 2 3.8108627796173096
80 0 3.6768317222595215
78 2 3.4724576473236084
78 2 3.9272332191467285
80 0 3.5590524673461914
76 4 3.960897922515869
80 0 4.291338205337524
79 1 3.8676187992095947
77 3 3.7438478469848633
78 2 3.9315083026885986
76 4 4.312989234924316
77 3 3.5785746574401855
78 2 3.53657603263855
75 5 3.849318504333496
80 0 3.1051266193389893
76 4 3.7088396549224854
80 0 3.806997299194336
80 0 3.7699968814849854
80 0 4.143938302993774
80 0 4.945120334625244
77 3 3.9668986797332764
76 4 4.484014272689819
78 2 4.216578960418701
75 5 3.986612558364868
76 4 4.247373580932617
80 0 3.9223811626434326
76 4 4.2064738273620605
78 2 3.855872631072998
78 2 4.219955205917358
78 2 4.3789894580841064
78 2 3.8318676948547363
78 2 3.5207972526550293
80 0 4.2393786907196045
78 2 4.529437780380249
78 2 4.001484155654907
80 0 3.6404244899749756
78 2 3.4530527591705322
78 2 3.5947258472442627
80 0 3.892446756362915
78 2 2.894679307937622
80 0 3.17252779006958
76 4 4.038253307342529
80 0 3.8550171852111816
78 2 3.648184061050415
78 2 4.40799617767334
78 2 3.3672633171081543
75 5 3.694368839263916
77 3 3.9892067909240723
76 4 3.896575450897217
