90 0 2.0654678344726562
90 0 2.4616644382476807
90 0 2.932624578475952
90 0 2.2515084743499756
90 0 2.2975194454193115
90 0 2.293518543243408
90 0 2.0750014781951904
90 0 2.1184792518615723
90 0 2.626025438308716
90 0 2.12748122215271
90 0 3.446197271347046
90 0 2.8390872478485107
90 0 3.0446865558624268
90 0 2.4165444374084473
90 0 3.172715425491333
90 0 2.5515758991241455
90 0 2.8016321659088135
90 0 3.3217477798461914
84 6 4.9226157665252686
83 7 5.224177360534668
90 0 4.306444883346558
90 0 4.7820775508880615
90 0 3.6018121242523193
90 0 3.2587339878082275
90 0 3.6948325634002686
90 0 3.2742440700531006
90 0 3.4602890014648438
90 0 3.5245778560638428
90 0 3.658278703689575
90 0 3.2724266052246094
90 0 3.1911888122558594
90 0 3.7498996257781982
90 0 2.713453769683838
90 0 3.2760448455810547
90 0 3.8078582286834717
90 0 4.592041492462158
90 0 3.293743133544922
90 0 3.4317760467529297
90 0 3.5183053016662598
90 0 3.248732089996338
90 0 3.3160741329193115
90 0 2.94494891166687
90 0 3.369910955429077
90 0 3.7680251598358154
90 0 3.0058302879333496
90 0 3.4632132053375244
90 0 3.4504342079162598
90 0 3.1337432861328125
90 0 3.2553727626800537
90 0 3.3821287155151367
90 0 3.5186879634857178
90 0 3.7196009159088135
90 0 2.7882490158081055
90 0 3.0618011951446533
90 0 2.9601216316223145
90 0 3.2069475650787354
90 0 3.0039820671081543
90 0 3.162780523300171
90 0 3.276998519897461
90 0 3.6795177459716797
90 0 3.1454076766967773
90 0 2.853005886077881
90 0 3.395806074142456
90 0 2.9467380046844482
85 5 5.809428691864014
90 0 3.119663715362549
86 4 3.605079174041748
90 0 3.093701124191284
90 0 3.29158091545105
90 0 3.1628215312957764
90 0 2.9676694869995117
90 0 3.0416862964630127
90 0 2.7266135215759277
90 0 3.154710292816162
90 0 2.953460693359375
90 0 2.9060606956481934
90 0 2.7327401638031006
90 0 2.938663959503174
90 0 3.376760482788086
90 0 3.2547333240509033
90 0 2.7816269397735596
90 0 2.9434916973114014
90 0 3.0206806659698486
90 0 3.2254366874694824
90 0 3.232729434967041
90 0 3.021681070327759
90 0 2.941222906112671
90 0 2.7656235694885254
90 0 3.061689853668213
90 0 2.9176576137542725
90 0 3.3337512016296387
90 0 3.2937421798706055
90 0 2.9446632862091064
90 0 2.973618984222412
90 0 3.5117907524108887
90 0 3.3167471885681152
90 0 3.2738654613494873
90 0 3.300743579864502
90 0 3.161712408065796
84 6 5.280782222747803
