31 9 1.8584189414978027
33 7 1.3573057651519775
29 11 1.7478983402252197
29 11 2.3765358924865723
35 5 1.3042936325073242
31 9 1.2912909984588623
37 3 0.8661952018737793
24 16 2.112476348876953
28 12 1.9184324741363525
27 13 2.299772024154663
35 5 1.6306560039520264
33 7 1.947540283203125
29 11 2.3813230991363525
35 5 1.401963233947754
27 13 1.819978952407837
34 6 2.033109188079834
32 8 1.9848606586456299
34 6 1.5522966384887695
32 8 2.0018258094787598
35 5 1.496659517288208
35 5 1.0426523685455322
32 8 2.2741963863372803
29 11 1.9011216163635254
32 8 1.947272777557373
33 7 1.8342747688293457
33 7 1.9204809665679932
33 7 2.2545642852783203
34 6 1.5914533138275146
32 8 2.0480844974517822
38 2 1.4864473342895508
38 2 0.9050462245941162
34 6 1.6223642826080322
37 3 1.3643083572387695
28 12 3.400766134262085
32 8 1.9968836307525635
27 13 2.5991361141204834
29 11 2.260488748550415
24 16 3.604196071624756
36 4 1.463329553604126
34 6 1.6046016216278076
33 7 2.4785590171813965
28 12 2.697822093963623
37 3 1.3272993564605713
27 13 2.439549446105957
32 8 1.8874258995056152
33 7 1.7133865356445312
26 14 3.5087904930114746
35 5 1.5803563594818115
32 8 2.1094748973846436
30 10 2.4920098781585693
28 12 2.261509418487549
30 10 2.0834689140319824
31 9 2.013453960418701
35 5 1.6059012413024902
33 7 1.8484165668487549
31 9 2.619281053543091
31 9 2.2335033416748047
37 3 1.2772879600524902
27 13 3.798707962036133
35 5 1.5183415412902832
34 6 1.3823111057281494
38 2 1.1782653331756592
32 8 1.7433929443359375
33 7 2.1564862728118896
31 9 2.2195000648498535
33 7 1.6160809993743896
30 10 3.576295852661133
34 6 1.4594228267669678
31 9 2.3402628898620605
32 8 2.026650905609131
