8 0 0.014002799987792969
8 0 0.014002323150634766
8 0 0.01500248908996582
8 0 0.013002395629882812
8 0 0.014002323150634766
8 0 0.014002323150634766
8 0 0.014003276824951172
8 0 0.015004158020019531
8 0 0.015002965927124023
8 0 0.016003131866455078
8 0 0.01600503921508789
8 0 0.02200484275817871
8 0 0.01800370216369629
8 0 0.024006366729736328
8 0 0.024004697799682617
8 0 0.016002893447875977
8 0 0.022005558013916016
8 0 0.020004749298095703
8 0 0.018003225326538086
8 0 0.02200484275817871
8 0 0.022005081176757812
8 0 0.018033504486083984
8 0 0.022005558013916016
8 0 0.02220606803894043
8 0 0.022005319595336914
8 0 0.024005651473999023
8 0 0.01800370216369629
8 0 0.02200460433959961
8 0 0.02200484275817871
8 0 0.022004365921020508
8 0 0.02300548553466797
8 0 0.020004987716674805
8 0 0.02100372314453125
8 0 0.023005008697509766
8 0 0.01700425148010254
8 0 0.025004863739013672
8 0 0.018004417419433594
8 0 0.024004697799682617
8 0 0.02300572395324707
8 0 0.023005008697509766
8 0 0.021004438400268555
8 0 0.02351236343383789
8 0 0.02200484275817871
8 0 0.023117780685424805
8 0 0.021004915237426758
8 0 0.021004199981689453
8 0 0.023005008697509766
8 0 0.017005205154418945
8 0 0.020004987716674805
8 0 0.023005962371826172
8 0 0.023004770278930664
8 0 0.02254486083984375
8 0 0.022101402282714844
8 0 0.023307323455810547
8 0 0.021435976028442383
8 0 0.02261519432067871
8 0 0.023093700408935547
8 0 0.021590709686279297
8 0 0.020209789276123047
8 0 0.017003774642944336
8 0 0.023093461990356445
8 0 0.022952795028686523
8 0 0.021085500717163086
8 0 0.019045591354370117
8 0 0.020070791244506836
8 0 0.017003774642944336
8 0 0.02219414710998535
8 0 0.02300429344177246
8 0 0.024005651473999023
8 0 0.023005962371826172
