45 0 0.4941110610961914
43 2 0.6871554851531982
43 2 0.5920162200927734
45 0 0.5261180400848389
43 2 0.5821306705474854
45 0 0.49510979652404785
45 0 0.49111080169677734
43 2 0.5071151256561279
45 0 0.5041139125823975
45 0 0.5991342067718506
45 0 0.8916113376617432
43 2 0.640627384185791
45 0 0.6870980262756348
45 0 0.6407392024993896
41 4 0.8841996192932129
43 2 0.8923120498657227
43 2 0.8491928577423096
45 0 0.904325008392334
45 0 0.6826226711273193
43 2 0.7291648387908936
45 0 0.8661963939666748
