5 0 0.0110015869140625
5 0 0.011002540588378906
5 0 0.012002229690551758
5 0 0.011002063751220703
5 0 0.011002779006958008
5 0 0.012002229690551758
5 0 0.012001752853393555
5 0 0.012002706527709961
5 0 0.011001825332641602
5 0 0.01200246810913086
5 0 0.01900482177734375
5 0 0.01600337028503418
5 0 0.01800370216369629
5 0 0.01200246810913086
5 0 0.015002965927124023
5 0 0.019003629684448242
5 0 0.01801156997680664
5 0 0.01544499397277832
5 0 0.014003276824951172
5 0 0.021004676818847656
5 0 0.014037847518920898
5 0 0.0200042724609375
5 0 0.01596832275390625
5 0 0.01800394058227539
5 0 0.01800394058227539
5 0 0.013002634048461914
5 0 0.012001991271972656
5 0 0.017003774642944336
5 0 0.0200045108795166
5 0 0.01800370216369629
5 0 0.013002872467041016
5 0 0.016003131866455078
5 0 0.01900506019592285
5 0 0.01700425148010254
5 0 0.01700305938720703
5 0 0.017003774642944336
5 0 0.01800394058227539
5 0 0.018004179000854492
5 0 0.016006946563720703
5 0 0.0200040340423584
5 0 0.019004344940185547
5 0 0.017004013061523438
5 0 0.01198577880859375
5 0 0.01700305938720703
5 0 0.017004013061523438
5 0 0.016003847122192383
5 0 0.019004344940185547
5 0 0.015004396438598633
5 0 0.01800370216369629
5 0 0.019003868103027344
5 0 0.015003681182861328
5 0 0.014002799987792969
5 0 0.018003463745117188
5 0 0.027005434036254883
5 0 0.013002872467041016
5 0 0.01200246810913086
5 0 0.022005796432495117
5 0 0.016003847122192383
5 0 0.01600360870361328
5 0 0.014003515243530273
5 0 0.013003110885620117
5 0 0.01500391960144043
5 0 0.0200045108795166
5 0 0.013003349304199219
5 0 0.019004106521606445
5 0 0.01600360870361328
5 0 0.017003774642944336
5 0 0.019004106521606445
5 0 0.015002965927124023
5 0 0.017003536224365234
