160 0 7.331391096115112
160 0 7.018790006637573
160 0 7.23853063583374
160 0 8.408233642578125
160 0 7.67435884475708
160 0 7.180404186248779
160 0 7.942563533782959
160 0 7.346827268600464
160 0 8.932206869125366
160 0 7.183464527130127
160 0 10.33480715751648
142 18 27.590325593948364
160 0 9.184444904327393
160 0 7.656724452972412
160 0 8.892345905303955
160 0 10.388620138168335
160 0 9.734489440917969
157 3 9.286015510559082
145 15 19.23735809326172
152 8 12.111473560333252
160 0 10.347864627838135
160 0 10.11928105354309
160 0 10.865434646606445
160 0 10.27738094329834
160 0 11.016903400421143
160 0 11.424890518188477
160 0 11.942548751831055
160 0 12.644623756408691
160 0 12.898796319961548
160 0 12.359115362167358
160 0 12.306955575942993
152 8 17.800777196884155
160 0 12.421704530715942
139 21 34.24836325645447
160 0 11.578608751296997
160 0 12.050923585891724
160 0 12.12099575996399
160 0 12.448805093765259
160 0 11.368242740631104
160 0 12.933472633361816
142 18 16.09899091720581
160 0 12.261763334274292
160 0 10.927267074584961
160 0 11.068493843078613
160 0 15.289992809295654
160 0 10.856285810470581
160 0 10.113896369934082
160 0 10.389530897140503
160 0 10.904642820358276
160 0 11.73520803451538
160 0 16.64887499809265
160 0 10.044051170349121
139 21 27.43277382850647
160 0 11.575738191604614
160 0 9.812883377075195
160 0 10.062264919281006
160 0 11.876405477523804
160 0 11.840299367904663
160 0 9.91201138496399
160 0 10.909845352172852
153 7 14.228492498397827
160 0 12.795597553253174
160 0 9.924452543258667
160 0 11.742893695831299
160 0 12.29115080833435
160 0 11.498481273651123
160 0 10.49545955657959
160 0 10.024812459945679
160 0 13.921057224273682
143 17 21.333167791366577
160 0 11.053112268447876
160 0 10.818190574645996
160 0 12.03788685798645
160 0 10.807913541793823
160 0 10.844850063323975
160 0 9.756255388259888
160 0 9.37313985824585
160 0 11.2051842212677
160 0 13.285940170288086
160 0 10.01781702041626
160 0 9.847719430923462
160 0 9.480908632278442
160 0 12.118779182434082
141 19 19.49651050567627
160 0 11.333911180496216
160 0 12.07546877861023
160 0 11.841617584228516
160 0 14.7821364402771
160 0 10.645103216171265
160 0 10.78126335144043
160 0 10.73688530921936
160 0 10.848543167114258
160 0 10.866622686386108
160 0 10.541374206542969
160 0 11.414163827896118
144 16 14.677306652069092
160 0 11.399407148361206
160 0 11.416572093963623
160 0 10.86070466041565
160 0 10.51715898513794
160 0 10.857177257537842
160 0 11.946350812911987
160 0 10.288711786270142
160 0 10.462510347366333
160 0 12.044714450836182
