75 23 14.406221151351929
76 22 11.306065797805786
80 18 12.069547176361084
79 19 12.731203317642212
76 22 12.027899742126465
80 18 12.245327949523926
75 23 12.20384168624878
81 17 10.769804000854492
70 28 14.411866426467896
80 18 11.455540418624878
86 12 11.346567392349243
71 27 13.101950407028198
72 26 13.321053981781006
82 16 11.334554195404053
79 19 12.807886362075806
80 18 11.343095302581787
80 18 11.252760648727417
82 16 12.516364097595215
74 24 12.76947832107544
76 22 13.348480939865112
80 18 16.230894088745117
75 23 19.407477378845215
77 21 18.08558702468872
77 21 17.291877508163452
83 15 11.301477432250977
78 20 13.618635654449463
79 19 14.216895580291748
78 20 13.298962116241455
