125 0 6.4272918701171875
125 0 6.796800851821899
125 0 6.461992263793945
125 0 7.172982692718506
125 0 6.9505836963653564
125 0 6.561532974243164
125 0 6.097390413284302
125 0 6.54426121711731
125 0 6.203206777572632
125 0 6.350330591201782
125 0 11.44908595085144
125 0 13.592063426971436
125 0 12.70036792755127
125 0 12.951868295669556
125 0 14.926363945007324
125 0 11.706143140792847
125 0 9.733193635940552
125 0 9.464132308959961
125 0 11.061338424682617
125 0 10.849403381347656
125 0 10.55187702178955
125 0 10.189148426055908
125 0 10.36263394355774
125 0 10.332340478897095
125 0 10.871963024139404
125 0 10.425150871276855
125 0 9.999600410461426
125 0 9.019246101379395
125 0 9.950354814529419
125 0 9.900583505630493
125 0 9.307423830032349
125 0 9.294484376907349
125 0 9.092536926269531
125 0 9.66305947303772
125 0 9.493072509765625
125 0 9.814357995986938
125 0 9.498334169387817
125 0 9.445875644683838
125 0 9.318485975265503
125 0 9.930260419845581
125 0 9.03316593170166
125 0 9.124908924102783
125 0 9.922953367233276
125 0 9.98781442642212
125 0 8.739322423934937
125 0 7.9052369594573975
125 0 8.486949443817139
125 0 7.6948325634002686
125 0 8.806343078613281
125 0 8.202983140945435
125 0 7.815545558929443
125 0 8.214133977890015
125 0 7.76955771446228
125 0 7.860448598861694
125 0 7.608302354812622
125 0 8.51046347618103
125 0 7.910425662994385
125 0 8.694997549057007
125 0 8.381301164627075
125 0 8.438549280166626
125 0 8.467633247375488
125 0 8.94699215888977
125 0 8.66964316368103
125 0 8.41887640953064
125 0 7.838359594345093
125 0 8.79175877571106
125 0 9.017764806747437
125 0 8.318777799606323
125 0 8.732134819030762
125 0 8.023570775985718
