8 0 0.01400303840637207
8 0 0.014003753662109375
8 0 0.014002084732055664
8 0 0.014002323150634766
8 0 0.014002323150634766
8 0 0.014002561569213867
8 0 0.01500248908996582
8 0 0.015003681182861328
8 0 0.016002893447875977
8 0 0.015003204345703125
8 0 0.018002986907958984
8 0 0.024005413055419922
8 0 0.026006460189819336
8 0 0.039118289947509766
8 0 0.02400493621826172
8 0 0.018003463745117188
8 0 0.022004365921020508
8 0 0.024005413055419922
8 0 0.02400493621826172
8 0 0.02200484275817871
8 0 0.016002655029296875
8 0 0.020004749298095703
8 0 0.02400660514831543
8 0 0.022005796432495117
8 0 0.022005558013916016
8 0 0.024005889892578125
8 0 0.016003847122192383
8 0 0.01800370216369629
8 0 0.017098426818847656
8 0 0.024006366729736328
8 0 0.024005413055419922
8 0 0.02401113510131836
8 0 0.025005578994750977
8 0 0.023005247116088867
8 0 0.024005413055419922
8 0 0.024005413055419922
8 0 0.024005651473999023
8 0 0.01900482177734375
8 0 0.021005630493164062
8 0 0.01900315284729004
8 0 0.022004365921020508
8 0 0.024010658264160156
8 0 0.024005413055419922
8 0 0.022005081176757812
8 0 0.017004013061523438
8 0 0.021004438400268555
8 0 0.02400517463684082
8 0 0.01900482177734375
8 0 0.020005464553833008
8 0 0.02400493621826172
8 0 0.02180767059326172
8 0 0.021004915237426758
8 0 0.023005247116088867
8 0 0.023975610733032227
8 0 0.025054454803466797
8 0 0.020002126693725586
8 0 0.02400517463684082
8 0 0.01923847198486328
8 0 0.02321648597717285
8 0 0.023732900619506836
8 0 0.02200460433959961
8 0 0.024005413055419922
8 0 0.018003463745117188
8 0 0.02400517463684082
8 0 0.023649930953979492
8 0 0.019515275955200195
8 0 0.021004438400268555
8 0 0.02400517463684082
8 0 0.024005413055419922
8 0 0.024005889892578125
