80 0 3.2378573417663574
80 0 3.2171366214752197
80 0 3.286824941635132
80 0 3.26417875289917
80 0 3.1801140308380127
80 0 3.1662817001342773
80 0 3.278191566467285
80 0 3.214740514755249
80 0 3.2137269973754883
80 0 3.251735210418701
80 0 4.8259735107421875
80 0 4.877598762512207
80 0 4.976481914520264
80 0 5.002110242843628
80 0 4.8931968212127686
80 0 4.888165473937988
80 0 4.795894145965576
80 0 4.816421270370483
80 0 5.027148485183716
80 0 4.8720502853393555
80 0 4.9146506786346436
80 0 4.794234991073608
77 3 5.898699998855591
80 0 4.82939600944519
80 0 4.902193546295166
80 0 4.994999647140503
80 0 4.756387233734131
80 0 5.025794506072998
80 0 4.985975027084351
80 0 4.764455556869507
80 0 4.908663034439087
80 0 4.974024295806885
80 0 5.32253623008728
80 0 5.157840967178345
80 0 5.034416437149048
80 0 5.030232667922974
80 0 4.958543062210083
80 0 4.8539581298828125
80 0 4.946829557418823
80 0 4.848033905029297
80 0 4.758672475814819
80 0 4.97270393371582
80 0 4.880407333374023
80 0 4.735960960388184
80 0 5.026463985443115
80 0 4.926323890686035
80 0 5.024137258529663
80 0 4.733097314834595
80 0 4.873297214508057
80 0 4.545397996902466
80 0 5.16483736038208
80 0 5.054892301559448
80 0 5.042359352111816
80 0 4.653410196304321
80 0 5.164484977722168
80 0 5.112560033798218
80 0 4.797638177871704
80 0 4.882095098495483
80 0 4.841193914413452
77 3 6.0408875942230225
