8 12 0.08204126358032227
8 12 0.08211135864257812
8 12 0.08363509178161621
8 12 0.08382940292358398
8 12 0.08720660209655762
8 12 0.08361005783081055
8 12 0.08284854888916016
8 12 0.08211588859558105
8 12 0.08401823043823242
8 12 0.08302736282348633
8 12 0.14407992362976074
8 12 0.1325666904449463
8 12 0.1580357551574707
8 12 0.14107131958007812
8 12 0.10901546478271484
8 12 0.12406158447265625
8 12 0.10149240493774414
8 12 0.0890512466430664
8 12 0.12802958488464355
8 12 0.10906004905700684
8 12 0.14023876190185547
8 12 0.12542462348937988
8 12 0.09499430656433105
8 12 0.14203190803527832
8 12 0.10923075675964355
8 12 0.1310286521911621
8 12 0.1334695816040039
8 12 0.11994767189025879
8 12 0.1324460506439209
8 12 0.13703107833862305
8 12 0.12302732467651367
8 12 0.1310288906097412
8 12 0.12502813339233398
8 12 0.13302993774414062
8 12 0.12244343757629395
8 12 0.09802651405334473
8 12 0.12402749061584473
8 12 0.11002492904663086
8 12 0.12802720069885254
8 12 0.13306021690368652
8 12 0.11402535438537598
8 12 0.13114094734191895
8 12 0.12802886962890625
8 12 0.12602829933166504
8 12 0.12303590774536133
8 12 0.13402867317199707
8 12 0.13303017616271973
8 12 0.14203190803527832
8 12 0.14103174209594727
8 12 0.11502647399902344
8 12 0.1310291290283203
8 12 0.10202288627624512
8 12 0.10002303123474121
8 12 0.15003395080566406
8 12 0.11602640151977539
8 12 0.12602758407592773
8 12 0.12402725219726562
8 12 0.13202977180480957
8 12 0.12202715873718262
8 12 0.11505937576293945
8 12 0.1105806827545166
8 12 0.12602829933166504
8 12 0.11502480506896973
8 12 0.12602806091308594
8 12 0.13303017616271973
8 12 0.11302542686462402
8 12 0.12302732467651367
8 12 0.11702632904052734
8 12 0.11502623558044434
8 12 0.11304092407226562
8 12 0.12802886962890625
8 12 0.11102485656738281
