45 0 1.4087674617767334
45 0 1.2539517879486084
45 0 1.2304513454437256
45 0 1.1999166011810303
45 0 1.3125989437103271
45 0 1.3594775199890137
45 0 1.2733592987060547
45 0 1.3452091217041016
45 0 1.26350998878479
45 0 1.20528244972229
45 0 1.9566357135772705
45 0 1.8076276779174805
45 0 1.3585925102233887
45 0 1.3066082000732422
45 0 1.8600053787231445
45 0 1.6510365009307861
45 0 2.0470569133758545
45 0 1.8456299304962158
45 0 1.8985676765441895
45 0 2.5709731578826904
45 0 2.3186020851135254
45 0 1.9785561561584473
45 0 2.0130538940429688
45 0 1.980417251586914
45 0 1.9924392700195312
45 0 2.1109707355499268
45 0 1.7929773330688477
45 0 2.1227338314056396
45 0 2.066239833831787
45 0 2.139758825302124
45 0 2.0568206310272217
45 0 2.135279655456543
45 0 1.959273099899292
45 0 2.037356376647949
45 0 2.041957139968872
45 0 2.025672674179077
45 0 2.058532476425171
45 0 2.0767383575439453
45 0 2.0791707038879395
45 0 2.0273513793945312
45 0 2.0540027618408203
45 0 1.9049110412597656
45 0 2.0222346782684326
45 0 1.907160997390747
45 0 1.806631326675415
45 0 2.376260757446289
45 0 2.0718398094177246
45 0 2.0194485187530518
45 0 1.9206910133361816
45 0 2.03216290473938
45 0 2.4074409008026123
45 0 1.8979203701019287
45 0 2.0323328971862793
45 0 1.9629361629486084
45 0 1.9401419162750244
45 0 2.3116650581359863
45 0 2.357323169708252
45 0 1.957345724105835
45 0 2.018470287322998
45 0 1.9269580841064453
45 0 2.043804883956909
45 0 1.930495023727417
