5 0 0.003999471664428711
5 0 0.0030002593994140625
5 0 0.003000497817993164
5 0 0.0030002593994140625
5 0 0.002000093460083008
5 0 0.003000497817993164
5 0 0.003000497817993164
5 0 0.0030007362365722656
5 0 0.003000020980834961
5 0 0.0020003318786621094
5 0 13.2047860622406
5 0 0.004000425338745117
5 0 0.00600123405456543
5 0 0.004999876022338867
5 0 0.002999544143676758
5 0 0.003999948501586914
5 0 0.004000425338745117
5 0 0.0040013790130615234
5 0 0.004000663757324219
5 0 0.00400090217590332
5 0 0.004000425338745117
5 0 0.003000497817993164
5 0 0.0030002593994140625
5 0 0.0030007362365722656
5 0 0.004000186920166016
5 0 0.004000663757324219
5 0 0.004001140594482422
5 0 0.003000974655151367
5 0 0.00400090217590332
5 0 0.0040013790130615234
5 0 0.004000663757324219
5 0 0.004000425338745117
5 0 0.004000663757324219
5 0 0.0040013790130615234
5 0 0.0020003318786621094
5 0 0.00400090217590332
5 0 0.00400090217590332
5 0 0.004000186920166016
5 0 0.002001047134399414
5 0 0.004000663757324219
5 0 0.0040013790130615234
5 0 0.0030007362365722656
5 0 0.003999471664428711
5 0 0.003000497817993164
5 0 0.004001140594482422
5 0 0.005000114440917969
5 0 0.004000663757324219
5 0 0.004000663757324219
5 0 0.004000663757324219
5 0 0.003000497817993164
5 0 0.0040013790130615234
5 0 0.004000663757324219
5 0 0.004001140594482422
5 0 0.004000425338745117
5 0 0.0030002593994140625
5 0 0.004001140594482422
5 0 0.004000425338745117
5 0 0.004001617431640625
5 0 0.0030012130737304688
5 0 0.004000186920166016
5 0 0.00400090217590332
5 0 0.004000425338745117
5 0 0.004000425338745117
5 0 0.004000425338745117
5 0 0.0030007362365722656
5 0 0.0029997825622558594
5 0 0.004000186920166016
5 0 0.002000570297241211
5 0 0.003999948501586914
5 0 0.004000186920166016
5 0 0.0030007362365722656
5 0 0.0040013790130615234
5 0 0.005001068115234375
5 0 0.004000425338745117
5 0 0.004004955291748047
5 0 0.00400090217590332
5 0 0.004000663757324219
5 0 0.004000425338745117
5 0 0.004000425338745117
5 0 0.004000186920166016
5 0 0.004000663757324219
5 0 0.0040013790130615234
5 0 0.003999948501586914
5 0 0.003000497817993164
5 0 0.003000020980834961
5 0 0.0029981136322021484
5 0 0.004001140594482422
5 0 0.0039997100830078125
5 0 0.004000663757324219
5 0 0.0030007362365722656
5 0 0.004000425338745117
5 0 0.004000425338745117
5 0 0.004001140594482422
5 0 0.004001140594482422
5 0 0.004000186920166016
5 0 0.00400090217590332
5 0 0.00400090217590332
5 0 0.0030002593994140625
5 0 0.0039997100830078125
5 0 0.0030002593994140625
5 0 0.004000186920166016
