45 0 1.0263943672180176
45 0 1.081589937210083
45 0 0.9844522476196289
45 0 0.9693784713745117
45 0 1.019932508468628
45 0 1.0387277603149414
45 0 0.9531886577606201
45 0 1.0201890468597412
45 0 1.00276780128479
45 0 0.9909348487854004
45 0 1.2463123798370361
45 0 1.368342638015747
45 0 1.0376360416412354
45 0 1.1989727020263672
45 0 1.2778630256652832
45 0 1.4740655422210693
45 0 1.5688529014587402
45 0 1.5557866096496582
45 0 1.3144783973693848
45 0 1.5860278606414795
45 0 1.4919683933258057
45 0 1.5002295970916748
45 0 1.4999406337738037
45 0 1.716137409210205
45 0 1.5457818508148193
45 0 1.4168341159820557
45 0 1.4934532642364502
45 0 1.6116611957550049
45 0 1.5955851078033447
45 0 1.5639705657958984
45 0 1.5970211029052734
45 0 1.4371261596679688
45 0 1.500993013381958
45 0 1.6141865253448486
45 0 1.4144937992095947
45 0 1.5643768310546875
45 0 1.636443853378296
45 0 1.4866886138916016
45 0 1.5680837631225586
45 0 1.5293142795562744
45 0 1.5110325813293457
45 0 1.4605519771575928
45 0 1.4713170528411865
45 0 1.5743529796600342
45 0 1.593355655670166
45 0 1.511338472366333
45 0 1.5881245136260986
45 0 1.4521660804748535
45 0 1.5063273906707764
45 0 1.4642996788024902
45 0 1.6637842655181885
45 0 1.5745823383331299
45 0 1.529480218887329
45 0 1.5153388977050781
45 0 1.5689213275909424
45 0 1.5013461112976074
45 0 1.474686622619629
45 0 1.4936442375183105
45 0 1.5250041484832764
45 0 1.5954005718231201
45 0 1.4850542545318604
45 0 1.486250877380371
