2 0 0.003000974655151367
2 0 0.0030002593994140625
2 0 0.0050008296966552734
2 0 0.003000497817993164
2 0 0.0030007362365722656
2 0 0.003000497817993164
2 0 0.0030002593994140625
2 0 0.002000570297241211
2 0 0.0020003318786621094
2 0 0.003000497817993164
2 0 0.004000425338745117
2 0 0.0030007362365722656
2 0 0.004000663757324219
2 0 0.004000425338745117
2 0 0.005000114440917969
2 0 0.004000663757324219
2 0 0.004000186920166016
2 0 0.00500178337097168
2 0 0.0040018558502197266
2 0 0.006002187728881836
2 0 0.004000425338745117
2 0 0.003999948501586914
2 0 0.003999471664428711
2 0 0.005001068115234375
2 0 0.0030002593994140625
2 0 0.004000663757324219
2 0 0.004000663757324219
2 0 0.004000425338745117
2 0 0.0040013790130615234
2 0 0.005000591278076172
2 0 0.0030002593994140625
2 0 0.0040013790130615234
2 0 0.0029997825622558594
2 0 0.0030007362365722656
2 0 0.00400090217590332
2 0 0.0050008296966552734
2 0 0.003000497817993164
2 0 0.00400090217590332
2 0 0.00400090217590332
2 0 0.0050013065338134766
2 0 0.00400090217590332
2 0 0.0039997100830078125
2 0 0.005001544952392578
2 0 0.003000974655151367
2 0 0.004001140594482422
2 0 0.004000663757324219
2 0 0.00400090217590332
2 0 0.0030007362365722656
2 0 0.0050013065338134766
2 0 0.003000497817993164
2 0 0.0040018558502197266
2 0 0.003000497817993164
2 0 0.005000114440917969
2 0 0.0029993057250976562
2 0 0.005001068115234375
2 0 0.003000974655151367
2 0 0.0050013065338134766
2 0 0.0050008296966552734
2 0 0.004000425338745117
2 0 0.00400090217590332
2 0 0.003000974655151367
2 0 0.0050013065338134766
2 0 0.0030002593994140625
2 0 0.004000186920166016
2 0 0.003000974655151367
2 0 0.0030007362365722656
2 0 0.0030002593994140625
2 0 0.00400090217590332
2 0 0.0029997825622558594
2 0 0.005001544952392578
