8 0 0.016002416610717773
8 0 0.015002965927124023
8 0 0.014002084732055664
8 0 0.015002250671386719
8 0 0.015003442764282227
8 0 0.014002323150634766
8 0 0.014002799987792969
8 0 0.014002323150634766
8 0 0.014002799987792969
8 0 0.01500248908996582
8 0 0.016002893447875977
8 0 0.022005081176757812
8 0 0.026006698608398438
8 0 0.0220034122467041
8 0 0.0220029354095459
8 0 0.018003463745117188
8 0 0.024006128311157227
8 0 0.022005081176757812
8 0 0.024005889892578125
8 0 0.024005651473999023
8 0 0.014003276824951172
8 0 0.01800394058227539
8 0 0.02400493621826172
8 0 0.018003463745117188
8 0 0.02400517463684082
8 0 0.018004179000854492
8 0 0.020005464553833008
8 0 0.025411367416381836
8 0 0.024003982543945312
8 0 0.020003557205200195
8 0 0.023004531860351562
8 0 0.01846003532409668
8 0 0.02200484275817871
8 0 0.01900315284729004
8 0 0.02400350570678711
8 0 0.025006532669067383
8 0 0.023005962371826172
8 0 0.02100539207458496
8 0 0.025005817413330078
8 0 0.0200040340423584
8 0 0.018004179000854492
8 0 0.020004987716674805
8 0 0.022005081176757812
8 0 0.017007112503051758
8 0 0.022004365921020508
8 0 0.021004915237426758
8 0 0.02400517463684082
8 0 0.017004013061523438
8 0 0.024005413055419922
8 0 0.0200045108795166
8 0 0.017003774642944336
8 0 0.02359771728515625
8 0 0.0186769962310791
8 0 0.023960590362548828
8 0 0.01796889305114746
8 0 0.022708415985107422
8 0 0.02096271514892578
8 0 0.02389383316040039
8 0 0.02404642105102539
8 0 0.023986339569091797
8 0 0.019965648651123047
8 0 0.024918317794799805
8 0 0.02289104461669922
8 0 0.0225675106048584
8 0 0.022957563400268555
8 0 0.023912668228149414
8 0 0.023352861404418945
8 0 0.023004770278930664
8 0 0.019004106521606445
8 0 0.024006128311157227
