4 16 0.13893508911132812
4 16 0.12991905212402344
4 16 0.1329021453857422
4 16 0.13093996047973633
4 16 0.13196611404418945
4 16 0.1339552402496338
4 16 0.13092899322509766
4 16 0.13192057609558105
4 16 0.13108158111572266
4 16 0.13068509101867676
4 16 0.2090740203857422
4 16 0.21018195152282715
4 16 0.19231939315795898
4 16 0.1938610076904297
4 16 0.16006898880004883
4 16 0.19603729248046875
4 16 0.21301865577697754
4 16 0.20925617218017578
4 16 0.15235376358032227
4 16 0.20924711227416992
4 16 0.1980445384979248
4 16 0.21069860458374023
4 16 0.20573925971984863
4 16 0.1960442066192627
4 16 0.19042539596557617
4 16 0.19025230407714844
4 16 0.2159595489501953
4 16 0.164093017578125
4 16 0.21004772186279297
4 16 0.2048780918121338
4 16 0.21204757690429688
4 16 0.20604610443115234
4 16 0.23105239868164062
4 16 0.19404363632202148
4 16 0.19304656982421875
4 16 0.17904043197631836
4 16 0.1690378189086914
4 16 0.19504404067993164
4 16 0.1650373935699463
4 16 0.21207857131958008
4 16 0.17903995513916016
4 16 0.21504807472229004
4 16 0.15903592109680176
4 16 0.21304774284362793
4 16 0.18104124069213867
4 16 0.198045015335083
4 16 0.2160487174987793
4 16 0.22204971313476562
4 16 0.20604610443115234
4 16 0.16303706169128418
4 16 0.21504831314086914
4 16 0.1890428066253662
4 16 0.20404624938964844
4 16 0.18604183197021484
4 16 0.19404387474060059
4 16 0.189042329788208
4 16 0.20004534721374512
4 16 0.19304251670837402
4 16 0.18404173851013184
4 16 0.1890425682067871
4 16 0.207045316696167
4 16 0.19404363632202148
4 16 0.1734626293182373
4 16 0.21004772186279297
4 16 0.16203737258911133
4 16 0.19304347038269043
4 16 0.20804619789123535
4 16 0.2160484790802002
4 16 0.16803741455078125
4 16 0.19704341888427734
4 16 0.14103150367736816
