245 0 35.156343936920166
245 0 36.57383108139038
245 0 36.22577929496765
245 0 35.24629259109497
245 0 43.21220850944519
245 0 36.91123294830322
245 0 36.005141735076904
245 0 37.18243050575256
245 0 36.58383393287659
245 0 36.51348829269409
245 0 55.30117058753967
245 0 50.60182023048401
245 0 41.54702544212341
245 0 51.910672426223755
245 0 60.304598331451416
245 0 51.3800413608551
245 0 53.20161700248718
245 0 45.00624060630798
245 0 48.73988485336304
245 0 47.91472601890564
245 0 49.390408515930176
245 0 50.63081336021423
245 0 54.83140301704407
245 0 55.33919715881348
245 0 68.28805589675903
245 0 58.982441663742065
245 0 66.80244183540344
245 0 58.462740898132324
242 3 58.20616698265076
245 0 57.87394857406616
245 0 58.122862577438354
245 0 58.30008268356323
245 0 57.425540924072266
245 0 52.13706922531128
245 0 64.10525488853455
