20 0 0.31561732292175293
20 0 0.3471407890319824
20 0 0.3371119499206543
20 0 0.32215452194213867
20 0 0.3811464309692383
20 0 0.2791454792022705
20 0 0.39307641983032227
20 0 0.30702733993530273
20 0 0.33417820930480957
20 0 0.3601665496826172
20 0 0.32668375968933105
20 0 0.25145816802978516
20 0 0.29654669761657715
20 0 0.3518345355987549
20 0 0.34276247024536133
20 0 0.29906558990478516
20 0 0.3451976776123047
20 0 0.4111158847808838
20 0 0.3437952995300293
20 0 0.33891916275024414
20 0 0.2810325622558594
20 0 0.2752871513366699
20 0 0.29938220977783203
20 0 0.3153257369995117
20 0 0.3889155387878418
20 0 0.33199262619018555
20 0 0.37508392333984375
20 0 0.3946540355682373
20 0 0.3323709964752197
20 0 0.41906237602233887
20 0 0.43032097816467285
20 0 0.34850263595581055
20 0 0.46810436248779297
20 0 0.323880672454834
20 0 0.48110365867614746
20 0 0.4362678527832031
20 0 0.36402010917663574
20 0 0.35007762908935547
20 0 0.36586427688598633
20 0 0.4070911407470703
20 0 0.4454224109649658
20 0 0.4616110324859619
20 0 0.44760727882385254
20 0 0.47362828254699707
20 0 0.5974509716033936
20 0 0.6284587383270264
20 0 0.4312021732330322
20 0 0.46423864364624023
20 0 0.41757702827453613
20 0 0.46874427795410156
20 0 0.4161515235900879
20 0 0.42931413650512695
20 0 0.39770054817199707
20 0 0.3722412586212158
20 0 0.403090238571167
20 0 0.5572400093078613
20 0 0.4420442581176758
20 0 0.4071192741394043
20 0 0.48372650146484375
20 0 0.4300966262817383
