50 0 0.8760008811950684
50 0 0.8811986446380615
50 0 0.8851985931396484
50 0 0.8891994953155518
50 0 0.8791980743408203
50 0 0.8791990280151367
50 0 0.903205394744873
50 0 0.8671953678131104
50 0 0.866091251373291
50 0 0.8728678226470947
50 0 1.588357925415039
50 0 1.3664233684539795
50 0 1.3603053092956543
50 0 1.4393243789672852
50 0 1.4323227405548096
50 0 1.4433257579803467
50 0 1.4673397541046143
50 0 1.5033388137817383
50 0 1.4803335666656494
50 0 1.405822992324829
50 0 1.4603312015533447
50 0 1.487335205078125
50 0 1.6788852214813232
50 0 1.6443698406219482
50 0 1.460329294204712
50 0 1.4473247528076172
50 0 1.426321268081665
50 0 1.425321340560913
50 0 1.4223206043243408
50 0 1.4463255405426025
50 0 1.4473261833190918
50 0 1.3743095397949219
50 0 1.4248268604278564
50 0 1.463329792022705
50 0 1.3883111476898193
50 0 1.4183194637298584
50 0 1.352304220199585
50 0 1.4873347282409668
50 0 1.388312816619873
50 0 1.390312910079956
50 0 1.4793329238891602
50 0 1.5633518695831299
50 0 1.4723320007324219
50 0 1.5788602828979492
50 0 1.55234956741333
50 0 1.4433250427246094
50 0 1.4963371753692627
50 0 1.4833338260650635
50 0 1.5303449630737305
50 0 1.9904484748840332
50 0 1.5283441543579102
50 0 1.476332664489746
50 0 1.5758070945739746
50 0 1.6403694152832031
50 0 1.5463480949401855
50 0 1.503338098526001
50 0 1.652372121810913
50 0 1.8224108219146729
50 0 1.4913363456726074
50 0 2.4260523319244385
50 0 2.1974949836730957
50 0 2.059464693069458
50 0 1.8364143371582031
50 0 1.8354134559631348
50 0 2.0494611263275146
50 0 1.5453481674194336
50 0 2.0209076404571533
50 0 1.503338098526001
50 0 1.599360466003418
50 0 1.4667859077453613
