80 0 4.802471876144409
80 0 5.09565544128418
80 0 5.189237356185913
80 0 4.782943487167358
80 0 4.829671621322632
80 0 4.892275810241699
80 0 4.9490931034088135
80 0 5.110945701599121
80 0 5.0666139125823975
80 0 5.189242362976074
80 0 7.636333227157593
80 0 7.755860805511475
80 0 7.493012428283691
80 0 7.724391222000122
80 0 7.962399005889893
80 0 7.392911195755005
80 0 7.204632997512817
80 0 7.727940559387207
80 0 7.2260260581970215
80 0 7.968320608139038
80 0 7.407444715499878
80 0 7.578058958053589
80 0 7.574736595153809
80 0 8.424625158309937
80 0 7.756715774536133
80 0 7.67440938949585
80 0 7.788012504577637
80 0 7.826735973358154
80 0 8.36130404472351
80 0 7.580163955688477
80 0 8.347590208053589
80 0 7.261193513870239
80 0 7.781328916549683
80 0 7.777171850204468
80 0 7.904315710067749
80 0 7.924454927444458
80 0 7.473509073257446
80 0 8.04584002494812
80 0 8.082244157791138
80 0 7.689792156219482
80 0 7.280771970748901
80 0 7.7111735343933105
80 0 8.19461727142334
80 0 8.129631042480469
80 0 7.415173053741455
80 0 6.849183559417725
80 0 7.771598815917969
80 0 7.557044744491577
80 0 7.671119213104248
80 0 8.003490209579468
80 0 7.846334457397461
80 0 7.6592583656311035
80 0 7.869321346282959
80 0 7.483840703964233
80 0 7.561318635940552
80 0 7.58320689201355
80 0 7.509403467178345
80 0 7.458495616912842
80 0 7.9382593631744385
80 0 7.890191078186035
