490 0 347.53663420677185
490 0 482.908171415329
490 0 703.7405564785004
490 0 370.19703340530396
490 0 369.2988576889038
490 0 298.7768700122833
490 0 401.6162667274475
490 0 442.9874472618103
490 0 343.3822886943817
490 0 307.62939620018005
490 0 729.1507756710052
490 0 576.2023124694824
490 0 1006.6147899627686
490 0 537.4346692562103
490 0 597.4434444904327
490 0 1026.940019607544
490 0 385.934689283371
490 0 587.0067372322083
490 0 485.00920581817627
490 0 448.5372488498688
490 0 422.1181962490082
490 0 586.3155438899994
490 0 651.2266738414764
490 0 436.1617374420166
490 0 743.5756840705872
490 0 769.2620618343353
490 0 469.6389994621277
490 0 450.5196154117584
490 0 604.9869608879089
490 0 774.5875196456909
490 0 930.4316446781158
490 0 717.0535082817078
490 0 554.0378911495209
490 0 568.3184487819672
