175 0 8.465909481048584
175 0 8.50932788848877
173 2 8.67702054977417
175 0 8.91130018234253
175 0 8.63030457496643
175 0 8.893439292907715
175 0 9.000434875488281
175 0 8.705296516418457
175 0 12.645528793334961
175 0 11.802212476730347
175 0 10.7799711227417
175 0 9.566155910491943
175 0 9.304202556610107
175 0 9.573058843612671
175 0 9.26620626449585
175 0 9.512141942977905
175 0 10.110497236251831
175 0 10.741329669952393
175 0 11.277425050735474
175 0 12.619802713394165
175 0 12.676653623580933
175 0 12.825900077819824
175 0 13.638457775115967
175 0 15.067209243774414
175 0 14.639262437820435
175 0 14.36823844909668
175 0 14.452092409133911
175 0 14.149739503860474
175 0 14.15371060371399
175 0 14.019423246383667
175 0 14.751457452774048
175 0 14.480751514434814
175 0 13.904194116592407
175 0 14.359236001968384
175 0 13.454983949661255
175 0 13.533892631530762
175 0 13.358791589736938
175 0 12.548828125
175 0 13.437395095825195
175 0 13.907251119613647
175 0 12.716082572937012
175 0 13.164154291152954
175 0 13.74597716331482
175 0 10.803493976593018
175 0 12.251857280731201
175 0 11.65858769416809
175 0 13.074139833450317
