252 0 30.91436004638672
252 0 27.087650537490845
252 0 29.40759515762329
252 0 31.029929637908936
252 0 29.334620237350464
252 0 34.61774730682373
252 0 32.74893403053284
252 0 29.31845784187317
252 0 33.370094537734985
252 0 28.7406165599823
252 0 41.075942039489746
252 0 41.38448619842529
252 0 39.665245056152344
252 0 41.23674178123474
252 0 39.218475580215454
252 0 42.57674741744995
252 0 36.4349160194397
252 0 37.49386978149414
252 0 39.1158721446991
252 0 37.086358308792114
252 0 41.3143105506897
252 0 39.542911529541016
252 0 42.66023015975952
252 0 45.28581786155701
252 0 41.87002515792847
252 0 48.52996611595154
252 0 43.79644250869751
252 0 38.81456756591797
252 0 38.160914182662964
252 0 45.73975491523743
252 0 40.822622299194336
252 0 45.22069072723389
252 0 41.396963119506836
252 0 44.577434062957764
252 0 43.83197474479675
252 0 41.005831480026245
252 0 41.026187896728516
252 0 46.51455283164978
252 0 31.278754472732544
252 0 36.589919090270996
252 0 42.68946123123169
252 0 31.237453937530518
252 0 31.53273367881775
252 0 40.84295082092285
252 0 38.197609186172485
252 0 37.93954944610596
252 0 37.55946445465088
252 0 34.81284499168396
252 0 33.74060416221619
252 0 37.70449638366699
252 0 34.78782367706299
252 0 38.772367000579834
252 0 36.3826789855957
252 0 34.9641695022583
252 0 35.968384742736816
252 0 34.347633600234985
252 0 38.078848123550415
252 0 41.74109673500061
252 0 37.92289328575134
252 0 39.41216707229614
252 0 39.355568647384644
252 0 35.64384651184082
252 0 36.562411069869995
252 0 32.02003860473633
252 0 36.37193298339844
