45 0 0.8011887073516846
45 0 0.8181893825531006
45 0 0.8022470474243164
45 0 0.8162610530853271
45 0 0.8054225444793701
45 0 0.7941992282867432
45 0 0.790198564529419
45 0 0.8102035522460938
45 0 0.8054509162902832
45 0 0.8222119808197021
45 0 1.0542640686035156
45 0 1.0864629745483398
45 0 0.9865026473999023
45 0 0.9487490653991699
45 0 1.0700812339782715
45 0 1.141939640045166
45 0 1.2136404514312744
45 0 1.2032794952392578
45 0 1.181581735610962
45 0 1.1652560234069824
45 0 1.2726235389709473
45 0 1.3104751110076904
45 0 1.2938644886016846
45 0 1.2230451107025146
45 0 1.2755649089813232
45 0 1.2135765552520752
45 0 1.2426881790161133
45 0 1.2171900272369385
45 0 1.2385830879211426
45 0 1.2738752365112305
45 0 1.2231366634368896
45 0 1.2752814292907715
45 0 1.2331979274749756
45 0 1.2758879661560059
45 0 1.2272861003875732
45 0 1.2382667064666748
45 0 1.255096673965454
45 0 1.327876329421997
45 0 1.2676429748535156
45 0 1.2716283798217773
45 0 1.2402782440185547
45 0 1.24527907371521
45 0 1.2762863636016846
45 0 1.2412779331207275
45 0 1.2562813758850098
45 0 1.2375905513763428
45 0 1.2084112167358398
45 0 1.230010747909546
45 0 1.181182861328125
45 0 1.235900640487671
45 0 1.2918298244476318
45 0 1.3325352668762207
45 0 1.234276294708252
45 0 1.2382771968841553
45 0 1.266099452972412
45 0 1.2583487033843994
45 0 1.25935697555542
45 0 1.2704172134399414
45 0 1.2914211750030518
45 0 1.2503154277801514
45 0 1.1528282165527344
45 0 1.2462592124938965
