10 0 0.2380533218383789
10 0 0.17912960052490234
10 0 0.16906261444091797
10 0 0.1375288963317871
10 0 0.18196916580200195
10 0 0.22808170318603516
10 0 0.12505269050598145
10 0 0.20263385772705078
10 0 0.21994352340698242
10 0 0.21410083770751953
10 0 0.23900699615478516
10 0 0.256058931350708
10 0 0.202606201171875
10 0 0.31507062911987305
10 0 0.31106996536254883
10 0 0.263092041015625
10 0 0.35007762908935547
10 0 0.2610588073730469
10 0 0.323073148727417
10 0 0.30206775665283203
10 0 0.5646016597747803
10 0 0.34403014183044434
10 0 0.22305059432983398
10 0 0.40609121322631836
10 0 0.21204781532287598
10 0 0.17503929138183594
10 0 0.3580818176269531
10 0 0.24305343627929688
10 0 0.2670607566833496
10 0 0.261059045791626
10 0 0.3290731906890869
10 0 0.22805070877075195
10 0 0.19704532623291016
10 0 0.21504831314086914
10 0 0.3180708885192871
10 0 0.12102651596069336
10 0 0.2710607051849365
10 0 0.487957239151001
10 0 0.18604183197021484
4 6 1.650371789932251
10 0 0.439098596572876
2 8 2.999749183654785
10 0 0.2410564422607422
10 0 0.1890416145324707
10 0 0.16103577613830566
10 0 0.19204258918762207
10 0 0.1870417594909668
10 0 0.26805996894836426
10 0 0.24205470085144043
10 0 0.3430774211883545
10 0 0.5001137256622314
10 0 0.2050457000732422
10 0 0.36608242988586426
10 0 0.3870878219604492
10 0 0.2720615863800049
10 0 0.23905467987060547
10 0 0.25005674362182617
10 0 0.3310716152191162
10 0 0.3340752124786377
10 0 0.3010685443878174
10 0 0.38108348846435547
10 0 0.23305201530456543
10 0 0.36808276176452637
10 0 0.2650601863861084
10 0 0.35117578506469727
10 0 0.2770264148712158
10 0 0.4389955997467041
10 0 0.28801393508911133
10 0 0.16503667831420898
10 0 0.19504308700561523
10 0 0.20404601097106934
