28 0 0.17403745651245117
28 0 0.17003798484802246
28 0 0.15988683700561523
28 0 0.16303586959838867
28 0 0.16403651237487793
28 0 0.16503620147705078
28 0 0.16303610801696777
28 0 0.16203570365905762
28 0 0.17904019355773926
28 0 0.15203356742858887
28 0 0.2550084590911865
28 0 0.20309686660766602
28 0 0.18732905387878418
28 0 0.26309871673583984
28 0 0.2209639549255371
28 0 0.2510871887207031
28 0 0.23518109321594238
28 0 0.24097466468811035
28 0 0.1951310634613037
28 0 0.22726702690124512
28 0 0.22538518905639648
28 0 0.22477149963378906
28 0 0.2664029598236084
28 0 0.23063993453979492
28 0 0.23205184936523438
28 0 0.2342817783355713
28 0 0.20979785919189453
28 0 0.21976017951965332
28 0 0.24608755111694336
28 0 0.24010396003723145
28 0 0.21104717254638672
28 0 0.23005247116088867
28 0 0.22805142402648926
28 0 0.24405550956726074
28 0 0.2560749053955078
28 0 0.20804691314697266
28 0 0.281064510345459
28 0 0.24905633926391602
28 0 0.23703289031982422
28 0 0.2610588073730469
28 0 0.2630593776702881
28 0 0.2450551986694336
28 0 0.22304987907409668
28 0 0.23505353927612305
28 0 0.25505709648132324
28 0 0.23606395721435547
28 0 0.2540574073791504
28 0 0.2380540370941162
28 0 0.2227180004119873
28 0 0.22405028343200684
28 0 0.25305676460266113
28 0 0.24305438995361328
28 0 0.20791006088256836
28 0 0.23691868782043457
28 0 0.23145627975463867
28 0 0.2415013313293457
28 0 0.2701687812805176
28 0 0.24061131477355957
28 0 0.2583436965942383
28 0 0.25505781173706055
28 0 0.2800629138946533
28 0 0.21269893646240234
28 0 0.2612876892089844
28 0 0.25705814361572266
28 0 0.3010680675506592
28 0 0.2509725093841553
28 0 0.21495866775512695
28 0 0.21895122528076172
28 0 0.256026029586792
28 0 0.21900415420532227
