8 0 0.027005672454833984
8 0 0.026005268096923828
8 0 0.027005434036254883
8 0 0.027005672454833984
8 0 0.027005434036254883
8 0 0.027005672454833984
8 0 0.02700948715209961
8 0 0.02700519561767578
8 0 0.027005672454833984
8 0 0.027005434036254883
8 0 0.04201030731201172
8 0 0.04000973701477051
8 0 0.04000973701477051
8 0 0.04401111602783203
8 0 0.04401087760925293
8 0 0.030006885528564453
8 0 0.04400968551635742
8 0 0.04397320747375488
8 0 0.03400754928588867
8 0 0.03000783920288086
8 0 0.0450747013092041
8 0 0.04508638381958008
8 0 0.04401111602783203
8 0 0.042009592056274414
8 0 0.04434347152709961
8 0 0.040009498596191406
8 0 0.03200578689575195
8 0 0.04408979415893555
8 0 0.04304003715515137
8 0 0.0450434684753418
8 0 0.03900861740112305
8 0 0.04400944709777832
8 0 0.044010162353515625
8 0 0.04500913619995117
8 0 0.037009239196777344
8 0 0.047010183334350586
8 0 0.03400778770446777
8 0 0.032007694244384766
8 0 0.04500889778137207
8 0 0.04400992393493652
8 0 0.04500985145568848
8 0 0.03600883483886719
8 0 0.0400087833404541
8 0 0.035012006759643555
8 0 0.04200935363769531
8 0 0.04100942611694336
8 0 0.04601144790649414
8 0 0.034008026123046875
8 0 0.04500889778137207
8 0 0.03700852394104004
8 0 0.03829145431518555
8 0 0.04429316520690918
8 0 0.040360450744628906
8 0 0.03533172607421875
8 0 0.030663490295410156
8 0 0.03425145149230957
8 0 0.03332352638244629
8 0 0.04425358772277832
8 0 0.0364837646484375
8 0 0.03901219367980957
8 0 0.04026365280151367
8 0 0.0450286865234375
8 0 0.044463157653808594
8 0 0.038520097732543945
8 0 0.03834128379821777
8 0 0.03837108612060547
8 0 0.04026532173156738
8 0 0.04500985145568848
8 0 0.03600883483886719
8 0 0.04300975799560547
