180 0 15.145433187484741
180 0 15.163353443145752
180 0 14.527450799942017
180 0 14.08007025718689
180 0 14.504291534423828
180 0 14.664315462112427
180 0 14.451252698898315
180 0 14.182621479034424
180 0 14.568722248077393
180 0 14.064806938171387
180 0 24.927590370178223
180 0 23.051716566085815
180 0 21.845497131347656
180 0 22.0223069190979
180 0 21.563333988189697
180 0 21.513533353805542
180 0 23.2042338848114
180 0 20.856014490127563
180 0 20.525009632110596
180 0 21.48060131072998
180 0 18.076263427734375
180 0 19.255302667617798
180 0 19.112781047821045
180 0 18.148467302322388
180 0 20.252126693725586
180 0 18.52818202972412
180 0 17.889256715774536
180 0 19.152983903884888
180 0 18.94437050819397
180 0 19.28631043434143
180 0 19.45810866355896
180 0 18.924901008605957
180 0 18.23339080810547
180 0 19.65436363220215
180 0 20.75314950942993
180 0 21.547292947769165
180 0 20.84913468360901
180 0 21.89998507499695
180 0 21.83088517189026
180 0 24.001843214035034
180 0 24.80623483657837
180 0 24.77461862564087
180 0 24.71548557281494
180 0 23.71985101699829
180 0 24.074668407440186
180 0 24.451788425445557
180 0 23.543034076690674
180 0 22.225176334381104
180 0 22.54205298423767
180 0 23.573169946670532
180 0 22.922012090682983
180 0 24.076092004776
180 0 23.76416039466858
180 0 24.492414712905884
180 0 22.30185317993164
180 0 21.867291927337646
180 0 22.82747483253479
180 0 21.45550227165222
180 0 21.504703998565674
180 0 21.248486042022705
180 0 20.549131393432617
180 0 20.609647035598755
180 0 21.13103723526001
