20 0 0.08349919319152832
20 0 0.0840904712677002
20 0 0.09493541717529297
20 0 0.09695649147033691
20 0 0.08675384521484375
20 0 0.08180856704711914
20 0 0.08092856407165527
20 0 0.081756591796875
20 0 0.08101820945739746
20 0 0.09915566444396973
20 0 0.13202953338623047
20 0 0.12593555450439453
20 0 0.14005780220031738
20 0 0.1200559139251709
20 0 0.12805604934692383
20 0 0.15409398078918457
20 0 0.11916804313659668
20 0 0.12637829780578613
20 0 0.13102984428405762
20 0 0.10905718803405762
20 0 0.12802886962890625
20 0 0.13102936744689941
20 0 0.14902067184448242
20 0 0.12560606002807617
20 0 0.13503050804138184
20 0 0.13750290870666504
20 0 0.10577797889709473
20 0 0.12710094451904297
20 0 0.1240549087524414
20 0 0.127028226852417
20 0 0.10602402687072754
20 0 0.10418868064880371
20 0 0.13002920150756836
20 0 0.12402772903442383
20 0 0.12202763557434082
20 0 0.12594318389892578
20 0 0.11702609062194824
20 0 0.12802839279174805
20 0 0.13302922248840332
20 0 0.12202763557434082
20 0 0.14403176307678223
20 0 0.1180269718170166
20 0 0.13403010368347168
20 0 0.1510322093963623
20 0 0.16103529930114746
20 0 0.12002730369567871
20 0 0.14203190803527832
20 0 0.12602901458740234
20 0 0.12603378295898438
20 0 0.1299731731414795
18 2 0.35107946395874023
20 0 0.10802435874938965
20 0 0.09802103042602539
20 0 0.1290287971496582
20 0 0.11902689933776855
20 0 0.13202977180480957
20 0 0.12502765655517578
20 0 0.15003323554992676
20 0 0.10802483558654785
20 0 0.1290290355682373
20 0 0.11702632904052734
20 0 0.12502813339233398
20 0 0.1180264949798584
20 0 0.13903141021728516
20 0 0.13002943992614746
20 0 0.09202075004577637
20 0 0.10402345657348633
20 0 0.11602663993835449
20 0 0.12202763557434082
20 0 0.13403058052062988
20 0 0.10202312469482422
20 0 0.1200258731842041
20 0 0.1510329246520996
20 0 0.13703060150146484
20 0 0.12802696228027344
20 0 0.12402844429016113
20 0 0.13903045654296875
20 0 0.10502409934997559
20 0 0.10502243041992188
20 0 0.14403176307678223
20 0 0.11102437973022461
20 0 0.13703036308288574
20 0 0.1290283203125
20 0 0.09902215003967285
20 0 0.1400313377380371
20 0 0.14303159713745117
20 0 0.1180262565612793
20 0 0.13302946090698242
20 0 0.13002753257751465
20 0 0.1290290355682373
20 0 0.14303135871887207
20 0 0.1310281753540039
20 0 0.11402511596679688
20 0 0.13302946090698242
20 0 0.1070244312286377
20 0 0.12502670288085938
20 0 0.13302969932556152
20 0 0.11902666091918945
20 0 0.13903164863586426
20 0 0.10602426528930664
20 0 0.13002824783325195
20 0 0.1290280818939209
