90 0 2.0550215244293213
88 2 2.4277029037475586
88 2 2.3763747215270996
90 0 2.0054640769958496
90 0 2.118981122970581
87 3 2.795694589614868
86 4 2.9366791248321533
90 0 2.1374948024749756
90 0 2.1384832859039307
87 3 2.377537250518799
90 0 3.450648069381714
90 0 3.3337509632110596
86 4 4.557026386260986
90 0 2.8566436767578125
87 3 3.930210590362549
90 0 3.015679359436035
90 0 3.205723285675049
90 0 3.020681142807007
90 0 3.010589838027954
90 0 3.0176808834075928
90 0 4.341480255126953
90 0 4.2309534549713135
90 0 3.634345531463623
90 0 3.499288320541382
87 3 4.7275261878967285
90 0 3.3817622661590576
90 0 3.4257724285125732
90 0 3.740060567855835
88 2 3.341752767562866
90 0 3.4095375537872314
90 0 3.4614765644073486
90 0 3.245401382446289
90 0 3.4870569705963135
90 0 3.594176769256592
86 4 4.214949607849121
90 0 3.633819103240967
90 0 3.4057776927948
90 0 3.326749563217163
90 0 3.7378451824188232
90 0 3.595463752746582
90 0 3.717282295227051
90 0 3.3369250297546387
88 2 3.586750030517578
90 0 3.955004930496216
90 0 3.5455594062805176
87 3 3.7870373725891113
90 0 2.8553261756896973
90 0 3.231255054473877
90 0 3.272097587585449
90 0 3.1722981929779053
90 0 3.2096757888793945
90 0 3.3572702407836914
90 0 3.194239616394043
90 0 3.1745893955230713
90 0 3.0090789794921875
90 0 3.1734418869018555
90 0 3.0358974933624268
90 0 3.435030460357666
90 0 3.188079833984375
90 0 3.0532214641571045
90 0 3.172403335571289
90 0 3.1619935035705566
90 0 3.113457441329956
88 2 3.272204875946045
82 8 5.6233110427856445
90 0 3.2632694244384766
90 0 3.1889917850494385
90 0 3.4739255905151367
90 0 3.14225172996521
90 0 3.3023135662078857
