112 0 5.810623407363892
112 0 6.8437464237213135
112 0 5.648916482925415
112 0 6.022357702255249
112 0 6.182556629180908
112 0 7.34765625
112 0 7.330139636993408
112 0 5.932902574539185
112 0 5.766217231750488
112 0 5.698788166046143
112 0 10.408851146697998
112 0 10.514875411987305
112 0 10.482874631881714
112 0 9.724606990814209
112 0 11.438577651977539
112 0 10.005472183227539
112 0 9.500555038452148
112 0 9.993340730667114
112 0 10.057023763656616
107 5 10.901864528656006
112 0 11.156513929367065
112 0 11.426762819290161
112 0 9.594644546508789
112 0 13.002930164337158
112 0 10.136884450912476
112 0 9.9810049533844
112 0 9.35447883605957
112 0 10.637350082397461
112 0 8.871062517166138
112 0 8.803245306015015
112 0 8.844340085983276
112 0 9.7390718460083
112 0 8.443351745605469
112 0 10.286737203598022
112 0 9.406170129776001
112 0 8.440425872802734
112 0 8.710859060287476
112 0 8.505101680755615
112 0 10.5108802318573
112 0 8.306092977523804
112 0 8.840552568435669
112 0 9.156431198120117
112 0 8.93696117401123
112 0 8.749860286712646
112 0 9.763639450073242
112 0 8.063544511795044
112 0 8.421812295913696
112 0 7.908347129821777
112 0 7.507496356964111
112 0 7.5020551681518555
112 0 8.686518907546997
112 0 8.454005479812622
112 0 10.000106811523438
112 0 7.825004816055298
112 0 7.9941699504852295
112 0 8.054302453994751
112 0 7.228410482406616
112 0 10.871986627578735
112 0 8.181909561157227
112 0 8.04079532623291
112 0 8.334468126296997
112 0 7.924069881439209
112 0 10.629232168197632
112 0 6.589666366577148
112 0 7.6457037925720215
112 0 8.183063983917236
112 0 8.34065055847168
112 0 8.13126540184021
112 0 8.926988124847412
112 0 9.565483808517456
112 0 9.835394144058228
112 0 8.513844966888428
112 0 10.240308284759521
112 0 8.522920608520508
112 0 8.807984828948975
107 5 9.16775131225586
112 0 9.222587585449219
112 0 8.25607442855835
112 0 10.330328226089478
112 0 9.698363065719604
112 0 8.482848644256592
112 0 8.802309036254883
112 0 7.566531181335449
112 0 8.733512163162231
112 0 7.569444894790649
112 0 8.393065690994263
112 0 8.880391597747803
112 0 8.113112926483154
112 0 7.986112594604492
112 0 7.599060535430908
112 0 8.502990484237671
112 0 9.37366509437561
112 0 7.236215353012085
112 0 7.885580062866211
112 0 9.38111424446106
112 0 7.325951814651489
112 0 8.401311159133911
112 0 8.280101776123047
104 8 12.72277545928955
112 0 8.31695556640625
