72 0 2.0554637908935547
72 0 1.9809191226959229
72 0 3.0094282627105713
72 0 3.0675601959228516
72 0 3.01759934425354
72 0 3.021380662918091
72 0 2.9237353801727295
72 0 3.0725791454315186
72 0 2.8306381702423096
72 0 2.737617254257202
72 0 3.266338348388672
72 0 3.2947421073913574
72 0 3.3922345638275146
72 0 3.204228401184082
72 0 3.15371036529541
72 0 3.3087456226348877
72 0 3.3437533378601074
72 0 3.264735698699951
72 0 3.2619738578796387
72 0 3.2327284812927246
72 0 3.2947423458099365
72 0 3.276738166809082
72 0 3.448777198791504
72 0 3.4597795009613037
72 0 3.488233804702759
72 0 3.437774658203125
72 0 3.365758180618286
72 0 3.2847402095794678
72 0 3.577805519104004
72 0 3.4647812843322754
72 0 3.499788761138916
72 0 3.4482810497283936
72 0 3.3857626914978027
72 0 3.512791633605957
72 0 3.3912699222564697
72 0 4.390987873077393
72 0 3.543262243270874
72 0 3.4187705516815186
72 0 3.549799680709839
72 0 3.5568013191223145
72 0 3.528301954269409
72 0 3.6088130474090576
72 0 3.475243091583252
72 0 3.4937875270843506
72 0 3.7668488025665283
72 0 3.5918092727661133
72 0 4.003111839294434
72 0 4.159937143325806
72 0 3.5862762928009033
72 0 4.484515905380249
72 0 3.4237711429595947
72 0 3.5187931060791016
72 0 3.444776773452759
72 0 3.201721668243408
72 0 3.289741277694702
72 0 3.2712483406066895
72 0 3.1677143573760986
72 0 3.3307504653930664
72 0 3.3887667655944824
72 0 3.0536880493164062
72 0 3.1737146377563477
72 0 3.1307053565979004
72 0 3.188213348388672
72 0 3.207141160964966
72 0 3.143369197845459
72 0 3.151294708251953
72 0 3.145293712615967
72 0 3.2021124362945557
72 0 3.2318310737609863
72 0 3.272737503051758
