245 0 49.19892168045044
245 0 50.611613750457764
245 0 48.82468128204346
245 0 50.10027098655701
245 0 49.75940823554993
245 0 49.936280488967896
245 0 49.313406467437744
245 0 49.66421580314636
245 0 48.907057762145996
245 0 50.78023648262024
245 0 86.493492603302
245 0 172.55889630317688
245 0 83.44781279563904
245 0 86.3152506351471
245 0 51.04820275306702
245 0 49.73961901664734
245 0 50.61694693565369
245 0 49.54298281669617
245 0 76.34891700744629
236 9 83.05411052703857
245 0 76.94620323181152
245 0 73.51420307159424
245 0 75.7506046295166
245 0 76.61410808563232
245 0 74.3714189529419
239 6 78.01039052009583
245 0 76.20782113075256
245 0 77.52322125434875
245 0 84.20350050926208
245 0 85.4581515789032
242 3 84.00218176841736
245 0 84.25143122673035
245 0 88.8315281867981
245 0 88.6711049079895
245 0 88.40271735191345
245 0 87.91360187530518
245 0 86.05873394012451
245 0 82.01551961898804
245 0 75.15134477615356
245 0 74.30456185340881
245 0 74.46733355522156
245 0 77.97655320167542
245 0 73.05586695671082
245 0 74.75751996040344
245 0 77.55533075332642
245 0 71.17923784255981
245 0 73.61786270141602
245 0 73.39303922653198
245 0 80.23981142044067
245 0 76.19540095329285
245 0 74.35489630699158
245 0 75.3109757900238
235 10 81.30928134918213
245 0 77.87864589691162
245 0 77.32976531982422
245 0 80.1999282836914
245 0 77.69153690338135
245 0 74.85554051399231
232 13 78.93147587776184
245 0 76.46744084358215
238 7 81.07026529312134
245 0 76.8016448020935
245 0 77.68767166137695
245 0 77.84018731117249
245 0 77.26961898803711
245 0 76.72532343864441
245 0 76.04098105430603
245 0 75.84467840194702
