98 0 3.922649621963501
97 1 4.1469316482543945
96 2 4.2217116355896
96 2 4.018207311630249
96 2 4.264421463012695
94 4 4.4596192836761475
96 2 4.116513729095459
96 2 4.330655813217163
96 2 4.002925157546997
96 2 3.9683938026428223
98 0 4.223634719848633
96 2 4.1797544956207275
98 0 4.268962144851685
98 0 4.109922647476196
98 0 3.9845829010009766
98 0 4.043910503387451
96 2 4.585536003112793
96 2 4.315242528915405
98 0 4.400991439819336
98 0 4.01290488243103
98 0 6.070368051528931
98 0 6.691900253295898
94 4 6.05625057220459
96 2 6.1419572830200195
