80 0 3.873530864715576
80 0 4.149580717086792
80 0 3.8764803409576416
80 0 3.954775810241699
80 0 3.7985377311706543
80 0 3.9242348670959473
80 0 4.001505374908447
80 0 3.985852003097534
80 0 3.9860265254974365
80 0 3.889155626296997
80 0 5.767152547836304
80 0 5.779154539108276
80 0 5.774064779281616
80 0 5.589321851730347
80 0 5.859678506851196
80 0 5.534887313842773
80 0 5.6406190395355225
80 0 5.909913063049316
80 0 5.89896821975708
80 0 5.8773791790008545
80 0 5.8264195919036865
80 0 5.685262680053711
80 0 5.651421308517456
80 0 5.941473722457886
80 0 5.907315731048584
80 0 5.966965913772583
80 0 5.840005874633789
80 0 5.825726509094238
80 0 6.072571277618408
80 0 5.974683046340942
80 0 5.787101745605469
80 0 5.923908233642578
80 0 6.057475328445435
80 0 6.356430530548096
80 0 5.871636390686035
80 0 6.102224826812744
80 0 5.913967847824097
80 0 6.483302593231201
80 0 6.110057353973389
69 11 13.39204216003418
80 0 5.9847986698150635
80 0 6.024256467819214
80 0 6.137467861175537
80 0 5.875576734542847
80 0 6.052175998687744
80 0 5.636971950531006
80 0 5.77319860458374
80 0 5.936422348022461
80 0 5.831579923629761
80 0 5.867730140686035
80 0 5.936359643936157
80 0 5.947251319885254
80 0 5.938988208770752
80 0 5.975704193115234
80 0 5.784767150878906
80 0 5.714151859283447
80 0 5.866624116897583
80 0 5.871946811676025
80 0 5.886298418045044
80 0 6.100505352020264
