26 2 0.3880884647369385
25 3 0.4290962219238281
26 2 0.38640475273132324
23 5 0.43309712409973145
22 6 0.5471229553222656
28 0 0.5051133632659912
28 0 0.43309688568115234
23 5 0.540574312210083
28 0 0.269059419631958
28 0 0.33107447624206543
24 4 0.465012788772583
24 4 0.7911124229431152
28 0 0.3710172176361084
28 0 0.5670828819274902
28 0 0.4010598659515381
28 0 0.38510751724243164
25 3 0.4489932060241699
26 2 0.6543741226196289
28 0 0.35105371475219727
28 0 0.7861769199371338
28 0 0.771190881729126
23 5 0.8232560157775879
24 4 0.5237653255462646
28 0 0.43924403190612793
24 4 1.0507359504699707
26 2 0.4889097213745117
28 0 0.5212712287902832
28 0 0.4428741931915283
25 3 0.6190521717071533
28 0 0.4431002140045166
26 2 0.827186107635498
28 0 0.5071139335632324
28 0 0.39108872413635254
25 3 0.5091159343719482
26 2 0.6771523952484131
28 0 0.441098690032959
26 2 0.6401431560516357
28 0 1.235177993774414
25 3 0.4961113929748535
28 0 0.5401265621185303
28 0 0.5281186103820801
28 0 0.4591033458709717
26 2 0.5411214828491211
28 0 0.5751290321350098
28 0 0.42609548568725586
28 0 0.6171388626098633
25 3 0.6201386451721191
25 3 0.7232098579406738
28 0 0.507115364074707
28 0 0.6261413097381592
21 7 0.839113712310791
26 2 0.5701282024383545
28 0 0.4592475891113281
26 2 0.5820229053497314
26 2 0.699885368347168
28 0 0.41051626205444336
26 2 0.6516101360321045
28 0 0.4344961643218994
28 0 0.4858276844024658
26 2 0.5438342094421387
28 0 0.5979733467102051
28 0 0.42441272735595703
28 0 0.7131612300872803
28 0 0.41861987113952637
28 0 0.47013425827026367
26 2 0.5232410430908203
26 2 0.7190852165222168
28 0 0.5472326278686523
28 0 0.7518842220306396
28 0 0.47924208641052246
