20 0 0.18512511253356934
20 0 0.18804454803466797
20 0 0.19414401054382324
20 0 0.176605224609375
20 0 0.17409563064575195
20 0 0.18013286590576172
20 0 0.17717552185058594
20 0 0.18209624290466309
20 0 0.1723465919494629
20 0 0.18179535865783691
20 0 0.19945573806762695
20 0 0.17486882209777832
20 0 0.19615936279296875
20 0 0.17900753021240234
20 0 0.1791694164276123
20 0 0.18604183197021484
20 0 0.17941737174987793
20 0 0.18928217887878418
20 0 0.19733285903930664
20 0 0.17124605178833008
20 0 0.2380528450012207
20 0 0.23405146598815918
20 0 0.17356014251708984
20 0 0.1953563690185547
20 0 0.20935988426208496
20 0 0.17303848266601562
20 0 0.1915884017944336
20 0 0.2270495891571045
20 0 0.19776344299316406
20 0 0.2720606327056885
20 0 0.176924467086792
16 4 0.7093641757965088
20 0 0.1847074031829834
20 0 0.17843985557556152
20 0 0.18699121475219727
20 0 0.270061731338501
20 0 0.1886744499206543
20 0 0.29184794425964355
20 0 0.1966698169708252
20 0 0.2931380271911621
20 0 0.23408198356628418
20 0 0.31050848960876465
20 0 0.31502604484558105
20 0 0.2969503402709961
20 0 0.2622232437133789
20 0 0.25501179695129395
20 0 0.2827932834625244
20 0 0.27602624893188477
20 0 0.26039600372314453
20 0 0.2596547603607178
20 0 0.2588024139404297
20 0 0.23614287376403809
20 0 0.2571537494659424
20 0 0.2583603858947754
20 0 0.27006030082702637
20 0 0.27936720848083496
20 0 0.2481997013092041
20 0 0.249039888381958
20 0 0.2564961910247803
20 0 0.28829336166381836
