252 0 101.36414384841919
242 10 130.91302061080933
252 0 113.75266695022583
240 12 107.91034245491028
249 3 78.10360169410706
252 0 121.04464936256409
241 11 139.16180300712585
208 44 174.03476071357727
244 8 100.88159823417664
187 65 188.01730370521545
252 0 125.63177871704102
252 0 119.82183337211609
252 0 134.01316475868225
205 47 163.84084582328796
202 50 202.25055718421936
199 53 177.38862371444702
252 0 128.57092595100403
252 0 130.43737602233887
252 0 104.39879536628723
252 0 118.04860353469849
252 0 129.69522905349731
246 6 241.67209935188293
239 13 152.3711497783661
252 0 116.76395153999329
206 46 153.23100018501282
252 0 111.242506980896
235 17 129.90796422958374
226 26 134.0714147090912
197 55 233.07640290260315
252 0 117.8917453289032
238 14 138.10435318946838
252 0 135.704021692276
252 0 172.99249124526978
252 0 111.68447089195251
252 0 157.9805302619934
252 0 163.82325291633606
232 20 229.24979734420776
225 27 159.2420084476471
252 0 105.53178358078003
245 7 104.6475887298584
252 0 125.04317784309387
252 0 89.98027849197388
195 57 185.22274208068848
246 6 105.94787645339966
236 16 179.07030248641968
252 0 112.57206130027771
252 0 123.20660924911499
229 23 146.2965967655182
205 47 155.7803807258606
243 9 174.951171875
252 0 89.00942182540894
252 0 132.8087182044983
217 35 165.19454431533813
252 0 115.24576497077942
252 0 101.59303045272827
197 55 188.45706796646118
252 0 111.95636224746704
198 54 173.8754119873047
252 0 107.50952053070068
244 8 138.9616289138794
200 52 230.5620563030243
236 16 131.8778166770935
252 0 88.14877438545227
252 0 90.46600556373596
252 0 113.04012393951416
239 13 157.28476667404175
252 0 121.278400182724
252 0 110.642911195755
238 14 130.42999744415283
252 0 163.55238008499146
