32 0 0.29006433486938477
32 0 0.29106569290161133
32 0 0.29506802558898926
32 0 0.28985595703125
32 0 0.2920663356781006
32 0 0.28806519508361816
32 0 0.3050696849822998
32 0 0.2987644672393799
32 0 0.2900660037994385
32 0 0.30806994438171387
32 0 0.4380989074707031
32 0 0.48911023139953613
32 0 0.37508511543273926
32 0 0.4971120357513428
32 0 0.38808751106262207
32 0 0.49111056327819824
32 0 0.3607938289642334
32 0 0.4200935363769531
32 0 0.4612314701080322
32 0 0.44209933280944824
32 0 0.5141150951385498
32 0 0.4871091842651367
32 0 0.44009923934936523
32 0 0.4746129512786865
32 0 0.5012238025665283
32 0 0.49789953231811523
32 0 0.4701061248779297
32 0 0.4010899066925049
32 0 0.4941115379333496
32 0 0.4851090908050537
32 0 0.46610569953918457
32 0 0.465104341506958
32 0 0.4831089973449707
32 0 0.5041131973266602
32 0 0.47510719299316406
32 0 0.4871096611022949
32 0 0.4971120357513428
32 0 0.47710657119750977
32 0 0.5031135082244873
32 0 0.4781074523925781
32 0 0.5041141510009766
32 0 0.5226225852966309
32 0 0.5011124610900879
32 0 0.512115478515625
32 0 0.5531246662139893
32 0 0.48910951614379883
32 0 0.6101372241973877
32 0 0.5501241683959961
32 0 0.5111143589019775
32 0 0.49111032485961914
32 0 0.5131151676177979
32 0 0.5321199893951416
32 0 0.4691042900085449
32 0 0.6041371822357178
32 0 0.536121129989624
32 0 0.6841535568237305
32 0 0.5351200103759766
32 0 0.5161163806915283
32 0 0.49111080169677734
32 0 0.5131144523620605
32 0 0.46010351181030273
32 0 0.5001134872436523
32 0 0.49511146545410156
32 0 0.5291216373443604
32 0 0.4901106357574463
32 0 0.48410916328430176
32 0 0.4971122741699219
32 0 0.5241184234619141
32 0 0.5231175422668457
32 0 0.4871096611022949
