63 0 0.7641730308532715
63 0 0.8261854648590088
63 0 0.7461671829223633
63 0 0.7441670894622803
63 0 0.7870872020721436
63 0 0.8059940338134766
63 0 0.7221639156341553
63 0 0.7481684684753418
63 0 0.7571699619293213
63 0 0.7671723365783691
63 0 0.9623045921325684
63 0 0.9962491989135742
63 0 1.0402336120605469
63 0 1.2072722911834717
63 0 1.1132502555847168
63 0 0.9991896152496338
63 0 1.010228157043457
63 0 1.0292303562164307
63 0 1.0606555938720703
63 0 1.2892913818359375
60 3 1.7746810913085938
63 0 1.137256383895874
63 0 1.173264503479004
63 0 1.2332777976989746
63 0 1.2692861557006836
63 0 1.3323001861572266
63 0 1.26328444480896
63 0 1.1712641716003418
63 0 1.254281997680664
63 0 1.2762877941131592
63 0 1.3222980499267578
63 0 1.260284185409546
63 0 1.3295211791992188
63 0 1.3593058586120605
63 0 1.6543724536895752
63 0 1.288290023803711
63 0 1.304293155670166
63 0 1.251281499862671
63 0 1.3282992839813232
63 0 1.7493937015533447
63 0 1.8784236907958984
63 0 1.8829312324523926
63 0 1.4783320426940918
63 0 1.2972924709320068
63 0 1.2272765636444092
63 0 1.2472808361053467
63 0 1.325298547744751
63 0 1.3863122463226318
63 0 1.2632856369018555
63 0 1.2592840194702148
63 0 1.4543275833129883
63 0 1.3653082847595215
63 0 1.4053168296813965
63 0 1.2792887687683105
63 0 1.4003145694732666
63 0 1.437323808670044
63 0 1.4283218383789062
63 0 1.6443705558776855
63 0 1.4323229789733887
63 0 1.4663310050964355
63 0 1.3142967224121094
63 0 1.8664209842681885
63 0 1.584357500076294
63 0 1.301292896270752
63 0 1.5103394985198975
63 0 1.7203867435455322
63 0 1.6063621044158936
63 0 1.278287649154663
63 0 1.377310037612915
63 0 1.409317970275879
63 0 1.3703088760375977
63 0 2.112476110458374
