8 12 0.057012319564819336
8 12 0.05801081657409668
8 12 0.05601310729980469
8 12 0.0600132942199707
8 12 0.05601239204406738
8 12 0.05700182914733887
8 12 0.056012630462646484
8 12 0.05600118637084961
8 12 0.05701327323913574
8 12 0.05701398849487305
8 12 0.08602094650268555
8 12 0.08804655075073242
8 12 0.08601903915405273
8 12 0.0890200138092041
8 12 0.08004117012023926
8 12 0.1120615005493164
8 12 0.09004926681518555
8 12 0.09202075004577637
8 12 0.12002730369567871
8 12 0.08404684066772461
8 12 0.08305764198303223
8 12 0.09301996231079102
8 12 0.0865316390991211
8 12 0.08132266998291016
8 12 0.0910179615020752
8 12 0.0809929370880127
8 12 0.09086132049560547
8 12 0.09154915809631348
8 12 0.09208154678344727
8 12 0.09002017974853516
8 12 0.0870199203491211
8 12 0.08201837539672852
8 12 0.09302115440368652
8 12 0.08601951599121094
8 12 0.08892202377319336
8 12 0.0810842514038086
8 12 0.07794713973999023
8 12 0.07201647758483887
8 12 0.09602141380310059
8 12 0.07601642608642578
8 12 0.08201789855957031
8 12 0.08797264099121094
8 12 0.08001875877380371
8 12 0.0780172348022461
8 12 0.09002017974853516
8 12 0.09102034568786621
8 12 0.0690155029296875
8 12 0.09202051162719727
8 12 0.09101986885070801
8 12 0.06901431083679199
8 12 0.08501935005187988
8 12 0.09002041816711426
8 12 0.08201789855957031
8 12 0.09002089500427246
8 12 0.07601666450500488
8 12 0.09101986885070801
8 12 0.08702230453491211
8 12 0.12602758407592773
8 12 0.0780174732208252
8 12 0.08601760864257812
8 12 0.06801462173461914
8 12 0.08401823043823242
8 12 0.08802032470703125
8 12 0.08401870727539062
8 12 0.07301568984985352
8 12 0.06902313232421875
8 12 0.08101797103881836
8 12 0.08401846885681152
8 12 0.09402132034301758
8 12 0.07802987098693848
8 12 0.09001994132995605
8 12 0.06301426887512207
8 12 0.07601690292358398
