20 0 0.09500575065612793
20 0 0.09740042686462402
20 0 0.09298300743103027
20 0 0.09393143653869629
20 0 0.09593844413757324
20 0 0.09300661087036133
20 0 0.0926518440246582
20 0 0.09204530715942383
20 0 0.09923005104064941
20 0 0.10105299949645996
20 0 0.14105749130249023
20 0 0.14100098609924316
20 0 0.15706181526184082
20 0 0.1604151725769043
20 0 0.11300992965698242
20 0 0.14606523513793945
20 0 0.14499521255493164
20 0 0.15003299713134766
20 0 0.15307974815368652
20 0 0.1540677547454834
20 0 0.15303444862365723
20 0 0.1367473602294922
20 0 0.13709712028503418
20 0 0.1432328224182129
20 0 0.10700607299804688
20 0 0.15243005752563477
20 0 0.12123775482177734
20 0 0.12619781494140625
20 0 0.13942384719848633
20 0 0.14089226722717285
20 0 0.15203404426574707
20 0 0.1470329761505127
20 0 0.15006279945373535
20 0 0.15503501892089844
20 0 0.14505290985107422
20 0 0.1580359935760498
20 0 0.21104788780212402
20 0 0.12302780151367188
20 0 0.13002920150756836
20 0 0.15940260887145996
20 0 0.15403532981872559
20 0 0.14803266525268555
20 0 0.14803290367126465
20 0 0.14803338050842285
20 0 0.11602616310119629
20 0 0.12202715873718262
20 0 0.16403675079345703
20 0 0.1470329761505127
20 0 0.15203356742858887
20 0 0.1290290355682373
20 0 0.1580355167388916
20 0 0.12802743911743164
20 0 0.11402535438537598
20 0 0.15204071998596191
20 0 0.17203831672668457
20 0 0.12502622604370117
20 0 0.14203214645385742
20 0 0.14603352546691895
20 0 0.1490330696105957
20 0 0.14803385734558105
20 0 0.15303349494934082
20 0 0.14103102684020996
20 0 0.15705466270446777
20 0 0.12002682685852051
20 0 0.10302305221557617
20 0 0.13903117179870605
20 0 0.14205455780029297
20 0 0.14803290367126465
20 0 0.11302542686462402
20 0 0.12302708625793457
20 0 0.1270291805267334
20 0 0.16803669929504395
20 0 0.13503074645996094
20 0 0.15203380584716797
20 0 0.11002421379089355
20 0 0.11502575874328613
20 0 0.1180260181427002
20 0 0.1470332145690918
20 0 0.12602806091308594
20 0 0.1180262565612793
20 0 0.1270287036895752
20 0 0.16403675079345703
20 0 0.15303373336791992
20 0 0.1270275115966797
20 0 0.13202857971191406
20 0 0.12802863121032715
20 0 0.14303088188171387
20 0 0.15703487396240234
20 0 0.10502386093139648
20 0 0.1200265884399414
20 0 0.11902666091918945
20 0 0.11002445220947266
20 0 0.15503501892089844
20 0 0.1580336093902588
20 0 0.1090235710144043
20 0 0.10702371597290039
20 0 0.1290287971496582
20 0 0.15403437614440918
20 0 0.14303159713745117
20 0 0.1180276870727539
20 0 0.15703415870666504
