252 0 48.98007297515869
252 0 61.236066818237305
252 0 42.939061403274536
252 0 42.18570566177368
252 0 43.853883028030396
252 0 43.313759565353394
252 0 58.1843900680542
252 0 45.93561100959778
252 0 42.72732138633728
252 0 48.46506977081299
252 0 62.512534379959106
252 0 64.28210759162903
252 0 74.49185180664062
252 0 57.666971921920776
252 0 61.3262984752655
252 0 59.158284187316895
252 0 61.066147327423096
252 0 57.48890829086304
252 0 56.659770250320435
252 0 55.064409255981445
252 0 69.8277370929718
252 0 60.582653522491455
252 0 68.20362424850464
252 0 70.59230613708496
252 0 68.10459399223328
252 0 65.30307292938232
252 0 77.07152271270752
252 0 57.65912652015686
252 0 59.12866950035095
252 0 72.07929873466492
252 0 55.983152866363525
252 0 80.28923463821411
252 0 65.08709979057312
252 0 60.643330097198486
252 0 67.0089795589447
252 0 65.41667413711548
252 0 65.22894358634949
252 0 66.33995079994202
252 0 47.49970483779907
252 0 59.11832284927368
252 0 50.838927030563354
252 0 59.70045495033264
252 0 56.97478175163269
252 0 66.70634078979492
252 0 74.6220452785492
252 0 55.583093881607056
252 0 53.48520278930664
252 0 53.75911355018616
252 0 60.673672914505005
252 0 58.31214094161987
252 0 59.28217315673828
252 0 74.33705615997314
252 0 62.93132162094116
252 0 48.186567068099976
252 0 54.02746939659119
252 0 51.22624707221985
252 0 63.157312870025635
252 0 66.63110136985779
252 0 78.169846534729
252 0 64.55390954017639
252 0 54.93002772331238
252 0 56.17031955718994
252 0 52.494561433792114
252 0 50.74213004112244
252 0 52.44819712638855
252 0 65.03936862945557
252 0 59.71235799789429
252 0 71.72161316871643
252 0 83.53128361701965
252 0 75.76849031448364
