72 0 1.5140221118927002
72 0 1.4103186130523682
72 0 2.124478578567505
72 0 2.0794684886932373
72 0 2.1124773025512695
72 0 2.090470790863037
72 0 2.1414825916290283
72 0 2.051461935043335
72 0 2.1275744438171387
72 0 2.0194554328918457
72 0 2.373533010482788
72 0 2.2845141887664795
72 0 2.272512197494507
72 0 2.382537841796875
72 0 2.3935391902923584
72 0 2.522568702697754
72 0 2.756621837615967
72 0 2.3065202236175537
72 0 2.295518159866333
72 0 2.2325046062469482
72 0 2.2335031032562256
72 0 2.433547258377075
72 0 2.3530352115631104
72 0 2.4085428714752197
72 0 2.474557638168335
72 0 2.449551820755005
72 0 2.299022912979126
72 0 2.4815587997436523
72 0 2.297022819519043
72 0 2.541572093963623
72 0 2.3845369815826416
72 0 2.463554620742798
72 0 2.446551561355591
72 0 2.383989095687866
72 0 2.388043165206909
72 0 2.4865598678588867
72 0 2.474557638168335
72 0 2.3455288410186768
72 0 2.3965399265289307
72 0 2.430551052093506
72 0 2.411048412322998
72 0 2.4725570678710938
72 0 2.427546739578247
72 0 2.5575759410858154
72 0 2.467061758041382
72 0 2.391538619995117
72 0 2.5425732135772705
72 0 2.515566825866699
72 0 2.449551820755005
72 0 2.4065423011779785
72 0 2.5895838737487793
72 0 2.560576915740967
72 0 2.51456618309021
72 0 2.2525248527526855
72 0 2.1944940090179443
72 0 2.0924689769744873
72 0 2.233503580093384
72 0 2.2184998989105225
72 0 2.0774686336517334
72 0 2.4525530338287354
72 0 2.2815141677856445
72 0 2.2095041275024414
72 0 2.180604934692383
72 0 2.217048406600952
72 0 2.18929386138916
72 0 2.253432512283325
72 0 2.288567304611206
72 0 2.1013247966766357
72 0 2.183596611022949
72 0 2.1213011741638184
