245 7 27.88217282295227
248 4 27.390361785888672
252 0 27.309041738510132
252 0 26.757030487060547
246 6 29.819236993789673
252 0 35.31152963638306
248 4 26.799879550933838
252 0 26.977038383483887
252 0 28.025815963745117
252 0 28.092329025268555
252 0 36.87834620475769
248 4 38.728511571884155
252 0 37.988309383392334
249 3 38.34258699417114
250 2 34.82274627685547
252 0 34.02513837814331
245 7 37.686909437179565
249 3 36.47506284713745
252 0 37.22802948951721
252 0 35.44898962974548
247 5 39.639933347702026
252 0 36.59924817085266
252 0 40.905086517333984
244 8 45.00521445274353
249 3 40.16547918319702
243 9 42.77363848686218
250 2 37.706249952316284
252 0 39.317885637283325
248 4 37.89023566246033
252 0 35.98258018493652
252 0 36.846548557281494
246 6 40.27014493942261
245 7 41.132935762405396
252 0 39.09207534790039
252 0 39.633108377456665
252 0 39.562952280044556
247 5 42.534812688827515
245 7 33.50555109977722
247 5 33.9136426448822
252 0 31.769160509109497
249 3 29.237046718597412
252 0 32.80539298057556
247 5 36.102137327194214
245 7 38.67371654510498
248 4 37.653559923172
246 6 35.96310496330261
247 5 35.794065952301025
244 8 37.14344930648804
244 8 38.45844578742981
240 12 43.29442310333252
236 16 41.10017013549805
241 11 38.557655334472656
249 3 30.747658491134644
244 8 32.203572511672974
252 0 33.34655404090881
246 6 37.44725823402405
252 0 37.82562017440796
252 0 37.44494581222534
252 0 36.53761911392212
245 7 39.74786925315857
252 0 31.02479362487793
252 0 31.478879690170288
237 15 37.124587297439575
252 0 27.845274925231934
247 5 36.36416292190552
239 13 40.01719617843628
252 0 38.31317162513733
252 0 35.995285987854004
247 5 37.29562711715698
250 2 37.45730662345886
