125 0 4.2693030834198
125 0 4.256486177444458
125 0 4.269966125488281
125 0 4.2774879932403564
125 0 4.299750089645386
125 0 4.312975645065308
125 0 4.252081394195557
125 0 4.241285562515259
125 0 4.33442497253418
125 0 4.298313617706299
125 0 8.442366123199463
125 0 7.602218151092529
125 0 9.119009494781494
125 0 8.315873384475708
125 0 8.163344621658325
125 0 9.382582902908325
125 0 6.969570636749268
125 0 6.661500930786133
125 0 7.50369119644165
125 0 6.505555629730225
125 0 6.866544008255005
125 0 6.782685995101929
125 0 6.614490509033203
125 0 7.028584003448486
125 0 6.807534217834473
125 0 7.19126033782959
125 0 6.294509172439575
125 0 6.658892393112183
125 0 6.359056234359741
125 0 6.38344144821167
125 0 6.392348289489746
125 0 5.97680401802063
125 0 6.66156268119812
125 0 6.830918550491333
125 0 6.486332416534424
125 0 6.5474865436553955
125 0 6.204143762588501
125 0 6.274146795272827
125 0 6.271209716796875
125 0 6.700904846191406
125 0 6.582682371139526
125 0 5.493176698684692
125 0 6.105292797088623
125 0 5.865173578262329
125 0 5.751768589019775
125 0 5.480394601821899
125 0 5.843778133392334
125 0 5.7041003704071045
125 0 5.534262418746948
125 0 5.756145715713501
125 0 5.0964508056640625
125 0 5.444952964782715
125 0 5.454174757003784
125 0 5.499233722686768
125 0 5.498100757598877
125 0 4.954190492630005
125 0 5.690113306045532
125 0 5.062548398971558
125 0 6.125256538391113
125 0 5.2083740234375
125 0 5.690590858459473
125 0 5.436874866485596
125 0 5.540709733963013
125 0 5.6898205280303955
125 0 5.937536001205444
125 0 5.550116300582886
125 0 5.7126805782318115
125 0 5.497660875320435
125 0 5.111395835876465
125 0 5.215402603149414
