245 0 49.31075596809387
241 4 49.555439710617065
245 0 47.85610842704773
245 0 50.44517278671265
245 0 49.16110801696777
245 0 50.49933695793152
245 0 48.990734338760376
245 0 48.79476284980774
245 0 48.5787787437439
243 2 49.164491176605225
245 0 67.92230772972107
245 0 69.79614639282227
245 0 71.43733143806458
245 0 74.77754831314087
236 9 86.4424295425415
245 0 85.33312821388245
245 0 80.32879900932312
245 0 82.67671751976013
241 4 51.06667637825012
245 0 51.3262677192688
245 0 49.691967725753784
245 0 49.46909523010254
245 0 78.298086643219
245 0 79.4174542427063
245 0 80.72690749168396
245 0 79.65740942955017
245 0 77.90878653526306
245 0 79.2335889339447
245 0 79.47579002380371
245 0 80.9094250202179
245 0 79.01720881462097
245 0 84.32214999198914
245 0 79.3427312374115
245 0 80.30849862098694
245 0 78.43545651435852
245 0 76.36135077476501
241 4 77.60945582389832
240 5 78.45983862876892
245 0 76.19606900215149
245 0 74.95918202400208
245 0 76.2970244884491
245 0 77.46120619773865
245 0 68.55387902259827
245 0 69.97847533226013
245 0 73.45658040046692
238 7 76.99920988082886
245 0 73.26505160331726
240 5 73.47454500198364
241 4 79.02839660644531
240 5 79.82653450965881
236 9 89.60184931755066
245 0 78.48729157447815
245 0 73.81370830535889
245 0 75.38893270492554
240 5 79.08667302131653
245 0 75.54287934303284
245 0 75.96212029457092
237 8 80.46479940414429
245 0 76.2040205001831
233 12 87.02136373519897
245 0 76.23641633987427
245 0 75.36694288253784
245 0 74.93600964546204
245 0 73.95493960380554
241 4 73.2717719078064
245 0 64.04679107666016
240 5 58.73155617713928
245 0 56.91972541809082
241 4 58.42906403541565
242 3 53.433847427368164
245 0 49.72129273414612
245 0 49.38354754447937
