45 0 0.6922445297241211
45 0 0.6304309368133545
45 0 0.8020153045654297
45 0 0.6698424816131592
45 0 0.6145942211151123
45 0 0.6344707012176514
45 0 0.7312328815460205
45 0 0.7672233581542969
45 0 0.7428653240203857
45 0 0.6823480129241943
45 0 0.7948975563049316
45 0 0.9856188297271729
45 0 0.7450370788574219
45 0 0.8562133312225342
45 0 0.9081134796142578
45 0 0.7891771793365479
45 0 0.733163595199585
45 0 0.8886573314666748
45 0 0.7301645278930664
45 0 0.7341659069061279
45 0 0.7421667575836182
45 0 0.9452133178710938
45 0 0.8021805286407471
45 0 0.8251867294311523
45 0 0.8091819286346436
45 0 0.7851758003234863
45 0 0.9342095851898193
45 0 0.9572157859802246
45 0 1.0322322845458984
45 0 0.7791759967803955
45 0 0.7121589183807373
45 0 0.9492137432098389
45 0 0.8172428607940674
45 0 1.0952467918395996
45 0 1.0302317142486572
45 0 0.9492123126983643
45 0 1.0423734188079834
45 0 1.0612390041351318
45 0 0.9772207736968994
45 0 1.177264928817749
45 0 1.1801040172576904
45 0 1.1632616519927979
45 0 1.1472585201263428
45 0 1.1872694492340088
45 0 1.123253345489502
45 0 1.0052266120910645
45 0 1.246281385421753
45 0 1.1055400371551514
45 0 1.2897958755493164
45 0 1.2342767715454102
45 0 1.1212525367736816
45 0 1.1552600860595703
45 0 1.1022498607635498
45 0 1.2722864151000977
45 0 1.0812435150146484
45 0 1.4193196296691895
45 0 1.5163416862487793
45 0 1.064239740371704
45 0 1.053236722946167
45 0 1.1322615146636963
45 0 1.2117784023284912
45 0 1.0442347526550293
45 0 1.2812883853912354
45 0 1.0674340724945068
45 0 1.0212304592132568
45 0 1.1212520599365234
45 0 1.0622401237487793
45 0 1.0897018909454346
45 0 1.030738353729248
45 0 0.9572155475616455
45 0 1.0882561206817627
45 0 1.0552406311035156
45 0 1.1992697715759277
45 0 1.1762654781341553
45 0 0.8121829032897949
45 0 0.8481907844543457
45 0 0.9492120742797852
45 0 0.8501913547515869
45 0 0.952214241027832
45 0 1.063239336013794
45 0 0.886199951171875
45 0 1.0622379779815674
45 0 0.8571934700012207
45 0 0.949213981628418
45 0 0.752169132232666
45 0 0.803180456161499
45 0 1.0962467193603516
45 0 0.7911787033081055
45 0 0.9422118663787842
45 0 1.022230625152588
45 0 1.262284755706787
45 0 0.9312102794647217
45 0 1.2162754535675049
45 0 1.0652387142181396
45 0 1.1452562808990479
45 0 0.8891997337341309
45 0 1.0162289142608643
45 0 1.009228229522705
45 0 0.9362103939056396
45 0 0.9462125301361084
45 0 1.099247932434082
45 0 0.995225191116333
45 0 0.9812214374542236
45 0 0.9802205562591553
