180 0 9.965934038162231
180 0 10.404458045959473
180 0 10.430236339569092
180 0 10.361658811569214
180 0 10.019356489181519
180 0 9.91947865486145
180 0 9.977992534637451
180 0 9.918627500534058
180 0 10.01625394821167
180 0 9.90038013458252
180 0 16.575735330581665
180 0 16.823009967803955
180 0 16.252370595932007
180 0 15.773228168487549
180 0 15.687272787094116
180 0 15.549146175384521
180 0 15.046470880508423
180 0 15.113722324371338
171 9 19.27803373336792
180 0 14.618624210357666
180 0 12.589173316955566
180 0 13.599525213241577
180 0 13.838565111160278
180 0 13.417600631713867
180 0 13.171646356582642
180 0 13.419853210449219
180 0 12.592751741409302
180 0 12.927231788635254
180 0 13.41214632987976
180 0 13.785419702529907
180 0 13.541343688964844
180 0 13.908971071243286
180 0 12.905016899108887
180 0 13.970003128051758
180 0 13.970081329345703
180 0 15.64638352394104
172 8 19.64842653274536
180 0 15.22482943534851
180 0 15.39791488647461
180 0 17.03666067123413
180 0 17.110800981521606
180 0 16.59393858909607
180 0 17.207199811935425
180 0 16.84379529953003
180 0 17.266467332839966
180 0 16.82150673866272
180 0 17.361008167266846
180 0 16.50714135169983
180 0 16.2715265750885
180 0 17.13530421257019
180 0 16.166898488998413
180 0 16.048615217208862
180 0 16.685961961746216
180 0 16.405309915542603
180 0 15.646780967712402
180 0 14.910436630249023
180 0 15.503731966018677
180 0 15.261016845703125
180 0 15.8587327003479
180 0 14.827896118164062
180 0 13.760141611099243
180 0 14.3214750289917
180 0 15.455394506454468
180 0 14.74244475364685
180 0 14.004104375839233
180 0 14.534771203994751
180 0 14.736695289611816
180 0 14.299806118011475
180 0 13.92113995552063
180 0 14.528710842132568
