90 0 1.970824956893921
90 0 1.9656972885131836
90 0 2.0324816703796387
90 0 1.9314355850219727
90 0 1.9907774925231934
90 0 1.9234330654144287
87 3 2.5245707035064697
90 0 1.975938081741333
90 0 2.013455390930176
90 0 1.9964509010314941
90 0 3.0768544673919678
90 0 2.8726463317871094
90 0 2.6956088542938232
90 0 2.9196579456329346
90 0 3.190944194793701
90 0 2.780628204345703
90 0 2.6335928440093994
90 0 2.8116328716278076
90 0 2.5326428413391113
90 0 2.836639881134033
88 2 3.760847568511963
90 0 4.0059027671813965
90 0 3.6488215923309326
90 0 3.2087254524230957
90 0 3.1937198638916016
90 0 3.078138589859009
90 0 3.1561808586120605
90 0 3.475782632827759
90 0 3.32374906539917
90 0 3.1304993629455566
88 2 3.391345977783203
90 0 3.0489141941070557
90 0 3.284665107727051
90 0 3.076054573059082
90 0 3.4390735626220703
90 0 3.3547561168670654
90 0 3.2301998138427734
90 0 3.2247262001037598
90 0 3.1579959392547607
90 0 3.332813024520874
90 0 2.9192681312561035
90 0 3.026355743408203
90 0 3.2263097763061523
90 0 3.858980417251587
90 0 3.3032193183898926
90 0 2.6857688426971436
84 6 4.946154594421387
87 3 3.176032543182373
86 4 5.202472925186157
90 0 2.673551559448242
90 0 2.87343168258667
82 8 7.141811847686768
86 4 4.382517337799072
90 0 3.0983939170837402
90 0 2.8900506496429443
90 0 3.007929801940918
90 0 2.5741372108459473
90 0 2.788893222808838
90 0 3.0304625034332275
90 0 2.8514366149902344
90 0 2.9487853050231934
86 4 4.493962526321411
90 0 2.9512577056884766
90 0 2.8279664516448975
90 0 3.1255054473876953
90 0 3.07678484916687
90 0 3.0654313564300537
90 0 2.8974733352661133
90 0 2.789902925491333
90 0 3.0043163299560547
