20 0 0.1190497875213623
20 0 0.11615610122680664
16 4 1.3493752479553223
20 0 0.12241530418395996
20 0 0.130079984664917
20 0 0.12326264381408691
20 0 0.12398052215576172
20 0 0.12607789039611816
20 0 0.11508011817932129
20 0 0.13108086585998535
20 0 0.15003323554992676
20 0 0.12734007835388184
20 0 0.15203380584716797
20 0 0.13414931297302246
20 0 0.12102699279785156
20 0 0.1244051456451416
20 0 0.17003774642944336
20 0 0.14382028579711914
20 0 0.12792611122131348
20 0 0.14403367042541504
20 0 0.12826085090637207
20 0 0.12673306465148926
20 0 0.13697075843811035
20 0 0.13302874565124512
20 0 0.13002872467041016
20 0 0.15303421020507812
20 0 0.13154983520507812
20 0 0.14003229141235352
20 0 0.12602734565734863
20 0 0.15585732460021973
20 0 0.1391000747680664
20 0 0.14592432975769043
20 0 0.118804931640625
20 0 0.1359729766845703
20 0 0.13531899452209473
20 0 0.1463167667388916
20 0 0.1726996898651123
20 0 0.15066003799438477
20 0 0.190232515335083
20 0 0.12492513656616211
20 0 0.17941713333129883
20 0 0.18367862701416016
15 5 3.866041898727417
20 0 0.18503999710083008
20 0 0.18137240409851074
20 0 0.18118619918823242
20 0 0.17129158973693848
20 0 0.19872522354125977
20 0 0.18781590461730957
20 0 0.19553184509277344
20 0 0.21622633934020996
20 0 0.19127893447875977
20 0 0.18661785125732422
20 0 0.17647027969360352
20 0 0.21099305152893066
20 0 0.1932828426361084
20 0 0.18503284454345703
20 0 0.18007850646972656
20 0 0.20145773887634277
20 0 0.1850416660308838
