159 16 18.490924835205078
156 19 19.675771951675415
175 0 9.592546224594116
175 0 9.247225761413574
175 0 10.108277082443237
170 5 10.640856742858887
166 9 12.515215873718262
175 0 13.209114074707031
171 4 13.42019510269165
163 12 18.692211389541626
172 3 12.448716163635254
171 4 11.732404232025146
164 11 14.07003140449524
169 6 13.87930941581726
171 4 10.702411890029907
163 12 17.49478840827942
171 4 14.017880916595459
175 0 14.233443260192871
163 12 24.466447830200195
167 8 20.653604745864868
175 0 14.230305433273315
167 8 16.072361707687378
164 11 23.027622938156128
169 6 19.83577799797058
170 5 19.0513277053833
175 0 16.61630892753601
175 0 16.444705724716187
175 0 16.498727083206177
163 12 22.033243417739868
175 0 17.028566122055054
168 7 18.666062593460083
172 3 16.210412740707397
170 5 18.001957416534424
168 7 18.77846121788025
171 4 16.587781190872192
175 0 16.21771550178528
164 11 22.913954257965088
175 0 15.006444454193115
161 14 25.64913272857666
175 0 14.832326173782349
175 0 15.17358946800232
161 14 22.93609642982483
165 10 18.34186029434204
175 0 13.231576442718506
175 0 14.577890634536743
