4 16 0.0980217456817627
4 16 0.09694504737854004
4 16 0.09724926948547363
4 16 0.0969400405883789
4 16 0.09401941299438477
4 16 0.09400391578674316
4 16 0.09890151023864746
4 16 0.09689140319824219
4 16 0.09513974189758301
4 16 0.09484720230102539
4 16 0.15503525733947754
4 16 0.15206313133239746
4 16 0.15005922317504883
4 16 0.15801739692687988
4 16 0.1488664150238037
4 16 0.1433568000793457
4 16 0.1460731029510498
4 16 0.12005472183227539
4 16 0.1600360870361328
4 16 0.11505770683288574
4 16 0.15403485298156738
4 16 0.1751418113708496
4 16 0.14403200149536133
4 16 0.1517622470855713
4 16 0.15517711639404297
4 16 0.15637612342834473
4 16 0.15326738357543945
4 16 0.15480995178222656
4 16 0.14923572540283203
4 16 0.1596510410308838
4 16 0.15103387832641602
4 16 0.11503338813781738
4 16 0.14303231239318848
4 16 0.14803361892700195
4 16 0.14403152465820312
4 16 0.12191939353942871
4 16 0.1270277500152588
4 16 0.15003442764282227
4 16 0.15003418922424316
4 16 0.1440410614013672
4 16 0.1400315761566162
4 16 0.15403532981872559
4 16 0.15703535079956055
4 16 0.13903045654296875
4 16 0.15218877792358398
4 16 0.13903141021728516
4 16 0.1400313377380371
4 16 0.12002706527709961
4 16 0.13302946090698242
4 16 0.13900208473205566
4 16 0.13703060150146484
4 16 0.13302993774414062
4 16 0.14603257179260254
4 16 0.15303373336791992
4 16 0.10902523994445801
4 16 0.130051851272583
4 16 0.11202502250671387
4 16 0.16203522682189941
4 16 0.12802839279174805
4 16 0.1450328826904297
4 16 0.13502931594848633
4 16 0.13503003120422363
4 16 0.13202929496765137
4 16 0.13503098487854004
4 16 0.14746522903442383
4 16 0.11602568626403809
4 16 0.11402583122253418
4 16 0.1470327377319336
4 16 0.12502837181091309
4 16 0.11202478408813477
4 16 0.1510334014892578
4 16 0.1200263500213623
