112 0 2.5115671157836914
112 0 2.421546220779419
112 0 2.3038089275360107
112 0 2.450629711151123
112 0 2.522998094558716
112 0 2.2255008220672607
110 2 2.596585512161255
112 0 2.263993978500366
112 0 2.317373275756836
112 0 2.2740352153778076
112 0 3.8858752250671387
112 0 4.947572231292725
112 0 3.8848752975463867
112 0 3.6562845706939697
112 0 3.7408432960510254
112 0 3.775851011276245
112 0 3.598811149597168
112 0 3.455317258834839
112 0 3.740415573120117
112 0 3.7597293853759766
112 0 3.6208155155181885
112 0 3.9228830337524414
112 0 3.8668882846832275
112 0 3.628817558288574
112 0 3.598811388015747
112 0 3.56239914894104
112 0 3.514841079711914
112 0 3.7528257369995117
112 0 3.488191843032837
112 0 3.4793334007263184
112 0 3.6091463565826416
112 0 3.543867588043213
112 0 3.3826887607574463
112 0 3.406599521636963
112 0 3.3308937549591064
109 3 3.874516248703003
112 0 3.6997039318084717
112 0 3.4364352226257324
112 0 3.479719638824463
112 0 3.321748971939087
112 0 3.5564920902252197
112 0 3.547964096069336
112 0 3.534611225128174
112 0 3.6531434059143066
112 0 3.353090763092041
112 0 3.245114326477051
112 0 3.3929057121276855
112 0 2.9647274017333984
112 0 3.049427032470703
112 0 3.4488842487335205
112 0 3.6448206901550293
112 0 3.1318089962005615
112 0 3.1698479652404785
112 0 3.0021657943725586
112 0 3.016672372817993
112 0 3.1473116874694824
112 0 2.981884717941284
112 0 3.1503407955169678
112 0 3.1512486934661865
112 0 3.130143404006958
112 0 3.043811798095703
112 0 2.8989317417144775
112 0 3.2911272048950195
112 0 2.82734751701355
112 0 3.4478626251220703
112 0 3.2430856227874756
112 0 2.8563342094421387
112 0 3.1346230506896973
112 0 3.0165998935699463
112 0 2.807194709777832
112 0 3.4247725009918213
112 0 3.5384693145751953
112 0 3.43477463722229
112 0 2.9866724014282227
112 0 3.277738332748413
112 0 3.404101610183716
112 0 3.2142817974090576
112 0 3.3239731788635254
112 0 3.3517541885375977
112 0 3.729893922805786
112 0 3.4792091846466064
112 0 2.9640064239501953
112 0 3.4069385528564453
112 0 2.6073997020721436
112 0 3.0709266662597656
112 0 3.261568784713745
112 0 3.285026788711548
112 0 3.3839683532714844
112 0 3.0671446323394775
112 0 3.3939735889434814
112 0 3.5649569034576416
112 0 3.0993192195892334
112 0 3.1606478691101074
112 0 2.9712073802948
112 0 3.2337496280670166
112 0 3.1501588821411133
112 0 3.055788993835449
112 0 3.1794872283935547
112 0 3.306631326675415
112 0 2.7346556186676025
