50 0 0.7051591873168945
50 0 0.6791529655456543
50 0 0.6671512126922607
50 0 0.6821541786193848
50 0 0.667151689529419
50 0 0.6811535358428955
50 0 0.6781508922576904
50 0 0.6741399765014648
50 0 0.6848597526550293
50 0 0.6603794097900391
50 0 0.9662177562713623
50 0 1.0172276496887207
50 0 1.0960798263549805
50 0 0.9172067642211914
50 0 1.1082496643066406
50 0 1.1092500686645508
50 0 1.0802431106567383
50 0 1.1072490215301514
50 0 1.1757698059082031
50 0 1.0722415447235107
50 0 1.0952470302581787
50 0 1.1552605628967285
50 0 1.0602388381958008
50 0 1.767397165298462
50 0 1.1562604904174805
50 0 1.2002699375152588
50 0 1.3072950839996338
50 0 1.0682413578033447
50 0 1.0572400093078613
50 0 1.0676844120025635
50 0 1.038233757019043
50 0 1.0742418766021729
50 0 1.0942866802215576
50 0 1.0722415447235107
50 0 1.0552377700805664
50 0 1.0532400608062744
50 0 1.0722413063049316
50 0 1.0292315483093262
50 0 1.0872447490692139
50 0 1.0442349910736084
50 0 1.0782430171966553
50 0 1.1317598819732666
50 0 1.2402796745300293
50 0 1.376310110092163
50 0 1.0852444171905518
50 0 1.1722626686096191
50 0 1.275287389755249
50 0 1.125253677368164
50 0 1.1492588520050049
50 0 1.163262128829956
50 0 1.235276699066162
50 0 1.1032485961914062
50 0 1.1222522258758545
50 0 1.2792878150939941
50 0 1.2522821426391602
50 0 1.1212530136108398
50 0 1.102513313293457
50 0 1.1432576179504395
50 0 1.1212522983551025
50 0 1.1402568817138672
50 0 1.3583061695098877
50 0 1.231783151626587
50 0 1.4513249397277832
50 0 1.4213197231292725
50 0 1.4123187065124512
50 0 1.2312774658203125
50 0 1.254281759262085
50 0 1.1342546939849854
50 0 1.1422579288482666
50 0 1.1232528686523438
