7 0 0.02200484275817871
7 0 0.030002117156982422
7 0 0.0200042724609375
7 0 0.023005247116088867
7 0 0.020003080368041992
7 0 0.026004314422607422
7 0 0.019003629684448242
7 0 0.025005817413330078
7 0 0.019004344940185547
7 0 0.02500629425048828
7 0 0.044010162353515625
7 0 0.028005361557006836
7 0 0.03300642967224121
7 0 0.041008949279785156
7 0 0.029005765914916992
7 0 0.02200484275817871
7 0 0.024004697799682617
7 0 0.023004770278930664
7 0 0.02700519561767578
7 0 0.029007911682128906
7 0 0.031006336212158203
7 0 0.03200697898864746
7 0 0.026005268096923828
7 0 0.04200935363769531
7 0 0.033007144927978516
7 0 0.030005693435668945
7 0 0.04400992393493652
7 0 0.031006813049316406
7 0 0.024005651473999023
7 0 0.031006813049316406
7 0 0.029006242752075195
7 0 0.025006532669067383
7 0 0.03900766372680664
7 0 0.028006792068481445
7 0 0.02800464630126953
7 0 0.023005008697509766
7 0 0.031006813049316406
7 0 0.031007051467895508
7 0 0.030007123947143555
7 0 0.046010732650756836
7 0 0.03300809860229492
7 0 0.05201220512390137
7 0 0.03200674057006836
7 0 0.025005340576171875
7 0 0.03200697898864746
7 0 0.039008378982543945
7 0 0.04300975799560547
7 0 0.03500843048095703
7 0 0.03500771522521973
7 0 0.02800607681274414
7 0 0.023005008697509766
7 0 0.020003795623779297
7 0 0.04200911521911621
7 0 0.05001115798950195
7 0 0.04100918769836426
7 0 0.06201362609863281
7 0 0.04100966453552246
7 0 0.03800821304321289
7 0 0.035007476806640625
7 0 0.03700685501098633
7 0 0.029006481170654297
7 0 0.03900790214538574
7 0 0.031005382537841797
7 0 0.031007051467895508
7 0 0.044010162353515625
7 0 0.036562442779541016
7 0 0.025005578994750977
7 0 0.02200484275817871
7 0 0.0419919490814209
7 0 0.027006149291992188
7 0 0.04600930213928223
7 0 0.031007051467895508
7 0 0.02600574493408203
7 0 0.03400683403015137
7 0 0.023004531860351562
7 0 0.032007455825805664
7 0 0.023005247116088867
7 0 0.029005765914916992
7 0 0.037008047103881836
7 0 0.0290069580078125
7 0 0.03200721740722656
7 0 0.028006553649902344
7 0 0.034006595611572266
7 0 0.031006336212158203
7 0 0.026004791259765625
7 0 0.034008026123046875
7 0 0.032007455825805664
7 0 0.03300833702087402
7 0 0.027005910873413086
7 0 0.027005910873413086
7 0 0.052011728286743164
7 0 0.029006004333496094
7 0 0.031007051467895508
7 0 0.0290069580078125
7 0 0.03700590133666992
7 0 0.033006906509399414
7 0 0.029005765914916992
7 0 0.038008689880371094
7 0 0.02400517463684082
7 0 0.028006553649902344
