7 0 0.013002157211303711
7 0 0.01800370216369629
7 0 0.011990785598754883
7 0 0.017907381057739258
7 0 0.013002395629882812
7 0 0.013002634048461914
7 0 0.018003225326538086
7 0 0.017004013061523438
7 0 0.016002893447875977
7 0 0.015003681182861328
7 0 0.01900315284729004
7 0 0.01800394058227539
7 0 0.02600574493408203
7 0 0.02600574493408203
7 0 0.020005226135253906
7 0 0.01600360870361328
7 0 0.021004438400268555
7 0 0.017004013061523438
7 0 0.02200460433959961
7 0 0.029006004333496094
7 0 0.02500605583190918
7 0 0.021004915237426758
7 0 0.01800394058227539
7 0 0.015003442764282227
7 0 0.02100515365600586
7 0 0.019003868103027344
7 0 0.01700282096862793
7 0 0.019003629684448242
7 0 0.015002965927124023
7 0 0.026004791259765625
7 0 0.024004697799682617
7 0 0.02400517463684082
7 0 0.02700638771057129
7 0 0.0200045108795166
7 0 0.01400303840637207
7 0 0.023003816604614258
7 0 0.021004199981689453
7 0 0.024005413055419922
7 0 0.023005008697509766
7 0 0.015002965927124023
7 0 0.021004915237426758
7 0 0.02400517463684082
7 0 0.0200042724609375
7 0 0.025005578994750977
7 0 0.0200042724609375
7 0 0.022004127502441406
7 0 0.01800370216369629
7 0 0.020004749298095703
7 0 0.022005319595336914
7 0 0.028006792068481445
7 0 0.027006149291992188
7 0 0.022005796432495117
7 0 0.0200042724609375
7 0 0.024004220962524414
7 0 0.015003204345703125
7 0 0.0200045108795166
7 0 0.020004987716674805
7 0 0.025005578994750977
7 0 0.025005340576171875
7 0 0.021004438400268555
7 0 0.018004417419433594
7 0 0.01600337028503418
7 0 0.022004365921020508
7 0 0.020004749298095703
7 0 0.014004230499267578
7 0 0.021004438400268555
7 0 0.017003774642944336
7 0 0.020004987716674805
7 0 0.024005413055419922
7 0 0.014018535614013672
