1 39 0.17396998405456543
1 39 0.17225027084350586
1 39 0.17570114135742188
1 39 0.17409086227416992
1 39 0.17428088188171387
1 39 0.17157292366027832
1 39 0.174879789352417
1 39 0.1700761318206787
1 39 0.1720890998840332
1 39 0.17307567596435547
1 39 0.19509053230285645
1 39 0.24469447135925293
1 39 0.29117870330810547
1 39 0.24993634223937988
1 39 0.2686331272125244
1 39 0.25141453742980957
1 39 0.19263100624084473
1 39 0.2650597095489502
1 39 0.26544189453125
1 39 0.25403571128845215
1 39 0.2506270408630371
1 39 0.30006837844848633
1 39 0.252272367477417
1 39 0.2799520492553711
1 39 0.2696244716644287
1 39 0.2460613250732422
1 39 0.2840702533721924
1 39 0.21805405616760254
1 39 0.287003755569458
1 39 0.20751714706420898
1 39 0.24005436897277832
1 39 0.2870643138885498
1 39 0.2810642719268799
1 39 0.2600576877593994
1 39 0.27506184577941895
1 39 0.2520594596862793
1 39 0.28606438636779785
1 39 0.28606438636779785
1 39 0.24805569648742676
1 39 0.26405906677246094
1 39 0.2639431953430176
1 39 0.2870640754699707
1 39 0.2705872058868408
1 39 0.2510559558868408
1 39 0.2711942195892334
1 39 0.2650597095489502
1 39 0.2520575523376465
1 39 0.28606414794921875
1 39 0.2740607261657715
1 39 0.27006053924560547
1 39 0.24105334281921387
1 39 0.2270512580871582
1 39 0.26744699478149414
1 39 0.24705958366394043
1 39 0.28206324577331543
1 39 0.27306127548217773
1 39 0.29306936264038086
1 39 0.30706787109375
1 39 0.28589677810668945
1 39 0.24701213836669922
1 39 0.2850642204284668
1 39 0.2780625820159912
1 39 0.29306554794311523
1 39 0.28406405448913574
1 39 0.2870645523071289
1 39 0.263059139251709
1 39 0.2911641597747803
1 39 0.25435781478881836
1 39 0.26863741874694824
1 39 0.271531343460083
