4 24 0.14302897453308105
4 24 0.16803741455078125
4 24 0.14603281021118164
4 24 0.14103102684020996
4 24 0.14403247833251953
4 24 0.14303183555603027
4 24 0.14203143119812012
4 24 0.14503240585327148
4 24 0.14303159713745117
4 24 0.14303350448608398
4 24 0.17096567153930664
4 24 0.2411966323852539
4 24 0.1890270709991455
4 24 0.2409663200378418
4 24 0.20932865142822266
4 24 0.16098284721374512
4 24 0.24102210998535156
4 24 0.24103903770446777
4 24 0.1972665786743164
4 24 0.23697972297668457
4 24 0.25310230255126953
4 24 0.22690796852111816
4 24 0.21204710006713867
4 24 0.2568485736846924
4 24 0.23205232620239258
4 24 0.23105192184448242
4 24 0.1918632984161377
4 24 0.21857976913452148
4 24 0.23809432983398438
4 24 0.23216629028320312
4 24 0.23305225372314453
4 24 0.22004938125610352
4 24 0.23005175590515137
4 24 0.23405241966247559
4 24 0.22104930877685547
4 24 0.21504831314086914
4 24 0.2380542755126953
4 24 0.22605156898498535
4 24 0.22905182838439941
4 24 0.23105263710021973
4 24 0.2290515899658203
4 24 0.20304560661315918
4 24 0.2160484790802002
4 24 0.23705339431762695
4 24 0.23305249214172363
4 24 0.22908759117126465
4 24 0.20204567909240723
4 24 0.2160484790802002
4 24 0.21904945373535156
4 24 0.22204947471618652
4 24 0.24299335479736328
4 24 0.22104930877685547
4 24 0.2471907138824463
4 24 0.23312783241271973
4 24 0.18196558952331543
4 24 0.24339556694030762
4 24 0.23317670822143555
4 24 0.22805094718933105
4 24 0.22756695747375488
4 24 0.2417745590209961
4 24 0.24605512619018555
4 24 0.2355806827545166
4 24 0.19750189781188965
4 24 0.2316572666168213
4 24 0.23205232620239258
4 24 0.23100614547729492
4 24 0.2350003719329834
4 24 0.19730877876281738
4 24 0.22929668426513672
4 24 0.24247264862060547
