32 0 0.1690382957458496
32 0 0.17003798484802246
32 0 0.1670382022857666
32 0 0.17904067039489746
32 0 0.17003798484802246
32 0 0.18027257919311523
32 0 0.17003870010375977
32 0 0.17504000663757324
32 0 0.17903995513916016
32 0 0.17111706733703613
32 0 0.2520573139190674
32 0 0.2510566711425781
32 0 0.26105809211730957
32 0 0.261059045791626
32 0 0.2630603313446045
32 0 0.25905752182006836
32 0 0.18824410438537598
32 0 0.24568438529968262
32 0 0.20998573303222656
32 0 0.21304798126220703
32 0 0.27506327629089355
32 0 0.26205992698669434
32 0 0.27306079864501953
32 0 0.2600586414337158
32 0 0.2850673198699951
32 0 0.2759416103363037
32 0 0.28106260299682617
32 0 0.26806020736694336
32 0 0.26205921173095703
32 0 0.28406357765197754
32 0 0.21904826164245605
32 0 0.29506659507751465
32 0 0.28406333923339844
32 0 0.29006433486938477
32 0 0.26605987548828125
32 0 0.28806519508361816
32 0 0.2610588073730469
32 0 0.2800633907318115
32 0 0.26806068420410156
32 0 0.2740652561187744
32 0 0.28806495666503906
32 0 0.35107898712158203
32 0 0.2780623435974121
32 0 0.285064697265625
32 0 0.29106593132019043
32 0 0.2780630588531494
32 0 0.29306650161743164
32 0 0.28806495666503906
32 0 0.2710611820220947
32 0 0.2870645523071289
32 0 0.28206348419189453
32 0 0.2960662841796875
32 0 0.2560567855834961
32 0 0.2720613479614258
32 0 0.29706645011901855
32 0 0.28806471824645996
32 0 0.3100705146789551
32 0 0.28806543350219727
32 0 0.2910654544830322
32 0 0.2830641269683838
32 0 0.26105833053588867
32 0 0.2910652160644531
32 0 0.30806922912597656
32 0 0.2940657138824463
32 0 0.27906274795532227
32 0 0.2725675106048584
32 0 0.27306103706359863
32 0 0.27506232261657715
32 0 0.27706241607666016
32 0 0.29106569290161133
