2 0 0.001999378204345703
2 0 0.0010001659393310547
2 0 0.0010006427764892578
2 0 0.0010004043579101562
2 0 0.001001119613647461
2 0 0.002000093460083008
2 0 0.002000570297241211
2 0 0.0019996166229248047
2 0 0.0009999275207519531
2 0 0.0019991397857666016
2 0 0.001999378204345703
2 0 0.0009999275207519531
2 0 0.0019991397857666016
2 0 0.0019986629486083984
2 0 0.0019998550415039062
2 0 0.001999378204345703
2 0 0.002000093460083008
2 0 0.00099945068359375
2 0 0.0020003318786621094
2 0 0.001001119613647461
2 0 0.002000093460083008
2 0 0.0019989013671875
2 0 0.003002166748046875
2 0 0.002000093460083008
2 0 0.0019998550415039062
2 0 0.0019996166229248047
2 0 0.003000974655151367
2 0 0.0010001659393310547
2 0 0.0019998550415039062
2 0 0.0020003318786621094
2 0 0.00099945068359375
2 0 0.0030014514923095703
2 0 0.0019981861114501953
2 0 0.0020003318786621094
2 0 0.0019998550415039062
2 0 0.0010008811950683594
2 0 0.0030007362365722656
2 0 0.0019998550415039062
2 0 0.004001140594482422
2 0 0.0020008087158203125
2 0 0.0009999275207519531
2 0 0.0009996891021728516
2 0 0.002001523971557617
2 0 0.0010004043579101562
2 0 0.001999378204345703
2 0 0.0020003318786621094
2 0 0.003000020980834961
2 0 0.0010001659393310547
2 0 0.0020008087158203125
2 0 0.0019991397857666016
2 0 0.00099945068359375
2 0 0.0019996166229248047
2 0 0.0020003318786621094
2 0 0.0019986629486083984
2 0 0.00400090217590332
2 0 0.0020020008087158203
2 0 0.0019998550415039062
2 0 0.0019991397857666016
2 0 0.0020008087158203125
2 0 0.0019998550415039062
2 0 0.0019996166229248047
2 0 0.0019996166229248047
2 0 0.0040013790130615234
2 0 0.003000497817993164
2 0 0.0019998550415039062
2 0 0.0010004043579101562
2 0 0.002001047134399414
2 0 0.0029997825622558594
2 0 0.0009996891021728516
2 0 0.003000974655151367
