250 0 21.37884783744812
250 0 20.73254942893982
250 0 22.13380479812622
250 0 20.334558963775635
250 0 21.676045179367065
250 0 31.492217779159546
250 0 29.03985595703125
250 0 25.254060745239258
250 0 27.12989377975464
250 0 24.87521743774414
250 0 26.967077493667603
250 0 25.527605772018433
250 0 27.080273389816284
250 0 29.560662269592285
250 0 29.960920333862305
250 0 28.208357572555542
250 0 28.40440058708191
250 0 32.37529706954956
250 0 32.570441246032715
250 0 31.391504526138306
250 0 28.706404209136963
246 4 28.66638684272766
250 0 29.771040678024292
250 0 30.1178138256073
250 0 28.429755687713623
250 0 37.69507622718811
250 0 30.998533248901367
250 0 32.27024269104004
250 0 32.03523087501526
250 0 32.668370485305786
250 0 30.02886152267456
250 0 32.69030785560608
250 0 22.93717050552368
250 0 25.292706727981567
250 0 27.902286291122437
250 0 22.9941828250885
250 0 23.529303550720215
250 0 22.393046855926514
246 4 31.83017349243164
250 0 28.590442180633545
250 0 30.23588800430298
250 0 25.584766626358032
250 0 27.917292594909668
250 0 26.666008710861206
250 0 28.11262583732605
250 0 27.914740324020386
250 0 28.962599277496338
250 0 23.95578408241272
250 0 24.633013486862183
250 0 24.6104097366333
250 0 28.044290781021118
250 0 28.68242859840393
250 0 33.498950242996216
250 0 27.612049341201782
250 0 30.000099658966064
250 0 29.046223163604736
250 0 25.939987182617188
250 0 26.577392101287842
250 0 27.925952672958374
250 0 23.651855945587158
246 4 28.74401831626892
250 0 28.084481477737427
250 0 28.976170778274536
250 0 29.310542106628418
245 5 31.51495122909546
250 0 31.55746102333069
244 6 32.472687005996704
250 0 32.17824602127075
250 0 30.563642263412476
250 0 30.29384183883667
