10 0 0.009002447128295898
10 0 0.011000871658325195
10 0 0.00900125503540039
10 0 0.009001493453979492
10 0 0.011002302169799805
10 0 0.009001970291137695
10 0 0.010001897811889648
10 0 0.012002944946289062
10 0 0.010001897811889648
10 0 0.010001420974731445
10 0 0.01200246810913086
10 0 0.016004085540771484
10 0 0.021004438400268555
10 0 0.013002395629882812
10 0 0.013002395629882812
10 0 0.017003297805786133
10 0 0.0180051326751709
10 0 0.02600574493408203
10 0 0.016002893447875977
10 0 0.011002302169799805
10 0 0.01700282096862793
10 0 0.012003183364868164
10 0 0.014003276824951172
10 0 0.013002872467041016
10 0 0.018002986907958984
10 0 0.021004676818847656
10 0 0.014002323150634766
10 0 0.01902914047241211
10 0 0.01600360870361328
10 0 0.022003889083862305
10 0 0.014002799987792969
10 0 0.014001846313476562
10 0 0.013003110885620117
10 0 0.012003660202026367
10 0 0.013002634048461914
10 0 0.010001897811889648
10 0 0.011002302169799805
10 0 0.015003681182861328
10 0 0.012002706527709961
10 0 0.014001607894897461
10 0 0.010001897811889648
10 0 0.013003349304199219
10 0 0.012002706527709961
10 0 0.014003276824951172
10 0 0.014002799987792969
10 0 0.012002706527709961
10 0 0.019004344940185547
10 0 0.013000726699829102
10 0 0.017003774642944336
10 0 0.014004230499267578
10 0 0.014002323150634766
10 0 0.011001348495483398
10 0 0.015003204345703125
10 0 0.013003110885620117
10 0 0.013002872467041016
10 0 0.011002540588378906
10 0 0.015002965927124023
10 0 0.012002706527709961
10 0 0.011001825332641602
10 0 0.014002561569213867
10 0 0.013002634048461914
10 0 0.011002302169799805
10 0 0.00900125503540039
10 0 0.010001659393310547
10 0 0.01600360870361328
10 0 0.019003868103027344
10 0 0.02100539207458496
10 0 0.020004749298095703
10 0 0.01700282096862793
10 0 0.014003753662109375
10 0 0.010001897811889648
10 0 0.009000539779663086
10 0 0.017004013061523438
10 0 0.01300191879272461
10 0 0.01800370216369629
10 0 0.01600360870361328
10 0 0.014002323150634766
10 0 0.011002779006958008
10 0 0.015002965927124023
10 0 0.009001731872558594
10 0 0.01800394058227539
10 0 0.01600337028503418
10 0 0.016003131866455078
10 0 0.0180056095123291
10 0 0.015003204345703125
10 0 0.01400303840637207
10 0 0.01100301742553711
10 0 0.0200040340423584
10 0 0.013003349304199219
10 0 0.01600360870361328
10 0 0.015003442764282227
10 0 0.017003774642944336
10 0 0.017003536224365234
10 0 0.01800394058227539
10 0 0.015003681182861328
10 0 0.014003276824951172
10 0 0.01800394058227539
10 0 0.0200042724609375
10 0 0.009001731872558594
10 0 0.014002561569213867
