3 95 9.588119506835938
3 95 9.559438228607178
3 95 9.918372869491577
3 95 9.904231786727905
3 95 9.890879154205322
3 95 9.6552734375
3 95 10.093648910522461
3 95 10.532421827316284
3 95 10.228161811828613
3 95 10.007436513900757
3 95 10.341469287872314
3 95 10.035507440567017
3 95 10.987477540969849
3 95 10.106277227401733
3 95 11.593966722488403
3 95 10.429880380630493
3 95 10.713634967803955
3 95 10.337329864501953
3 95 10.473360538482666
3 95 9.835097789764404
3 95 16.605175495147705
3 95 17.046667337417603
3 95 16.749125242233276
3 95 16.965982913970947
3 95 9.851155519485474
3 95 9.753404378890991
3 95 9.688548803329468
3 95 9.901131868362427
