125 0 23.432132244110107
125 0 21.74992823600769
125 0 17.924702882766724
125 0 19.378185510635376
125 0 19.937787771224976
125 0 24.159120082855225
118 7 26.505346059799194
125 0 21.500041484832764
125 0 26.08562660217285
125 0 24.46543788909912
125 0 31.8026921749115
125 0 34.478732109069824
125 0 46.52189588546753
125 0 37.07579493522644
125 0 37.261104345321655
125 0 43.48845648765564
125 0 39.68700289726257
108 17 48.74712634086609
125 0 35.25452947616577
125 0 35.14301943778992
125 0 39.20592498779297
125 0 32.941511392593384
125 0 35.254863262176514
125 0 40.972251415252686
125 0 37.33423471450806
125 0 29.387518405914307
125 0 34.29223847389221
125 0 40.45947217941284
125 0 37.18725252151489
125 0 47.0082643032074
120 5 37.60989284515381
125 0 27.03849196434021
125 0 32.609445571899414
125 0 32.40796899795532
125 0 42.179543018341064
125 0 29.82821774482727
125 0 29.495908737182617
125 0 32.1467719078064
120 5 31.69026231765747
117 8 48.585437536239624
125 0 32.309752464294434
125 0 27.500078439712524
125 0 36.756730794906616
125 0 37.23764896392822
125 0 36.54123330116272
125 0 35.498279094696045
125 0 36.25501251220703
114 11 48.693899154663086
125 0 38.13175320625305
120 5 39.547120332717896
125 0 37.9356951713562
125 0 36.03080177307129
125 0 41.489537715911865
125 0 42.25151610374451
125 0 34.852306842803955
125 0 31.144855260849
125 0 34.28284525871277
125 0 40.45980167388916
120 5 36.12777233123779
125 0 33.78543305397034
