32 0 0.291064977645874
32 0 0.26806139945983887
32 0 0.285064697265625
32 0 0.3090693950653076
32 0 0.26606059074401855
32 0 0.26806092262268066
32 0 0.265059232711792
32 0 0.2710607051849365
32 0 0.27706170082092285
32 0 0.26605987548828125
32 0 0.3840773105621338
32 0 0.37308406829833984
32 0 0.37108397483825684
32 0 0.369081974029541
32 0 0.3030688762664795
32 0 0.41309332847595215
32 0 0.3610813617706299
32 0 0.3580811023712158
32 0 0.33307456970214844
32 0 0.4050910472869873
32 0 0.3690834045410156
32 0 0.40609002113342285
32 0 0.45510172843933105
32 0 0.4521017074584961
32 0 0.5071141719818115
32 0 0.45259714126586914
32 0 0.4380991458892822
32 0 0.41109275817871094
32 0 0.4591033458709717
32 0 0.43309783935546875
32 0 0.4160933494567871
32 0 0.45427775382995605
32 0 0.44910097122192383
32 0 0.46910572052001953
32 0 0.4761066436767578
32 0 0.502112865447998
32 0 0.44009876251220703
32 0 0.46910953521728516
32 0 0.4581031799316406
32 0 0.43309760093688965
32 0 0.49411749839782715
32 0 0.4681053161621094
32 0 0.48410916328430176
32 0 0.4410991668701172
32 0 0.41309309005737305
32 0 0.4541022777557373
32 0 0.4430997371673584
32 0 0.46210408210754395
32 0 0.4449191093444824
32 0 0.4741060733795166
32 0 0.4521026611328125
32 0 0.5151162147521973
32 0 0.43309617042541504
32 0 0.4936189651489258
32 0 0.6071360111236572
32 0 0.47110605239868164
32 0 0.4881093502044678
32 0 0.4941112995147705
32 0 0.443098783493042
32 0 0.45310211181640625
32 0 0.4791076183319092
32 0 0.45310187339782715
32 0 0.474107027053833
32 0 0.4471004009246826
32 0 0.44009876251220703
32 0 0.4320971965789795
32 0 0.45510268211364746
32 0 0.4581031799316406
32 0 0.425095796585083
32 0 0.4290964603424072
