98 0 8.93359661102295
98 0 9.02398157119751
98 0 9.310098648071289
98 0 9.535582065582275
98 0 9.347799062728882
98 0 8.968957662582397
98 0 9.041124820709229
98 0 9.589084386825562
98 0 9.685016632080078
98 0 9.229994058609009
98 0 9.556161642074585
98 0 9.625169038772583
98 0 9.59763503074646
98 0 10.102839469909668
98 0 9.633918046951294
98 0 10.079445838928223
98 0 9.981753826141357
98 0 9.64175796508789
98 0 9.411452293395996
98 0 9.103051900863647
98 0 9.628734827041626
98 0 9.160852670669556
98 0 9.29976487159729
98 0 9.521225690841675
