80 0 3.341866970062256
80 0 3.298473596572876
75 5 4.3155858516693115
80 0 3.2864043712615967
80 0 3.4392385482788086
80 0 3.2204370498657227
74 6 4.579681634902954
80 0 3.3608129024505615
80 0 3.5015881061553955
74 6 5.032976150512695
80 0 5.073917388916016
80 0 5.167889356613159
80 0 4.913908004760742
80 0 5.053783178329468
80 0 4.842216491699219
80 0 4.7405078411102295
70 10 10.953380346298218
80 0 4.985667705535889
80 0 4.654586315155029
80 0 4.954303979873657
80 0 4.87011194229126
80 0 5.0184996128082275
80 0 5.144176006317139
80 0 4.711275339126587
80 0 4.954375267028809
80 0 5.103903293609619
80 0 4.891201734542847
80 0 4.887290716171265
80 0 5.263932466506958
80 0 5.082168340682983
70 10 7.5250468254089355
80 0 4.929245948791504
80 0 4.9655845165252686
80 0 5.08471155166626
64 16 15.33349871635437
80 0 5.233501672744751
80 0 5.504383563995361
80 0 5.343957901000977
80 0 5.2765116691589355
80 0 5.1259801387786865
80 0 4.856896162033081
75 5 7.601900339126587
80 0 4.993218898773193
80 0 5.021449327468872
80 0 5.084600925445557
80 0 5.0034379959106445
80 0 4.8094141483306885
80 0 4.970600366592407
80 0 4.938797950744629
80 0 4.927193880081177
80 0 4.913815498352051
80 0 5.185650825500488
80 0 5.125730991363525
80 0 4.975742816925049
80 0 5.189037322998047
80 0 4.92892050743103
80 0 4.959041357040405
80 0 4.8562939167022705
80 0 4.848998308181763
80 0 5.193607807159424
