18 2 0.22205066680908203
20 0 0.062835693359375
20 0 0.06900882720947266
20 0 0.06193184852600098
20 0 0.07202005386352539
20 0 0.06700444221496582
20 0 0.07496500015258789
20 0 0.07707500457763672
20 0 0.061069488525390625
20 0 0.0649099349975586
20 0 0.12407493591308594
20 0 0.09505510330200195
20 0 0.12607526779174805
20 0 0.09905004501342773
20 0 0.09604978561401367
20 0 0.10605263710021973
20 0 0.08905196189880371
20 0 0.08704352378845215
20 0 0.09402132034301758
20 0 0.11506080627441406
20 0 0.11402630805969238
20 0 0.08908557891845703
20 0 0.10680341720581055
20 0 0.07035350799560547
20 0 0.08113718032836914
20 0 0.10997152328491211
20 0 0.09896445274353027
20 0 0.08849167823791504
20 0 0.1124730110168457
20 0 0.0907433032989502
20 0 0.10502338409423828
20 0 0.1200709342956543
20 0 0.10102272033691406
20 0 0.11202526092529297
20 0 0.10702300071716309
20 0 0.10102224349975586
20 0 0.11502599716186523
20 0 0.09402060508728027
20 0 0.08601951599121094
20 0 0.08601951599121094
20 0 0.13397574424743652
17 3 0.8711965084075928
20 0 0.08601951599121094
20 0 0.10202288627624512
20 0 0.1049656867980957
20 0 0.10202217102050781
20 0 0.09902215003967285
20 0 0.07501673698425293
20 0 0.10102152824401855
20 0 0.10895156860351562
20 0 0.10202360153198242
20 0 0.1000220775604248
20 0 0.09202027320861816
20 0 0.0780177116394043
20 0 0.07501697540283203
20 0 0.10247206687927246
20 0 0.08201837539672852
20 0 0.08501911163330078
20 0 0.09102082252502441
20 0 0.08201837539672852
20 0 0.09402060508728027
20 0 0.09501981735229492
20 0 0.09902191162109375
20 0 0.07001566886901855
20 0 0.09302878379821777
20 0 0.08401870727539062
20 0 0.09902262687683105
20 0 0.10102343559265137
20 0 0.09502053260803223
20 0 0.0870199203491211
20 0 0.08301854133605957
20 0 0.0710148811340332
