16 24 6.435781002044678
13 27 6.014819622039795
15 25 5.073144197463989
17 23 5.656432390213013
18 22 4.929550409317017
17 23 8.403894662857056
15 25 7.007570028305054
12 28 9.779534339904785
16 24 6.070388078689575
13 27 6.727023363113403
15 25 8.661104917526245
12 28 10.15920901298523
14 26 8.233396768569946
16 24 9.638967037200928
18 22 7.283886909484863
14 26 7.089879751205444
16 24 6.488964319229126
14 26 7.517748594284058
14 26 8.751147747039795
16 24 8.395877122879028
18 22 7.545203924179077
15 25 6.775801181793213
14 26 10.543437242507935
18 22 6.720847129821777
18 22 8.803804874420166
17 23 7.505677938461304
14 26 9.68281102180481
14 26 7.792778015136719
15 25 14.74252963066101
18 22 6.24688458442688
16 24 9.528145790100098
19 21 7.336865425109863
15 25 6.948513507843018
18 22 6.695012807846069
19 21 10.101276159286499
17 23 13.482768535614014
17 23 7.137069225311279
16 24 8.685818672180176
14 26 10.683878183364868
17 23 9.797208309173584
20 20 14.798718214035034
14 26 10.08685851097107
17 23 6.038069009780884
16 24 9.739588499069214
22 18 12.283768653869629
10 30 13.910572290420532
12 28 6.983572483062744
16 24 10.139745950698853
16 24 13.451033115386963
16 24 16.923144578933716
13 27 16.903809309005737
15 25 9.423123598098755
15 25 18.335351943969727
21 19 8.33387804031372
16 24 7.018681049346924
17 23 8.745970964431763
22 18 11.85519027709961
15 25 8.73318338394165
17 23 13.793132781982422
15 25 6.336402177810669
14 26 7.420672178268433
14 26 7.452679395675659
15 25 7.125605821609497
15 25 8.718249559402466
14 26 8.219534397125244
13 27 10.222794771194458
13 27 14.498325109481812
15 25 10.635607957839966
17 23 9.536486387252808
22 18 9.667970418930054
