360 0 59.79553961753845
360 0 72.20011830329895
360 0 66.66161775588989
360 0 61.98344349861145
360 0 80.14453458786011
360 0 73.30256271362305
360 0 178.7806634902954
360 0 129.83198499679565
360 0 85.91913676261902
360 0 83.1987636089325
346 14 67.33937859535217
360 0 76.64121723175049
360 0 55.66430449485779
360 0 59.172582387924194
360 0 55.63325309753418
344 16 84.40454864501953
360 0 68.38989973068237
360 0 66.86525654792786
360 0 89.80834221839905
360 0 89.35861349105835
360 0 59.314066648483276
360 0 57.381460428237915
360 0 57.83203434944153
360 0 59.78247356414795
360 0 58.28462505340576
360 0 77.88355374336243
360 0 88.86813545227051
360 0 71.48811149597168
360 0 76.97554111480713
360 0 86.19162964820862
360 0 95.56628656387329
360 0 80.66370487213135
360 0 79.45714807510376
360 0 79.3852641582489
360 0 75.0348608493805
360 0 75.66703224182129
354 6 72.3919632434845
360 0 70.09949278831482
360 0 67.91990566253662
349 11 64.21789383888245
360 0 53.096240520477295
360 0 86.697110414505
360 0 75.0679943561554
360 0 75.65112471580505
340 20 77.96391272544861
360 0 91.36033153533936
353 7 104.80950999259949
360 0 85.16993474960327
360 0 85.34379029273987
352 8 86.83497476577759
360 0 82.51831579208374
360 0 90.30900859832764
360 0 85.38407278060913
360 0 82.01337337493896
360 0 85.4713499546051
360 0 86.03469109535217
360 0 89.64022207260132
360 0 77.65829467773438
360 0 90.12903428077698
360 0 77.35447597503662
360 0 72.6166365146637
360 0 73.65824127197266
360 0 76.73723149299622
360 0 68.85357856750488
360 0 70.9971067905426
360 0 60.94354748725891
354 6 97.05887794494629
360 0 88.64574694633484
360 0 77.68856954574585
360 0 61.73815989494324
