360 0 117.38856840133667
360 0 142.68181681632996
360 0 114.66384196281433
360 0 126.53626012802124
360 0 143.7003104686737
360 0 158.93503260612488
360 0 240.33184719085693
360 0 275.8122704029083
360 0 153.42166233062744
360 0 164.54508757591248
360 0 113.27941870689392
360 0 131.9456126689911
360 0 111.89766478538513
360 0 107.62625503540039
360 0 112.30730962753296
360 0 123.68246412277222
360 0 125.8878288269043
360 0 156.6981520652771
360 0 196.492928981781
360 0 199.73133206367493
360 0 121.95813298225403
360 0 109.33563947677612
360 0 108.25910973548889
360 0 112.28178834915161
360 0 114.14672470092773
360 0 162.4643108844757
360 0 186.6240634918213
360 0 141.53952860832214
360 0 148.51973223686218
360 0 157.50121331214905
360 0 190.69487524032593
360 0 175.14630508422852
360 0 146.912663936615
360 0 168.5867154598236
360 0 135.1221718788147
360 0 138.06054043769836
360 0 136.45608592033386
360 0 145.819721698761
360 0 127.65545344352722
360 0 123.28595423698425
360 0 108.94113898277283
360 0 166.2504758834839
360 0 200.88628482818604
360 0 195.26359748840332
360 0 166.27895545959473
360 0 154.8800630569458
360 0 181.04853916168213
360 0 159.37399554252625
360 0 166.63219332695007
360 0 159.56312227249146
360 0 148.21955561637878
360 0 143.06238842010498
360 0 153.4987494945526
360 0 156.90988564491272
360 0 119.59696340560913
360 0 193.90286254882812
360 0 189.19204425811768
360 0 168.66065287590027
360 0 160.9394347667694
360 0 180.787442445755
360 0 158.70331382751465
360 0 165.8877522945404
360 0 169.46856808662415
360 0 182.92631340026855
360 0 174.7334578037262
360 0 176.927654504776
360 0 227.5316514968872
360 0 169.49388241767883
360 0 169.68083453178406
360 0 160.01276803016663
360 0 158.2240171432495
360 0 153.32844924926758
360 0 134.93543434143066
360 0 140.94560647010803
