40 0 0.39160752296447754
40 0 0.33449840545654297
40 0 0.3273937702178955
40 0 0.3417835235595703
40 0 0.3514571189880371
40 0 0.34807920455932617
40 0 0.35433197021484375
40 0 0.3641371726989746
40 0 0.35785412788391113
40 0 0.3831455707550049
40 0 0.579045295715332
40 0 0.4833681583404541
40 0 0.5257372856140137
40 0 0.47693371772766113
40 0 0.5064334869384766
40 0 0.5186059474945068
40 0 0.5483341217041016
40 0 0.5585751533508301
40 0 0.49379849433898926
40 0 0.6149051189422607
40 0 0.5596837997436523
40 0 0.5373029708862305
40 0 0.5518436431884766
40 0 0.5416197776794434
40 0 0.5471229553222656
40 0 0.5641417503356934
40 0 0.4947078227996826
40 0 0.5052201747894287
40 0 0.5511393547058105
40 0 0.557121992111206
40 0 0.5481235980987549
40 0 0.6120738983154297
40 0 0.5367028713226318
40 0 0.5631270408630371
40 0 0.5801308155059814
40 0 0.5741286277770996
40 0 0.5261194705963135
40 0 0.5461227893829346
40 0 0.5402464866638184
40 0 0.5881314277648926
40 0 0.6261429786682129
40 0 0.6121382713317871
40 0 0.596691370010376
40 0 0.6497726440429688
40 0 0.6416831016540527
40 0 0.5241162776947021
40 0 0.562126636505127
40 0 0.5320134162902832
40 0 0.5371208190917969
40 0 0.5951337814331055
40 0 0.4941112995147705
40 0 0.4491007328033447
40 0 0.5651273727416992
40 0 0.6191396713256836
40 0 0.7221629619598389
40 0 0.6361441612243652
40 0 0.5791301727294922
40 0 0.5450394153594971
40 0 0.6981563568115234
40 0 0.5881404876708984
40 0 0.5841314792633057
40 0 0.6451454162597656
34 6 3.933886766433716
40 0 0.5661270618438721
40 0 0.5929920673370361
40 0 0.6711511611938477
40 0 0.601992130279541
40 0 0.551018238067627
40 0 0.576129674911499
40 0 0.7049968242645264
