40 0 0.2593562602996826
40 0 0.24715662002563477
40 0 0.2641017436981201
40 0 0.2843661308288574
40 0 0.2841074466705322
40 0 0.2801079750061035
40 0 0.2863481044769287
40 0 0.29012465476989746
40 0 0.2621273994445801
40 0 0.26111435890197754
40 0 0.3973701000213623
40 0 0.36699533462524414
40 0 0.38452792167663574
40 0 0.4021444320678711
40 0 0.40656566619873047
40 0 0.39510369300842285
40 0 0.42151689529418945
40 0 0.30854368209838867
40 0 0.35426974296569824
40 0 0.4103267192840576
40 0 0.3708007335662842
40 0 0.4472386837005615
40 0 0.38958048820495605
40 0 0.3737344741821289
40 0 0.38212037086486816
40 0 0.3903086185455322
40 0 0.37209248542785645
40 0 0.48909449577331543
40 0 0.42321324348449707
40 0 0.35703492164611816
40 0 0.39108729362487793
40 0 0.3630809783935547
40 0 0.4180943965911865
40 0 0.4311208724975586
40 0 0.43109774589538574
40 0 0.47901129722595215
40 0 0.4230961799621582
40 0 0.42609500885009766
40 0 0.40009045600891113
40 0 0.3731043338775635
40 0 0.3740851879119873
40 0 0.40210819244384766
40 0 0.42209434509277344
40 0 0.43109750747680664
40 0 0.3790860176086426
40 0 0.39830470085144043
40 0 0.4360983371734619
40 0 0.40661168098449707
40 0 0.412092924118042
40 0 0.4070909023284912
40 0 0.3320739269256592
40 0 0.34207701683044434
40 0 0.40280961990356445
40 0 0.4180936813354492
40 0 0.3940885066986084
40 0 0.45110154151916504
40 0 0.39308857917785645
40 0 0.45410656929016113
40 0 0.38608670234680176
40 0 0.4090919494628906
40 0 0.5221176147460938
40 0 0.43709850311279297
40 0 0.42409610748291016
40 0 0.39708852767944336
40 0 0.4781310558319092
40 0 0.4190983772277832
40 0 0.42979884147644043
40 0 0.42892956733703613
40 0 0.39772605895996094
40 0 0.38166356086730957
40 0 0.28806471824645996
40 0 0.37308430671691895
40 0 0.37108278274536133
40 0 0.4140934944152832
40 0 0.43109655380249023
40 0 0.31507062911987305
40 0 0.36908388137817383
40 0 0.35708117485046387
40 0 0.35107922554016113
40 0 0.33307480812072754
40 0 0.4030911922454834
40 0 0.4430997371673584
40 0 0.4000892639160156
40 0 0.39908909797668457
40 0 0.40609097480773926
40 0 0.43509745597839355
34 6 3.011678695678711
40 0 0.389087438583374
40 0 0.4180948734283447
40 0 0.3780856132507324
40 0 0.3200705051422119
40 0 0.41509389877319336
40 0 0.3900871276855469
40 0 0.4561026096343994
40 0 0.37508416175842285
40 0 0.3670830726623535
40 0 0.4320971965789795
40 0 0.3790853023529053
40 0 0.41309285163879395
40 0 0.40409088134765625
