244 6 24.495598316192627
250 0 21.97511601448059
239 11 27.136619329452515
250 0 22.212562322616577
235 15 31.011990070343018
235 15 29.524466514587402
240 10 31.42809534072876
247 3 31.790287017822266
236 14 38.36564612388611
231 19 37.800742387771606
239 11 45.35062575340271
240 10 40.68288326263428
250 0 35.975868940353394
242 8 37.74062180519104
242 8 39.744579792022705
250 0 28.87518882751465
243 7 28.85050344467163
240 10 35.359967947006226
242 8 36.70927405357361
240 10 36.58224415779114
243 7 38.21061134338379
227 23 55.13279151916504
239 11 41.73668122291565
244 6 35.70181655883789
244 6 36.12036108970642
250 0 32.81195592880249
250 0 34.39812088012695
248 2 31.974289655685425
239 11 41.09823441505432
239 11 38.31226944923401
245 5 35.763577938079834
243 7 36.20601844787598
250 0 33.085370779037476
246 4 34.51354718208313
239 11 39.263553857803345
245 5 36.02195930480957
250 0 34.40675330162048
247 3 25.406028270721436
237 13 35.944873571395874
243 7 28.86213231086731
235 15 33.53678488731384
236 14 34.138691902160645
250 0 31.925505876541138
232 18 44.778499126434326
244 6 30.34035086631775
250 0 30.25642991065979
241 9 31.51068663597107
250 0 31.74315357208252
244 6 32.77138662338257
248 2 32.0017728805542
241 9 33.49953889846802
243 7 33.965758323669434
243 7 29.582694053649902
236 14 36.62585687637329
230 20 40.1241717338562
245 5 32.265132427215576
233 17 47.244991302490234
224 26 49.7315890789032
244 6 29.057137727737427
244 6 32.12790584564209
239 11 31.083054780960083
236 14 37.59930944442749
241 9 30.413926601409912
250 0 27.589504718780518
238 12 37.465115547180176
250 0 30.833099126815796
250 0 32.24988031387329
247 3 32.027103900909424
244 6 39.29394268989563
241 9 34.60999536514282
