40 0 0.39339280128479004
40 0 0.34831929206848145
40 0 0.35675740242004395
40 0 0.4572746753692627
40 0 0.40378403663635254
40 0 0.3779287338256836
40 0 0.37508368492126465
40 0 0.36978721618652344
40 0 0.393143892288208
40 0 0.3865330219268799
40 0 0.5601046085357666
40 0 0.49802446365356445
40 0 0.5589241981506348
40 0 0.6005117893218994
40 0 0.48742008209228516
40 0 0.524662971496582
40 0 0.5513484477996826
40 0 0.5261189937591553
40 0 0.5583572387695312
40 0 0.5972120761871338
40 0 0.5840582847595215
40 0 0.5962355136871338
40 0 0.5477802753448486
40 0 0.5788209438323975
40 0 0.5460865497589111
40 0 0.4821202754974365
40 0 0.5201303958892822
40 0 0.5313329696655273
40 0 0.4271383285522461
40 0 0.4851267337799072
40 0 0.538165807723999
40 0 0.5351214408874512
40 0 0.5761334896087646
40 0 0.5711281299591064
40 0 0.6071364879608154
40 0 0.6181390285491943
40 0 0.5929708480834961
40 0 0.530012845993042
40 0 0.616138219833374
40 0 0.5931251049041748
40 0 0.5421216487884521
40 0 0.5901336669921875
40 0 0.5901331901550293
40 0 0.5751297473907471
40 0 0.5761301517486572
40 0 0.5971348285675049
40 0 0.5781304836273193
40 0 0.6181395053863525
40 0 0.6119813919067383
40 0 0.5667140483856201
40 0 0.5690498352050781
40 0 0.43709778785705566
40 0 0.6081371307373047
40 0 0.5846090316772461
40 0 0.6131393909454346
40 0 0.5731472969055176
40 0 0.614138126373291
40 0 0.6221401691436768
40 0 0.602794885635376
40 0 0.5711288452148438
40 0 0.5751285552978516
40 0 0.5811309814453125
40 0 0.56412672996521
40 0 0.6301419734954834
40 0 0.6231417655944824
40 0 0.5811307430267334
40 0 0.6075553894042969
40 0 0.5393640995025635
40 0 0.4787156581878662
40 0 0.6442456245422363
40 0 0.4941120147705078
40 0 0.6071367263793945
40 0 0.5511245727539062
40 0 0.6631491184234619
40 0 0.6231403350830078
40 0 0.5651273727416992
40 0 0.5611264705657959
40 0 0.6101369857788086
40 0 0.5801301002502441
40 0 0.5801305770874023
40 0 0.590132474899292
40 0 0.6561477184295654
40 0 0.5261192321777344
40 0 0.5561249256134033
40 0 0.4481008052825928
40 0 0.4651048183441162
40 0 0.5731289386749268
40 0 0.5221164226531982
40 0 0.6191387176513672
40 0 0.5931339263916016
40 0 0.5261187553405762
40 0 0.49111032485961914
40 0 0.5581250190734863
40 0 0.5361206531524658
38 2 0.790177583694458
40 0 0.5341205596923828
40 0 0.5031137466430664
40 0 0.4340972900390625
40 0 0.48210883140563965
40 0 0.5731265544891357
