95 3 3.608107566833496
98 0 3.1401236057281494
98 0 3.253685474395752
98 0 3.1796016693115234
98 0 3.265761375427246
98 0 3.222679615020752
98 0 3.2480363845825195
98 0 3.2548954486846924
98 0 3.198918342590332
98 0 3.2533175945281982
98 0 3.1637136936187744
98 0 3.2713682651519775
98 0 3.259967803955078
98 0 3.286750316619873
98 0 3.259732961654663
98 0 3.2867395877838135
98 0 3.3688180446624756
98 0 3.2005066871643066
98 0 3.2187106609344482
98 0 3.253732681274414
98 0 4.798003673553467
98 0 4.134932994842529
98 0 4.832370281219482
98 0 5.312427997589111
98 0 4.859094142913818
98 0 5.470232725143433
98 0 5.427226543426514
98 0 5.353206396102905
98 0 5.136157512664795
98 0 5.113166093826294
98 0 5.165164232254028
98 0 5.29069709777832
98 0 5.541248559951782
98 0 5.459230661392212
98 0 5.875322103500366
98 0 5.636777639389038
98 0 5.656286239624023
98 0 5.414220094680786
98 0 5.428227186203003
98 0 5.842317581176758
98 0 5.69428277015686
98 0 5.712299585342407
98 0 5.729291200637817
98 0 5.7667529582977295
98 0 5.785303592681885
98 0 5.862321138381958
98 0 5.6087212562561035
98 0 5.532246828079224
98 0 5.299654960632324
98 0 5.19517183303833
98 0 5.501022577285767
98 0 4.94911527633667
98 0 5.163855314254761
98 0 5.127061128616333
98 0 4.910973787307739
98 0 5.319620847702026
98 0 5.200171709060669
98 0 5.219175815582275
98 0 5.2232513427734375
98 0 4.963118314743042
98 0 4.880835056304932
98 0 5.080219984054565
98 0 5.1735289096832275
98 0 4.8080525398254395
98 0 4.749752759933472
98 0 4.774948596954346
98 0 4.932936429977417
98 0 4.97848916053772
98 0 5.098358392715454
98 0 4.968886137008667
98 0 5.004888296127319
98 0 4.823590993881226
98 0 4.649663925170898
98 0 4.940591812133789
98 0 4.704822778701782
98 0 4.621021747589111
98 0 4.882298231124878
98 0 4.85095739364624
98 0 4.746825695037842
98 0 5.0739805698394775
98 0 4.810476541519165
98 0 4.8406453132629395
98 0 4.367896318435669
98 0 4.514702796936035
98 0 4.2897350788116455
98 0 3.2669684886932373
98 0 3.1704626083374023
98 0 3.264824867248535
98 0 3.2790486812591553
