111 14 15.544376134872437
125 0 10.798797845840454
125 0 10.210370302200317
125 0 10.550391912460327
125 0 10.223241329193115
125 0 10.201000213623047
112 13 15.068879127502441
125 0 10.71342134475708
125 0 10.621005296707153
125 0 10.09267258644104
125 0 16.275612354278564
125 0 15.858362913131714
125 0 15.609381914138794
120 5 18.149217128753662
125 0 16.47966504096985
125 0 15.046095848083496
125 0 15.528303623199463
125 0 15.775410652160645
125 0 15.437067747116089
125 0 15.751722812652588
125 0 15.556467294692993
125 0 15.078565835952759
125 0 16.3842875957489
125 0 15.057140111923218
125 0 15.856603145599365
125 0 16.327865839004517
125 0 16.00234889984131
122 3 15.703385829925537
125 0 15.76878833770752
125 0 15.139125108718872
125 0 15.55152440071106
125 0 16.335695505142212
125 0 16.194231271743774
125 0 15.816434144973755
125 0 15.116765022277832
125 0 17.30713438987732
125 0 17.672792196273804
125 0 17.32079005241394
125 0 16.724146604537964
125 0 16.189878702163696
125 0 16.51594042778015
125 0 15.857503175735474
125 0 15.95771837234497
125 0 16.02743363380432
125 0 15.112041711807251
125 0 15.040015697479248
125 0 15.145697593688965
125 0 16.359276056289673
125 0 15.748844385147095
125 0 16.072046995162964
125 0 15.12389874458313
