125 0 9.080068111419678
125 0 9.228479862213135
125 0 8.94517970085144
119 6 10.49885082244873
125 0 9.095612049102783
119 6 10.242327690124512
125 0 9.23808765411377
125 0 14.042033910751343
125 0 14.182583332061768
125 0 14.045625925064087
125 0 13.67455005645752
125 0 13.744379043579102
116 9 16.91219973564148
125 0 13.648650884628296
125 0 13.873382806777954
125 0 13.79163670539856
125 0 13.671520233154297
125 0 14.22476577758789
125 0 14.314937829971313
125 0 13.898386716842651
125 0 14.1707923412323
116 9 16.868043422698975
125 0 14.087219715118408
125 0 13.676932096481323
125 0 13.654615879058838
125 0 14.051932096481323
125 0 14.135542392730713
125 0 13.435192584991455
125 0 13.77930998802185
125 0 13.779858589172363
125 0 14.087390422821045
125 0 14.083502054214478
125 0 14.186161994934082
125 0 13.538579940795898
125 0 14.420727729797363
125 0 14.272173643112183
125 0 14.404685497283936
125 0 14.293214797973633
125 0 14.90288758277893
125 0 15.831653118133545
121 4 17.794002056121826
125 0 15.487428903579712
120 5 15.951131105422974
125 0 14.544277906417847
125 0 14.348534107208252
125 0 14.195998430252075
125 0 13.684053182601929
120 5 15.777511835098267
125 0 13.457295894622803
118 7 15.960212230682373
125 0 13.787568092346191
116 9 16.912713289260864
125 0 13.418424606323242
125 0 13.589098453521729
