63 0 0.9402120113372803
61 2 1.1092495918273926
63 0 0.9730064868927002
63 0 0.961216926574707
63 0 0.9712193012237549
63 0 0.988222599029541
63 0 1.0079870223999023
63 0 0.9722199440002441
63 0 0.9972243309020996
63 0 0.9902236461639404
63 0 1.335402488708496
63 0 1.4092285633087158
63 0 1.2122728824615479
63 0 1.3473026752471924
63 0 1.3453028202056885
63 0 1.274287223815918
63 0 1.272284984588623
63 0 1.3876969814300537
63 0 1.5533487796783447
63 0 1.473203182220459
63 0 1.5663535594940186
63 0 1.3484723567962646
60 3 2.022913694381714
63 0 1.6623733043670654
63 0 1.6253662109375
63 0 1.8364133834838867
63 0 1.6963815689086914
63 0 1.6223657131195068
63 0 1.828411340713501
63 0 1.5903584957122803
63 0 1.7964050769805908
63 0 1.8228518962860107
63 0 1.6063618659973145
63 0 1.6253662109375
63 0 1.6593739986419678
63 0 1.5413475036621094
63 0 1.7183871269226074
63 0 2.4565541744232178
63 0 1.8048455715179443
63 0 1.8864250183105469
63 0 1.7548553943634033
63 0 2.2585086822509766
63 0 2.314521074295044
63 0 1.66237473487854
63 0 1.8874258995056152
63 0 1.7854020595550537
63 0 1.6693758964538574
63 0 2.4195451736450195
63 0 1.836414098739624
63 0 1.7203876972198486
63 0 1.5023386478424072
63 0 1.4933359622955322
63 0 1.675377368927002
63 0 1.9834470748901367
63 0 2.089470863342285
63 0 1.9014310836791992
63 0 2.516566753387451
63 0 1.5783557891845703
63 0 2.3885390758514404
63 0 1.9164323806762695
63 0 1.9864475727081299
63 0 1.7898635864257812
63 0 2.222499132156372
63 0 2.0604636669158936
63 0 1.9634428024291992
63 0 1.6673755645751953
63 0 2.1714890003204346
63 0 1.914431095123291
63 0 1.9294347763061523
63 0 2.0369646549224854
63 0 1.9094302654266357
63 0 2.477557420730591
