4 24 0.247053861618042
4 24 0.22305011749267578
4 24 0.22204995155334473
4 24 0.22605061531066895
4 24 0.22204923629760742
4 24 0.22104907035827637
4 24 0.21904897689819336
4 24 0.22004914283752441
4 24 0.21904921531677246
4 24 0.22105002403259277
4 24 0.25336194038391113
4 24 0.3650033473968506
4 24 0.3010063171386719
4 24 0.35510945320129395
4 24 0.3330078125
4 24 0.3110160827636719
4 24 0.3651106357574463
4 24 0.36626553535461426
4 24 0.2909555435180664
4 24 0.3340752124786377
4 24 0.34395861625671387
4 24 0.3631467819213867
4 24 0.2969226837158203
4 24 0.3564572334289551
4 24 0.35453033447265625
4 24 0.3595311641693115
4 24 0.34511256217956543
4 24 0.3701624870300293
4 24 0.3403053283691406
4 24 0.38608717918395996
4 24 0.31907200813293457
4 24 0.335158109664917
4 24 0.3270738124847412
4 24 0.31809067726135254
4 24 0.3380758762359619
4 24 0.3270730972290039
4 24 0.34607720375061035
4 24 0.3445889949798584
4 24 0.34207677841186523
4 24 0.33907628059387207
4 24 0.33107447624206543
4 24 0.3450777530670166
4 24 0.3369901180267334
4 24 0.35707974433898926
4 24 0.3410775661468506
4 24 0.37708592414855957
4 24 0.349078893661499
4 24 0.34207606315612793
4 24 0.3720834255218506
4 24 0.33907604217529297
4 24 0.3309969902038574
4 24 0.4170534610748291
4 24 0.3513202667236328
4 24 0.38828229904174805
4 24 0.36683106422424316
4 24 0.35764503479003906
4 24 0.40872836112976074
4 24 0.37760400772094727
4 24 0.49494338035583496
4 24 0.3536865711212158
4 24 0.3712456226348877
4 24 0.3610811233520508
4 24 0.35301828384399414
4 24 0.327439546585083
4 24 0.2771477699279785
4 24 0.37409305572509766
4 24 0.32299184799194336
4 24 0.3589746952056885
4 24 0.36394810676574707
4 24 0.364560604095459
