6 92 16.041257858276367
6 92 15.73916244506836
6 92 16.32904362678528
6 92 15.765944957733154
6 92 15.681875228881836
6 92 15.600667476654053
6 92 16.026612043380737
6 92 17.218542098999023
6 92 15.65210485458374
6 92 15.65054726600647
6 92 16.63774824142456
6 92 16.535725593566895
6 92 18.29293966293335
6 92 16.55173635482788
6 92 17.819015502929688
6 92 17.033593893051147
6 92 17.380411863327026
6 92 17.08943748474121
6 92 16.887492656707764
6 92 15.92206621170044
6 92 27.198113918304443
6 92 27.149827003479004
6 92 27.26456308364868
6 92 27.610384941101074
6 92 16.256710529327393
6 92 16.389447689056396
6 92 16.200599670410156
6 92 16.159103393554688
