1 7 0.05501246452331543
1 7 0.05601167678833008
1 7 0.05601191520690918
1 7 0.05601167678833008
1 7 0.05601143836975098
1 7 0.05551409721374512
1 7 0.057016611099243164
1 7 0.05601239204406738
1 7 0.05501127243041992
1 7 0.06701445579528809
1 7 0.06909441947937012
1 7 0.07950735092163086
1 7 0.09104490280151367
1 7 0.08919572830200195
1 7 0.09098243713378906
1 7 0.06191420555114746
1 7 0.07893800735473633
1 7 0.09111237525939941
1 7 0.09022808074951172
1 7 0.07706260681152344
1 7 0.08905529975891113
1 7 0.06316518783569336
1 7 0.07509636878967285
1 7 0.09107708930969238
1 7 0.06746292114257812
1 7 0.08506274223327637
1 7 0.07118868827819824
1 7 0.08520102500915527
1 7 0.08914661407470703
1 7 0.06546139717102051
1 7 0.09302139282226562
1 7 0.08501935005187988
1 7 0.09000825881958008
1 7 0.09202098846435547
1 7 0.08501935005187988
1 7 0.09002065658569336
1 7 0.08701920509338379
1 7 0.08301901817321777
1 7 0.0780172348022461
1 7 0.07701802253723145
1 7 0.08301901817321777
1 7 0.07001638412475586
1 7 0.07303118705749512
1 7 0.07612895965576172
1 7 0.07302498817443848
1 7 0.08601975440979004
1 7 0.08501935005187988
1 7 0.09502124786376953
1 7 0.08201837539672852
1 7 0.0800180435180664
1 7 0.08802008628845215
1 7 0.0864100456237793
1 7 0.08530306816101074
1 7 0.08992481231689453
1 7 0.08234405517578125
1 7 0.08244943618774414
1 7 0.09629130363464355
1 7 0.08920025825500488
1 7 0.08304405212402344
1 7 0.0769195556640625
1 7 0.0729825496673584
1 7 0.07924318313598633
1 7 0.0910193920135498
1 7 0.09037566184997559
1 7 0.07833743095397949
1 7 0.08236503601074219
1 7 0.08497500419616699
1 7 0.08327031135559082
1 7 0.08701944351196289
1 7 0.08802008628845215
