23 22 4.75517725944519
25 20 8.663952112197876
27 18 7.078594923019409
32 13 5.79717755317688
25 20 7.869067668914795
27 18 5.70828652381897
27 18 4.247958421707153
29 16 8.196705102920532
26 19 6.334426641464233
23 22 5.228176832199097
28 17 6.301218509674072
27 18 4.7919580936431885
21 24 6.892962217330933
30 15 6.0223448276519775
18 27 8.15982961654663
27 18 6.19238805770874
21 24 7.028576850891113
23 22 8.012795686721802
19 26 7.863762855529785
29 16 5.66526985168457
25 20 6.157382011413574
27 18 4.920102596282959
24 21 10.56336760520935
26 19 4.394984483718872
25 20 10.549364805221558
21 24 6.464448690414429
21 24 6.8645384311676025
25 20 4.815078258514404
17 28 7.058582067489624
26 19 8.828977584838867
17 28 6.842533111572266
26 19 7.076584577560425
17 28 7.824754953384399
19 26 10.223292112350464
19 26 9.079034328460693
20 25 10.954456567764282
23 22 12.978909015655518
22 23 9.752185583114624
16 29 11.208512544631958
