63 0 0.8541936874389648
63 0 0.8492035865783691
63 0 0.8436434268951416
63 0 0.7771761417388916
63 0 0.8145954608917236
63 0 0.8169825077056885
63 0 0.7791752815246582
63 0 0.805180549621582
63 0 0.7813947200775146
63 0 0.7441673278808594
63 0 1.0582654476165771
63 0 1.03425931930542
63 0 1.094247579574585
60 3 1.5813829898834229
63 0 1.1942636966705322
63 0 1.2397582530975342
63 0 1.1342573165893555
63 0 0.8811995983123779
63 0 1.295292615890503
63 0 1.3543052673339844
63 0 1.253281593322754
63 0 1.194267749786377
63 0 1.2922914028167725
63 0 1.2712881565093994
63 0 1.338301420211792
63 0 1.3773105144500732
63 0 1.2782871723175049
63 0 1.3212976455688477
63 0 1.300293207168579
63 0 1.499337911605835
63 0 1.3182971477508545
63 0 1.3653075695037842
63 0 1.393315315246582
63 0 1.3353006839752197
63 0 1.2892906665802002
63 0 1.3493037223815918
63 0 1.3308053016662598
63 0 1.3523046970367432
63 0 1.3393018245697021
63 0 1.9844462871551514
63 0 1.902428150177002
63 0 1.8854260444641113
63 0 1.4063167572021484
63 0 1.375309944152832
63 0 1.3322999477386475
63 0 1.2932920455932617
63 0 1.3042938709259033
63 0 1.4343233108520508
63 0 1.3202965259552002
63 0 1.6293656826019287
63 0 1.477332592010498
63 0 1.2562880516052246
63 0 1.3172969818115234
63 0 1.2452802658081055
63 0 1.3553040027618408
63 0 1.3863117694854736
63 0 1.326298713684082
63 0 1.8944268226623535
63 0 1.411318063735962
63 0 1.391313076019287
63 0 1.7854034900665283
63 0 1.4853358268737793
63 0 1.7308952808380127
63 0 1.3923141956329346
63 0 1.8999345302581787
63 0 1.5233428478240967
63 0 1.7423923015594482
63 0 1.413318157196045
63 0 1.5888123512268066
63 0 1.765397548675537
63 0 1.5733542442321777
63 0 1.9304347038269043
63 0 1.2202746868133545
63 0 1.1342551708221436
63 0 1.1142504215240479
63 0 1.2052717208862305
63 0 1.1532588005065918
63 0 1.0822441577911377
63 0 1.0732414722442627
63 0 1.2842903137207031
63 0 0.9992249011993408
63 0 1.0622398853302002
63 0 1.1322548389434814
63 0 1.2632842063903809
63 0 1.1582605838775635
63 0 1.0352332592010498
63 0 0.9692182540893555
63 0 1.015228509902954
63 0 0.9922223091125488
63 0 1.1972699165344238
63 0 1.1882667541503906
63 0 1.035233497619629
63 0 1.2952921390533447
63 0 1.0822443962097168
63 0 1.1332554817199707
63 0 1.0432345867156982
63 0 1.031233787536621
63 0 1.1682627201080322
63 0 1.1302554607391357
63 0 0.9192073345184326
63 0 1.141256332397461
63 0 1.1952695846557617
