88 10 19.298850297927856
82 16 17.416173934936523
82 16 18.46402335166931
80 18 19.116182327270508
87 11 17.338884353637695
87 11 17.555789947509766
73 25 22.655570030212402
90 8 20.39427638053894
83 15 18.141087770462036
86 12 20.574754238128662
87 11 18.695119857788086
84 14 20.115790128707886
87 11 27.002671718597412
73 25 18.513384580612183
87 11 23.32941746711731
80 18 25.122376441955566
81 17 19.947256088256836
87 11 21.094584941864014
94 4 18.423133611679077
94 4 18.50265622138977
80 18 30.13959765434265
87 11 30.167776346206665
80 18 31.930643796920776
75 23 32.190961599349976
