245 0 25.23207974433899
242 3 26.129907846450806
245 0 24.573010444641113
241 4 26.895628213882446
231 14 32.61425542831421
243 2 24.969815254211426
236 9 28.912549257278442
235 10 28.463261365890503
245 0 24.258119106292725
245 0 24.44952917098999
245 0 33.3456768989563
238 7 34.10456728935242
245 0 37.383036613464355
236 9 48.350966453552246
234 11 49.58068895339966
233 12 36.58206009864807
241 4 35.23315453529358
238 7 36.033056020736694
239 6 35.13325023651123
228 17 43.77877879142761
236 9 37.4778470993042
245 0 37.52030372619629
245 0 37.618354082107544
235 10 52.349276065826416
238 7 44.6441330909729
240 5 46.363908767700195
233 12 48.88700199127197
238 7 42.74519371986389
238 7 45.15768885612488
241 4 43.35388660430908
245 0 37.653480768203735
238 7 40.37656378746033
242 3 36.74305772781372
235 10 43.47804880142212
