18 80 5.100711107254028
18 80 5.1110756397247314
18 80 5.092811107635498
18 80 5.0947887897491455
18 80 5.070204496383667
18 80 5.058760166168213
18 80 5.068977355957031
18 80 5.068400859832764
18 80 5.056719541549683
18 80 5.113896131515503
18 80 5.097064018249512
18 80 5.057139873504639
18 80 5.058580160140991
18 80 5.112858772277832
18 80 5.1018455028533936
18 80 5.0661420822143555
18 80 5.31626558303833
18 80 5.03008508682251
18 80 5.146684408187866
18 80 5.259184837341309
18 80 7.708755016326904
18 80 8.040529012680054
18 80 7.23498797416687
18 80 7.5262792110443115
