18 80 10.52947187423706
18 80 10.486150741577148
18 80 10.668047904968262
18 80 10.66988492012024
18 80 10.597009897232056
18 80 10.801673650741577
18 80 10.572167158126831
18 80 10.573851585388184
18 80 10.61462950706482
18 80 10.648205280303955
18 80 10.76575517654419
18 80 10.810455322265625
18 80 10.735360383987427
18 80 10.825479507446289
18 80 10.939712524414062
18 80 11.449294805526733
18 80 11.189522504806519
18 80 10.667108535766602
18 80 10.938135147094727
18 80 10.714937210083008
18 80 16.022025108337402
18 80 16.582733154296875
18 80 15.80793023109436
18 80 16.30575966835022
18 80 10.94192099571228
18 80 10.728036880493164
18 80 10.83864712715149
18 80 10.791683197021484
