8 0 0.02700519561767578
8 0 0.025005102157592773
8 0 0.026005029678344727
8 0 0.02600550651550293
8 0 0.026004552841186523
8 0 0.026011228561401367
8 0 0.026004552841186523
8 0 0.027007341384887695
8 0 0.027006149291992188
8 0 0.029006004333496094
8 0 0.036008596420288086
8 0 0.04193615913391113
8 0 0.04401087760925293
8 0 0.04200887680053711
8 0 0.04090404510498047
8 0 0.03400731086730957
8 0 0.04200887680053711
8 0 0.03729844093322754
8 0 0.04201030731201172
8 0 0.03400707244873047
8 0 0.040009498596191406
8 0 0.030007362365722656
8 0 0.036006927490234375
8 0 0.042009592056274414
8 0 0.04495716094970703
8 0 0.04200935363769531
8 0 0.04190945625305176
8 0 0.038008689880371094
8 0 0.032007455825805664
8 0 0.03000664710998535
8 0 0.03500795364379883
8 0 0.045009613037109375
8 0 0.04100942611694336
8 0 0.03801131248474121
8 0 0.04000973701477051
8 0 0.03500819206237793
8 0 0.042008399963378906
8 0 0.03900957107543945
8 0 0.049010276794433594
8 0 0.042009592056274414
8 0 0.03100752830505371
8 0 0.04300951957702637
8 0 0.033007144927978516
8 0 0.04400920867919922
8 0 0.04201316833496094
8 0 0.04301023483276367
8 0 0.03900909423828125
8 0 0.04701042175292969
8 0 0.03900861740112305
8 0 0.03600788116455078
8 0 0.047010183334350586
8 0 0.03743457794189453
8 0 0.04535079002380371
8 0 0.038672447204589844
8 0 0.037360429763793945
8 0 0.043650150299072266
8 0 0.03427267074584961
8 0 0.03596997261047363
8 0 0.03476285934448242
8 0 0.04453754425048828
8 0 0.03681588172912598
8 0 0.04064631462097168
8 0 0.03800821304321289
8 0 0.04443478584289551
8 0 0.04063129425048828
8 0 0.037656545639038086
8 0 0.04107069969177246
8 0 0.03800797462463379
8 0 0.037008047103881836
8 0 0.04500985145568848
