43 0 0.5285484790802002
43 0 0.5469133853912354
43 0 0.5623950958251953
43 0 0.5028917789459229
43 0 0.5181071758270264
43 0 0.5019876956939697
43 0 0.5334100723266602
43 0 0.5469064712524414
43 0 0.5336306095123291
43 0 0.5625381469726562
43 0 0.8932008743286133
43 0 0.8831989765167236
43 0 0.8626999855041504
43 0 0.9077110290527344
43 0 0.8711967468261719
43 0 0.888200044631958
43 0 0.8691954612731934
43 0 0.8902006149291992
43 0 0.8141829967498779
43 0 0.8601937294006348
43 0 1.3953137397766113
43 0 1.2572832107543945
43 0 0.913466215133667
43 0 1.027230978012085
43 0 1.2362785339355469
43 0 0.9522144794464111
43 0 0.9057095050811768
43 0 0.8902003765106201
43 0 1.3993151187896729
43 0 1.0402333736419678
43 0 0.8912005424499512
43 0 0.9772205352783203
43 0 0.9512135982513428
43 0 0.946213960647583
43 0 0.9762184619903564
43 0 1.3983149528503418
43 0 1.4153196811676025
43 0 0.9782202243804932
43 0 1.0102272033691406
43 0 0.8801984786987305
43 0 1.0082273483276367
43 0 0.985222578048706
43 0 1.088244915008545
43 0 0.9742183685302734
43 0 1.115250825881958
43 0 0.8731961250305176
43 0 0.8731961250305176
43 0 0.951214075088501
43 0 0.8731968402862549
43 0 1.1572611331939697
43 0 1.1952683925628662
43 0 1.0322322845458984
43 0 1.3282990455627441
43 0 0.9222073554992676
43 0 1.1362555027008057
43 0 1.1122500896453857
43 0 1.0432343482971191
43 0 1.1432576179504395
43 0 1.487334966659546
43 0 1.1862668991088867
43 0 1.499337911605835
43 0 0.9702186584472656
43 0 1.0422348976135254
43 0 1.1712639331817627
43 0 0.9102048873901367
43 0 1.1262540817260742
43 0 1.1872663497924805
43 0 1.2852892875671387
43 0 1.2042710781097412
43 0 1.1842670440673828
