0 28 0.0980231761932373
0 28 0.0980215072631836
0 28 0.09602069854736328
0 28 0.09698700904846191
0 28 0.0980222225189209
0 28 0.09902238845825195
0 28 0.10002255439758301
0 28 0.0980224609375
0 28 0.0980381965637207
0 28 0.09602189064025879
0 28 0.1670999526977539
0 28 0.15889596939086914
0 28 0.13683843612670898
0 28 0.14403557777404785
0 28 0.15902996063232422
0 28 0.16704654693603516
0 28 0.16498494148254395
0 28 0.13895869255065918
0 28 0.16562128067016602
0 28 0.13901472091674805
0 28 0.16303730010986328
0 28 0.16698408126831055
0 28 0.15703463554382324
0 28 0.150923490524292
0 28 0.1580362319946289
0 28 0.15915155410766602
0 28 0.16193413734436035
0 28 0.15427947044372559
0 28 0.1654801368713379
0 28 0.12105798721313477
0 28 0.1580355167388916
0 28 0.16203641891479492
0 28 0.13502955436706543
0 28 0.1580362319946289
0 28 0.16303658485412598
0 28 0.16403651237487793
0 28 0.1360316276550293
0 28 0.15103411674499512
0 28 0.1650373935699463
0 28 0.17103910446166992
0 28 0.15203404426574707
0 28 0.15003395080566406
0 28 0.14354300498962402
0 28 0.1580357551574707
0 28 0.15303492546081543
0 28 0.13602995872497559
0 28 0.15403509140014648
0 28 0.14003252983093262
0 28 0.1580357551574707
0 28 0.16003632545471191
0 28 0.14203190803527832
0 28 0.161332368850708
0 28 0.1670372486114502
0 28 0.1607818603515625
0 28 0.15906071662902832
0 28 0.16488885879516602
0 28 0.15078186988830566
0 28 0.15802001953125
0 28 0.13803744316101074
0 28 0.15900135040283203
0 28 0.1656944751739502
0 28 0.157975435256958
0 28 0.1760396957397461
0 28 0.15303421020507812
0 28 0.16221046447753906
0 28 0.16898274421691895
0 28 0.16911602020263672
0 28 0.1533336639404297
0 28 0.13721132278442383
0 28 0.12042617797851562
