180 0 21.12138271331787
180 0 21.355120182037354
180 0 21.64790654182434
180 0 21.28408193588257
180 0 21.504745960235596
180 0 21.180789947509766
180 0 21.47790551185608
180 0 22.257906198501587
180 0 29.310447692871094
180 0 22.648105144500732
180 0 22.32512903213501
180 0 23.79385757446289
180 0 24.756463766098022
180 0 23.386943578720093
180 0 25.53625226020813
180 0 27.777259588241577
180 0 31.400535106658936
180 0 32.32932639122009
180 0 31.43560004234314
180 0 31.91615343093872
180 0 30.245203495025635
180 0 31.374643087387085
180 0 32.45471405982971
180 0 32.78414463996887
180 0 32.785009145736694
180 0 33.29806327819824
180 0 33.10296845436096
180 0 34.59382128715515
180 0 34.361287117004395
180 0 34.59949707984924
180 0 37.09774374961853
180 0 36.703763484954834
180 0 36.05129647254944
180 0 36.464925050735474
180 0 35.78383803367615
180 0 36.19594359397888
180 0 34.840569257736206
180 0 32.28028178215027
180 0 31.952285051345825
180 0 30.8545823097229
180 0 31.901203632354736
180 0 33.941773653030396
180 0 33.8867712020874
180 0 33.630011320114136
180 0 33.12868595123291
180 0 34.81354522705078
180 0 31.555394887924194
180 0 30.545844793319702
180 0 32.00142574310303
180 0 30.324393033981323
180 0 31.068294286727905
180 0 30.441543340682983
180 0 33.1349618434906
180 0 32.86637330055237
180 0 31.279311656951904
180 0 31.240634441375732
180 0 32.46641540527344
180 0 32.367024660110474
180 0 32.51651382446289
180 0 34.16830277442932
180 0 33.887086153030396
180 0 34.49817776679993
180 0 34.78066349029541
180 0 34.550607442855835
180 0 36.160635232925415
180 0 33.92185735702515
