160 0 8.307260274887085
157 3 8.963027715682983
160 0 7.471114873886108
160 0 7.605912446975708
160 0 8.126384258270264
160 0 8.331275939941406
160 0 7.877781629562378
160 0 8.277853012084961
160 0 10.815437316894531
160 0 11.865567207336426
160 0 8.680957317352295
160 0 10.248309850692749
160 0 10.059322834014893
148 12 19.93032455444336
160 0 10.69281530380249
160 0 10.210079908370972
153 7 13.555120468139648
160 0 10.27943730354309
160 0 10.943602323532104
154 6 13.14157485961914
160 0 10.67918348312378
160 0 12.005117416381836
160 0 11.94404911994934
160 0 12.08193063735962
157 3 14.31430697441101
160 0 12.96593451499939
160 0 13.473459482192993
160 0 13.36701226234436
160 0 14.319420099258423
153 7 18.59273862838745
160 0 12.988882303237915
157 3 13.659994125366211
157 3 14.58056354522705
160 0 13.602792978286743
154 6 15.447481632232666
160 0 13.548561811447144
160 0 13.580917835235596
160 0 12.90575385093689
160 0 12.952919244766235
160 0 12.904862642288208
153 7 14.623295307159424
160 0 12.724270582199097
152 8 15.946620225906372
155 5 14.16359567642212
160 0 11.350624084472656
157 3 12.449827194213867
160 0 11.034944772720337
160 0 11.585263967514038
160 0 11.615543127059937
160 0 12.387408256530762
160 0 12.48331356048584
160 0 10.806306838989258
160 0 11.096447706222534
160 0 10.714686870574951
145 15 18.905880212783813
160 0 10.676526069641113
160 0 11.968762874603271
160 0 10.616138219833374
160 0 11.478875637054443
160 0 11.582572937011719
160 0 11.561935186386108
160 0 11.911935091018677
158 2 12.163188695907593
160 0 11.056227445602417
160 0 12.67797565460205
151 9 12.865883111953735
160 0 11.70191216468811
160 0 11.996988773345947
160 0 11.046959400177002
160 0 11.834853172302246
160 0 11.979055643081665
160 0 11.787389516830444
160 0 11.333026885986328
160 0 11.85211443901062
160 0 11.376234531402588
160 0 9.344188451766968
160 0 11.024268865585327
160 0 10.774245977401733
160 0 10.985140562057495
160 0 12.10622262954712
160 0 10.84036898612976
160 0 11.551995754241943
154 6 17.702545404434204
151 9 19.366243362426758
154 6 13.826447010040283
160 0 11.910881280899048
160 0 12.381937265396118
160 0 12.28376841545105
160 0 11.525506496429443
160 0 11.530856132507324
151 9 13.759100437164307
160 0 11.924687385559082
160 0 11.63262152671814
160 0 11.975403785705566
160 0 11.943814754486084
155 5 13.222872734069824
160 0 12.11673092842102
160 0 11.969696998596191
160 0 11.68920087814331
160 0 11.913216590881348
160 0 11.516594648361206
