180 0 11.16476821899414
180 0 11.047986268997192
180 0 11.355579853057861
180 0 11.144022464752197
180 0 11.323742389678955
180 0 11.131603479385376
180 0 11.063687324523926
180 0 11.272494077682495
180 0 11.138859748840332
180 0 11.411949872970581
180 0 18.368804931640625
180 0 17.55284810066223
180 0 16.592278242111206
180 0 17.37776207923889
180 0 17.096541166305542
180 0 16.875988006591797
180 0 17.001523971557617
180 0 17.025030851364136
180 0 15.906349182128906
180 0 15.569840669631958
180 0 13.107517957687378
180 0 14.614590883255005
180 0 14.460474491119385
180 0 14.029380559921265
177 3 15.162357330322266
180 0 15.913753509521484
180 0 14.95915412902832
180 0 15.737461566925049
180 0 15.900827169418335
180 0 15.787490844726562
180 0 15.471728801727295
180 0 14.84886884689331
180 0 15.086576700210571
180 0 15.527120590209961
180 0 17.758119106292725
180 0 17.247938632965088
180 0 17.41100811958313
175 5 18.85379981994629
175 5 18.806158781051636
180 0 18.35613703727722
180 0 18.68518829345703
180 0 18.873318195343018
180 0 18.967690467834473
180 0 18.594144821166992
180 0 18.302038192749023
180 0 19.386297464370728
180 0 20.094324111938477
180 0 17.4785213470459
180 0 17.851531744003296
180 0 18.19014263153076
180 0 17.862254858016968
180 0 17.862069368362427
180 0 18.788554668426514
180 0 17.359586000442505
180 0 16.890661239624023
180 0 17.150120735168457
180 0 17.334866046905518
180 0 16.805721759796143
180 0 16.025880575180054
180 0 17.08687949180603
180 0 15.936170816421509
180 0 17.709653615951538
174 6 18.80338478088379
180 0 15.888655185699463
180 0 16.562222242355347
180 0 14.862978219985962
180 0 15.948715209960938
180 0 16.483453273773193
180 0 16.247166395187378
180 0 16.256829261779785
