10 0 0.01200246810913086
10 0 0.010001659393310547
10 0 0.012002944946289062
10 0 0.011001825332641602
10 0 0.014003276824951172
10 0 0.012003183364868164
10 0 0.012003421783447266
10 0 0.01600337028503418
10 0 0.011107683181762695
10 0 0.014003276824951172
10 0 0.01900339126586914
10 0 0.026006460189819336
10 0 0.02200460433959961
10 0 0.020003557205200195
10 0 0.019003868103027344
10 0 0.021006345748901367
10 0 0.02000904083251953
10 0 0.02100372314453125
10 0 0.02200460433959961
10 0 0.024004459381103516
10 0 0.013002634048461914
10 0 0.019004106521606445
10 0 0.020003795623779297
10 0 0.019003868103027344
10 0 0.01600337028503418
10 0 0.01900482177734375
10 0 0.021004199981689453
10 0 0.018976926803588867
10 0 0.0209963321685791
10 0 0.017997264862060547
10 0 0.025005102157592773
10 0 0.02100372314453125
10 0 0.022005081176757812
10 0 0.021004915237426758
10 0 0.0200045108795166
10 0 0.017003774642944336
10 0 0.0200042724609375
10 0 0.015003442764282227
10 0 0.019003868103027344
10 0 0.021004199981689453
10 0 0.016003131866455078
10 0 0.015003681182861328
10 0 0.020004749298095703
10 0 0.019003868103027344
10 0 0.012002706527709961
10 0 0.0200045108795166
10 0 0.017003297805786133
10 0 0.028006553649902344
10 0 0.015003442764282227
10 0 0.01600360870361328
10 0 0.01500391960144043
10 0 0.022005081176757812
10 0 0.020004987716674805
10 0 0.019003629684448242
10 0 0.01700305938720703
10 0 0.021004438400268555
10 0 0.018004655838012695
10 0 0.015003442764282227
10 0 0.01400303840637207
10 0 0.017003297805786133
10 0 0.01800370216369629
10 0 0.01800370216369629
10 0 0.015003204345703125
10 0 0.017003774642944336
10 0 0.012002944946289062
10 0 0.022005081176757812
10 0 0.03800797462463379
10 0 0.026004314422607422
10 0 0.021004199981689453
10 0 0.014002561569213867
