72 0 2.2965173721313477
72 0 2.282597303390503
72 0 3.427771806716919
72 0 3.402766704559326
72 0 3.315746784210205
72 0 3.428769826889038
72 0 3.288740873336792
72 0 3.3207483291625977
72 0 3.286740303039551
72 0 3.3006250858306885
72 0 3.576805830001831
72 0 3.7038350105285645
72 0 3.81036376953125
72 0 3.788855791091919
72 0 4.882552623748779
72 0 3.74834942817688
72 0 3.6748287677764893
72 0 3.6938323974609375
72 0 3.6898317337036133
72 0 3.635819435119629
72 0 3.712297201156616
72 0 3.712836742401123
72 0 4.162938117980957
72 0 3.8958780765533447
72 0 3.774850606918335
72 0 3.791095018386841
72 0 3.7132887840270996
72 0 3.7198381423950195
72 0 3.8568668365478516
72 0 4.422996759414673
72 0 3.987405776977539
72 0 3.9858977794647217
72 0 3.8978915214538574
72 0 4.015906095504761
72 0 4.319972038269043
72 0 3.989899158477783
72 0 3.803856372833252
72 0 3.8683276176452637
72 0 3.969400405883789
72 0 3.9638938903808594
72 0 3.9959001541137695
72 0 4.061915636062622
72 0 4.102429151535034
72 0 3.9758968353271484
72 0 4.0974280834198
72 0 4.162938117980957
72 0 3.9648945331573486
72 0 4.328978538513184
72 0 4.009409427642822
72 0 5.067647457122803
72 0 4.205949068069458
72 0 3.985356092453003
72 0 3.794368028640747
72 0 3.7958555221557617
72 0 3.663825511932373
72 0 3.568808078765869
72 0 3.548799753189087
72 0 3.487786054611206
72 0 4.05791449546814
72 0 4.0501298904418945
72 0 3.5406198501586914
72 0 3.462660789489746
72 0 3.577331066131592
72 0 3.5307021141052246
72 0 3.3986501693725586
72 0 3.5083489418029785
72 0 3.5656847953796387
72 0 3.6216073036193848
72 0 3.4978861808776855
72 0 3.516791820526123
