25 3 0.3810858726501465
25 3 0.6271412372589111
26 2 0.30806875228881836
26 2 0.33907413482666016
22 6 0.687117338180542
25 3 0.28606367111206055
25 3 0.40409064292907715
25 3 0.3830864429473877
25 3 0.47689366340637207
25 3 0.6441457271575928
25 3 0.7371041774749756
28 0 0.3454289436340332
25 3 0.3821449279785156
28 0 0.49303174018859863
25 3 0.7351558208465576
22 6 0.8649976253509521
23 5 0.9131922721862793
25 3 0.9332120418548584
22 6 0.8411312103271484
25 3 0.5796327590942383
23 5 0.5887281894683838
23 5 0.6127872467041016
21 7 0.6995949745178223
22 6 1.1639113426208496
25 3 0.6751079559326172
25 3 0.6983275413513184
25 3 0.8906481266021729
24 4 0.8631410598754883
28 0 0.3073570728302002
25 3 0.7396416664123535
26 2 0.5651271343231201
25 3 0.8561933040618896
25 3 0.8301873207092285
28 0 0.3210735321044922
25 3 0.8831982612609863
25 3 0.6371431350708008
25 3 1.2552831172943115
26 2 0.7191622257232666
26 2 0.5281193256378174
22 6 0.9720978736877441
25 3 0.37508583068847656
25 3 0.5951340198516846
22 6 0.7761743068695068
23 5 0.7031569480895996
28 0 0.4611043930053711
25 3 0.47860050201416016
28 0 0.5821313858032227
25 3 0.6281416416168213
22 6 0.9652173519134521
22 6 0.9912216663360596
23 5 0.7714579105377197
25 3 0.5271246433258057
22 6 0.9404020309448242
28 0 0.5573184490203857
25 3 0.5126781463623047
28 0 0.4790167808532715
25 3 0.5075883865356445
25 3 0.6276884078979492
28 0 0.5722165107727051
26 2 0.4539203643798828
22 6 0.7516493797302246
28 0 0.632836103439331
28 0 0.6691505908966064
25 3 0.8674302101135254
25 3 0.5770604610443115
25 3 0.7270572185516357
23 5 1.0051321983337402
26 2 0.6450810432434082
25 3 1.1489906311035156
25 3 0.7351655960083008
