180 0 12.395248889923096
180 0 12.88566255569458
180 0 12.617351293563843
180 0 12.785728693008423
180 0 12.46215009689331
180 0 12.8204984664917
174 6 13.931990623474121
180 0 12.386495590209961
180 0 12.31781554222107
180 0 12.507325172424316
180 0 19.729461431503296
180 0 19.596344470977783
169 11 22.67508292198181
177 3 18.475556135177612
180 0 18.448082208633423
180 0 18.024927616119385
180 0 18.634655952453613
180 0 18.76861071586609
180 0 17.914875984191895
174 6 17.698259115219116
174 6 20.328344106674194
180 0 17.422954320907593
180 0 16.573720932006836
180 0 16.24074697494507
180 0 15.539361953735352
180 0 15.700067281723022
173 7 20.08967924118042
180 0 16.474952697753906
180 0 16.050703048706055
180 0 16.29154944419861
174 6 17.309487342834473
180 0 16.419682264328003
173 7 20.656875133514404
178 2 18.800097942352295
180 0 18.355815887451172
180 0 18.03371000289917
180 0 18.706369161605835
180 0 19.200693368911743
180 0 19.53744673728943
180 0 21.270604372024536
177 3 22.324113845825195
180 0 21.70152473449707
171 9 27.264562368392944
180 0 20.964699745178223
180 0 20.792807817459106
180 0 21.125733852386475
180 0 21.027392148971558
180 0 19.87309169769287
180 0 19.352109909057617
180 0 20.034069538116455
180 0 19.808414936065674
180 0 19.969208478927612
173 7 21.19621181488037
180 0 19.418044567108154
180 0 19.583588361740112
180 0 20.500060319900513
180 0 18.68229341506958
180 0 19.389570713043213
180 0 18.189165830612183
180 0 18.066767692565918
180 0 18.152228355407715
180 0 18.925442218780518
