50 0 0.5311193466186523
50 0 0.5290634632110596
50 0 0.5241191387176514
50 0 0.5301194190979004
50 0 0.535120964050293
50 0 0.5281188488006592
50 0 0.5391209125518799
50 0 0.5411219596862793
50 0 0.5221292972564697
50 0 0.570324182510376
50 0 0.7901778221130371
50 0 0.9382109642028809
50 0 0.8171844482421875
50 0 0.8211848735809326
50 0 0.8441896438598633
50 0 0.8561933040618896
50 0 0.852191686630249
50 0 0.8631947040557861
50 0 0.9202134609222412
50 0 0.93821120262146
50 0 0.8751976490020752
50 0 0.8610126972198486
50 0 1.071241855621338
50 0 1.0262305736541748
50 0 0.9142055511474609
50 0 0.8551924228668213
50 0 0.9342107772827148
50 0 0.8551921844482422
50 0 0.8351881504058838
50 0 0.8451902866363525
50 0 0.839188814163208
50 0 0.8461899757385254
50 0 0.8221852779388428
50 0 0.8321871757507324
50 0 0.8601937294006348
50 0 0.8391885757446289
50 0 0.8641948699951172
50 0 0.8321878910064697
50 0 0.8861994743347168
50 0 0.8121819496154785
50 0 0.8591928482055664
50 0 0.8641948699951172
50 0 1.3453032970428467
50 0 0.8821983337402344
50 0 0.8861997127532959
50 0 0.8821992874145508
50 0 0.8641946315765381
50 0 1.2852897644042969
50 0 0.8791985511779785
50 0 0.950214147567749
50 0 0.9676587581634521
50 0 0.9592156410217285
50 0 1.1722650527954102
50 0 0.9472131729125977
50 0 0.8811988830566406
50 0 0.8711960315704346
50 0 0.8771982192993164
50 0 0.9182078838348389
50 0 0.9352109432220459
50 0 0.8851993083953857
50 0 0.9562158584594727
50 0 1.1582610607147217
50 0 0.9802207946777344
50 0 1.4373228549957275
50 0 1.001225471496582
50 0 0.9762201309204102
50 0 0.9202072620391846
50 0 1.016228437423706
50 0 0.8942017555236816
50 0 0.9202072620391846
