7 0 0.02600550651550293
7 0 0.033007144927978516
7 0 0.027985334396362305
7 0 0.024004697799682617
7 0 0.025005340576171875
7 0 0.023005008697509766
7 0 0.02400493621826172
7 0 0.023004770278930664
7 0 0.024005651473999023
7 0 0.02300548553466797
7 0 0.034008026123046875
7 0 0.03300762176513672
7 0 0.03600764274597168
7 0 0.035007476806640625
7 0 0.03500819206237793
7 0 0.04100942611694336
7 0 0.034006595611572266
7 0 0.042009592056274414
7 0 0.041008710861206055
7 0 0.05001091957092285
7 0 0.044010162353515625
7 0 0.04100918769836426
7 0 0.03800797462463379
7 0 0.027005910873413086
7 0 0.03600811958312988
7 0 0.032006263732910156
7 0 0.031007051467895508
7 0 0.03300762176513672
7 0 0.036006927490234375
7 0 0.0400087833404541
7 0 0.07701706886291504
7 0 0.04300999641418457
7 0 0.036008596420288086
7 0 0.042009830474853516
7 0 0.025005578994750977
7 0 0.03400754928588867
7 0 0.03700733184814453
7 0 0.040008544921875
7 0 0.03300762176513672
7 0 0.03800821304321289
7 0 0.0400087833404541
7 0 0.028006315231323242
7 0 0.029006481170654297
7 0 0.03300738334655762
7 0 0.033007144927978516
7 0 0.039008378982543945
7 0 0.03900766372680664
7 0 0.03000617027282715
7 0 0.040009498596191406
7 0 0.03700876235961914
7 0 0.03000664710998535
7 0 0.03700828552246094
7 0 0.0290067195892334
7 0 0.04401063919067383
7 0 0.04000973701477051
7 0 0.038008928298950195
7 0 0.04300951957702637
7 0 0.036008358001708984
7 0 0.03900933265686035
7 0 0.03800821304321289
7 0 0.0400090217590332
7 0 0.03500938415527344
7 0 0.03700828552246094
7 0 0.032007694244384766
7 0 0.03200721740722656
7 0 0.032007455825805664
7 0 0.033011674880981445
7 0 0.03700876235961914
7 0 0.03600811958312988
7 0 0.03356814384460449
