3 5 0.010003328323364258
3 5 0.010001897811889648
3 5 0.010001182556152344
3 5 0.009000539779663086
3 5 0.010001420974731445
3 5 0.009001493453979492
3 5 0.009001493453979492
3 5 0.011001825332641602
3 5 0.010001420974731445
3 5 0.010002374649047852
3 5 0.012002944946289062
3 5 0.012002229690551758
3 5 0.01600360870361328
3 5 0.016003131866455078
3 5 0.014000177383422852
3 5 0.016003131866455078
3 5 0.010002613067626953
3 5 0.010002374649047852
3 5 0.016003847122192383
3 5 0.012001991271972656
3 5 0.014004230499267578
3 5 0.010002374649047852
3 5 0.01600337028503418
3 5 0.016003131866455078
3 5 0.012001991271972656
3 5 0.016002416610717773
3 5 0.012002706527709961
3 5 0.010001659393310547
3 5 0.016004085540771484
3 5 0.016002655029296875
3 5 0.013002395629882812
3 5 0.01400303840637207
3 5 0.017004013061523438
3 5 0.015003204345703125
3 5 0.01600360870361328
3 5 0.014003276824951172
3 5 0.014003753662109375
3 5 0.013003349304199219
3 5 0.020003557205200195
3 5 0.014003515243530273
3 5 0.017003297805786133
3 5 0.016002416610717773
3 5 0.017003774642944336
3 5 0.016008853912353516
3 5 0.011003255844116211
3 5 0.011002063751220703
3 5 0.011002779006958008
3 5 0.012004375457763672
3 5 0.016003131866455078
3 5 0.014003276824951172
3 5 0.017003297805786133
3 5 0.012002229690551758
3 5 0.01600360870361328
3 5 0.014615058898925781
3 5 0.015003442764282227
3 5 0.017003774642944336
3 5 0.016112089157104492
3 5 0.01600337028503418
3 5 0.015002250671386719
3 5 0.01200246810913086
3 5 0.014002561569213867
3 5 0.01600337028503418
3 5 0.01600360870361328
3 5 0.01600337028503418
3 5 0.012002706527709961
3 5 0.01600337028503418
3 5 0.012002944946289062
3 5 0.016003131866455078
3 5 0.013002872467041016
3 5 0.014002561569213867
