98 0 2.9146289825439453
98 0 2.7320210933685303
98 0 2.7166802883148193
98 0 2.7836599349975586
98 0 2.742511749267578
98 0 2.7357211112976074
98 0 2.730668783187866
98 0 2.742384433746338
98 0 2.722163200378418
98 0 2.7602219581604004
98 0 2.8796486854553223
98 0 2.6798925399780273
98 0 2.841639995574951
98 0 2.705669641494751
98 0 2.7266063690185547
98 0 2.737616777420044
98 0 2.926658868789673
98 0 2.867717742919922
98 0 2.7054998874664307
98 0 2.7556207180023193
98 0 3.843864679336548
98 0 3.7475340366363525
98 0 4.354982137680054
98 0 3.7868528366088867
98 0 3.8235366344451904
98 0 4.488518714904785
98 0 4.47900915145874
98 0 4.7190635204315186
98 0 4.369984865188599
98 0 4.300475358963013
98 0 4.462005376815796
98 0 4.5320212841033936
98 0 4.577479839324951
98 0 4.501013994216919
98 0 4.718099355697632
98 0 4.7275710105896
98 0 4.554026126861572
98 0 4.61949610710144
98 0 4.861094951629639
98 0 4.6680519580841064
98 0 4.568029165267944
98 0 4.661050319671631
98 0 4.782527446746826
98 0 5.113151788711548
98 0 4.597541570663452
98 0 5.009633779525757
98 0 4.682055711746216
98 0 4.248960733413696
98 0 4.230953216552734
98 0 4.266406059265137
98 0 4.749069929122925
98 0 4.22332501411438
98 0 4.294777870178223
98 0 4.190362215042114
98 0 4.242455959320068
98 0 4.155313730239868
98 0 4.376986503601074
98 0 4.6520209312438965
98 0 4.318973541259766
98 0 4.345990419387817
98 0 4.451314926147461
98 0 4.345224380493164
98 0 4.161976337432861
98 0 4.238471269607544
98 0 3.8801443576812744
98 0 4.033890008926392
98 0 3.9775588512420654
98 0 4.085811376571655
98 0 3.967294454574585
98 0 4.157924175262451
98 0 3.9891045093536377
98 0 3.960573196411133
98 0 3.945478677749634
98 0 4.137012243270874
98 0 4.107467174530029
98 0 4.076044082641602
98 0 3.9615190029144287
98 0 4.179172515869141
98 0 4.081115484237671
98 0 3.7240869998931885
98 0 3.915713310241699
98 0 4.019049406051636
98 0 4.106233596801758
98 0 3.7823328971862793
98 0 3.697336435317993
98 0 2.770169496536255
98 0 3.0109291076660156
98 0 2.831847667694092
98 0 2.823873519897461
