3 17 0.08676910400390625
3 17 0.08705711364746094
3 17 0.08707976341247559
3 17 0.09150362014770508
3 17 0.08697342872619629
3 17 0.08714127540588379
3 17 0.08710885047912598
3 17 0.08687353134155273
3 17 0.0870203971862793
3 17 0.08803272247314453
3 17 0.1290280818939209
3 17 0.10605096817016602
3 17 0.12505578994750977
3 17 0.1276693344116211
3 17 0.13765358924865723
3 17 0.10770058631896973
3 17 0.1400740146636963
3 17 0.11097288131713867
3 17 0.11905455589294434
3 17 0.1310563087463379
3 17 0.130446195602417
3 17 0.1403045654296875
3 17 0.1276249885559082
3 17 0.1400308609008789
3 17 0.10895490646362305
3 17 0.13468718528747559
3 17 0.11433959007263184
3 17 0.1260390281677246
3 17 0.13903117179870605
3 17 0.1270284652709961
3 17 0.13202881813049316
3 17 0.13403010368347168
3 17 0.12402844429016113
3 17 0.1400318145751953
3 17 0.13648509979248047
3 17 0.13102459907531738
3 17 0.12802886962890625
3 17 0.13303017616271973
3 17 0.12802815437316895
3 17 0.1380307674407959
3 17 0.1400306224822998
3 17 0.13403081893920898
3 17 0.14203214645385742
3 17 0.14203214645385742
3 17 0.13303017616271973
3 17 0.12903380393981934
3 17 0.11502599716186523
3 17 0.1380302906036377
3 17 0.13102960586547852
3 17 0.13202977180480957
3 17 0.15003418922424316
3 17 0.13102936744689941
3 17 0.09702181816101074
3 17 0.16803765296936035
3 17 0.13203024864196777
3 17 0.13903141021728516
3 17 0.12402796745300293
3 17 0.13303089141845703
3 17 0.14403128623962402
3 17 0.1250295639038086
3 17 0.1290287971496582
3 17 0.1360301971435547
3 17 0.12002754211425781
3 17 0.13703083992004395
3 17 0.1250286102294922
3 17 0.1380293369293213
3 17 0.10202288627624512
3 17 0.11702728271484375
3 17 0.140228271484375
3 17 0.12230610847473145
3 17 0.13403081893920898
3 17 0.09902191162109375
