7 0 0.017003774642944336
7 0 0.014003276824951172
7 0 0.011999368667602539
7 0 0.01298666000366211
7 0 0.013003349304199219
7 0 0.015003442764282227
7 0 0.014003753662109375
7 0 0.014002799987792969
7 0 0.014004707336425781
7 0 0.012003660202026367
7 0 0.024005413055419922
7 0 0.021004438400268555
7 0 0.024004459381103516
7 0 0.024005413055419922
7 0 0.020005226135253906
7 0 0.021004438400268555
7 0 0.025005340576171875
7 0 0.02200460433959961
7 0 0.0200045108795166
7 0 0.026006221771240234
7 0 0.02200460433959961
7 0 0.023005247116088867
7 0 0.023989439010620117
7 0 0.021004915237426758
7 0 0.0200042724609375
7 0 0.025005578994750977
7 0 0.020006418228149414
7 0 0.0200045108795166
7 0 0.023005247116088867
7 0 0.024005413055419922
7 0 0.025005578994750977
7 0 0.020005226135253906
7 0 0.014002799987792969
7 0 0.017003774642944336
7 0 0.024006128311157227
7 0 0.01600360870361328
7 0 0.02000570297241211
7 0 0.0200045108795166
7 0 0.015004158020019531
7 0 0.015003442764282227
7 0 0.01800370216369629
7 0 0.017003774642944336
7 0 0.025005578994750977
7 0 0.023003578186035156
7 0 0.019004344940185547
7 0 0.01600337028503418
7 0 0.01700282096862793
7 0 0.022005558013916016
7 0 0.019003629684448242
7 0 0.019004344940185547
7 0 0.022004365921020508
7 0 0.02400517463684082
7 0 0.024004459381103516
7 0 0.02100515365600586
7 0 0.020004749298095703
7 0 0.01600360870361328
7 0 0.014002799987792969
7 0 0.02400493621826172
7 0 0.014003515243530273
7 0 0.024006366729736328
7 0 0.021004915237426758
7 0 0.023004770278930664
7 0 0.01900458335876465
7 0 0.02300548553466797
7 0 0.01600337028503418
7 0 0.019004344940185547
7 0 0.025005340576171875
7 0 0.02300429344177246
7 0 0.018003463745117188
7 0 0.021004915237426758
