180 0 12.51414155960083
180 0 12.739688396453857
180 0 12.7418794631958
180 0 12.753868103027344
180 0 12.774888515472412
180 0 12.495764970779419
180 0 12.419983148574829
180 0 12.587010622024536
180 0 12.864686489105225
174 6 14.898646831512451
174 6 23.30759620666504
180 0 19.85093593597412
180 0 18.048591375350952
180 0 19.123197555541992
180 0 18.848511219024658
175 5 20.611817359924316
177 3 19.808268308639526
169 11 23.613303184509277
170 10 22.77080488204956
165 15 25.08204483985901
175 5 18.14450716972351
180 0 17.21002960205078
180 0 16.465888261795044
168 12 26.295562267303467
180 0 17.105268478393555
176 4 17.92498755455017
180 0 16.36858320236206
173 7 18.340025424957275
177 3 19.66334295272827
171 9 20.963395357131958
180 0 16.199233770370483
176 4 18.78424596786499
180 0 16.036526441574097
177 3 16.24533724784851
175 5 20.09647250175476
174 6 21.511788606643677
180 0 18.921027421951294
176 4 19.901915311813354
168 12 29.17810368537903
172 8 26.506957530975342
170 10 27.57279634475708
172 8 27.077032327651978
180 0 20.92081332206726
176 4 22.577608346939087
176 4 22.32829451560974
172 8 25.826698780059814
172 8 25.952089548110962
180 0 20.059476613998413
180 0 19.80498743057251
174 6 22.93417191505432
180 0 19.90035843849182
180 0 19.457189559936523
173 7 21.88593316078186
180 0 18.24812889099121
176 4 19.748621225357056
173 7 23.7725510597229
164 16 31.416301012039185
178 2 19.543899536132812
178 2 18.136065006256104
173 7 21.18126082420349
180 0 17.327049493789673
180 0 19.248249053955078
