252 0 24.791887998580933
245 7 28.548763275146484
252 0 26.301603317260742
246 6 31.018134832382202
252 0 26.91806674003601
252 0 27.381168127059937
252 0 33.97709393501282
252 0 25.753450632095337
252 0 26.04768705368042
252 0 29.105262994766235
252 0 37.89051938056946
252 0 36.51648187637329
252 0 35.63677358627319
252 0 37.64850878715515
252 0 34.10064387321472
252 0 33.4775824546814
252 0 33.594871044158936
252 0 31.69568133354187
252 0 35.12791657447815
252 0 39.71394991874695
252 0 38.06857991218567
252 0 38.746732234954834
252 0 36.771918535232544
252 0 37.12148451805115
252 0 37.359354972839355
252 0 37.67248558998108
252 0 38.613476514816284
252 0 37.12060880661011
252 0 36.47833752632141
252 0 36.13948345184326
252 0 35.23099422454834
252 0 35.3242461681366
252 0 37.584367752075195
252 0 39.31788086891174
252 0 38.62757921218872
252 0 36.40154147148132
252 0 39.59264349937439
252 0 36.2794086933136
252 0 28.329384803771973
252 0 32.820395946502686
252 0 31.34606385231018
252 0 28.947522163391113
252 0 30.861955165863037
252 0 34.1036856174469
252 0 35.17941331863403
252 0 32.43594288825989
252 0 32.607970237731934
252 0 32.868408203125
252 0 33.50054860115051
252 0 32.79739165306091
252 0 31.255733966827393
252 0 32.26643681526184
252 0 32.216339349746704
252 0 31.664278507232666
252 0 28.74407458305359
252 0 33.98462700843811
252 0 32.172860622406006
252 0 40.698160886764526
252 0 35.23787498474121
252 0 31.376071453094482
252 0 33.86420941352844
252 0 29.945404529571533
252 0 28.895970106124878
252 0 32.95199704170227
252 0 29.381014585494995
252 0 35.622689723968506
252 0 34.69096851348877
252 0 36.150757789611816
252 0 35.46487879753113
252 0 36.08596205711365
