90 0 1.9615833759307861
90 0 1.7974059581756592
90 0 1.9133989810943604
90 0 1.7774014472961426
90 0 1.7483949661254883
90 0 1.9494414329528809
90 0 1.903430461883545
90 0 2.0539984703063965
90 0 1.8179166316986084
90 0 1.9568333625793457
90 0 2.4295475482940674
90 0 2.382537364959717
90 0 2.626572608947754
90 0 2.3953468799591064
90 0 3.248732328414917
90 0 2.7156119346618652
90 0 2.4721767902374268
90 0 2.748077392578125
90 0 2.3845365047454834
90 0 2.495067596435547
90 0 3.2787387371063232
90 0 3.2581911087036133
90 0 3.130704641342163
90 0 2.8796486854553223
90 0 2.8826496601104736
90 0 2.6806039810180664
90 0 2.9076550006866455
90 0 2.8716466426849365
90 0 3.060689687728882
90 0 2.6062815189361572
90 0 2.731577157974243
90 0 2.8864734172821045
90 0 3.137155532836914
90 0 2.7337284088134766
90 0 3.1267049312591553
90 0 2.742617607116699
90 0 3.16666316986084
90 0 2.760622024536133
90 0 3.1517105102539062
90 0 2.7706241607666016
90 0 3.292605400085449
90 0 2.964298725128174
90 0 3.300828218460083
90 0 2.8645100593566895
90 0 3.2626452445983887
90 0 2.743760824203491
90 0 3.0340497493743896
90 0 2.4893903732299805
90 0 2.865140438079834
90 0 3.095085620880127
90 0 2.7773118019104004
90 0 2.7370545864105225
85 5 3.9503471851348877
90 0 3.043060064315796
90 0 3.131065607070923
90 0 2.4104959964752197
90 0 3.2202565670013428
90 0 2.6688122749328613
90 0 2.8287267684936523
90 0 2.958900213241577
90 0 2.7392003536224365
90 0 2.7758114337921143
90 0 2.787949323654175
90 0 2.875950336456299
90 0 2.736764907836914
90 0 2.791405439376831
90 0 3.204108715057373
90 0 2.6626899242401123
90 0 2.9204070568084717
90 0 2.7304089069366455
90 0 2.785628318786621
90 0 2.6016452312469482
90 0 2.797630786895752
90 0 3.3407528400421143
90 0 2.638173818588257
90 0 2.717210531234741
90 0 2.3379247188568115
90 0 3.126682996749878
90 0 2.4085426330566406
90 0 2.4786734580993652
90 0 2.749620199203491
90 0 2.8441457748413086
90 0 2.632593870162964
90 0 2.5515756607055664
90 0 2.7029056549072266
90 0 2.573580026626587
90 0 2.876647710800171
90 0 2.718855857849121
90 0 2.736616373062134
90 0 2.5345709323883057
90 0 2.558575391769409
90 0 2.8686466217041016
90 0 2.7136104106903076
90 0 2.5825817584991455
90 0 2.6747004985809326
90 0 2.76062273979187
90 0 2.450551748275757
90 0 2.6883962154388428
90 0 2.59958553314209
90 0 2.639594316482544
