20 0 0.13402891159057617
20 0 0.13176465034484863
20 0 0.13812971115112305
20 0 0.13605594635009766
20 0 0.12648892402648926
20 0 0.12074542045593262
20 0 0.14233064651489258
20 0 0.11312198638916016
20 0 0.1360306739807129
20 0 0.15003395080566406
20 0 0.1760702133178711
20 0 0.21034789085388184
20 0 0.20727896690368652
20 0 0.1884758472442627
20 0 0.16406869888305664
20 0 0.1710677146911621
20 0 0.19832515716552734
20 0 0.15506911277770996
20 0 0.19904446601867676
20 0 0.2484745979309082
20 0 0.252002477645874
20 0 0.19619035720825195
20 0 0.21590757369995117
20 0 0.22574949264526367
20 0 0.20630383491516113
20 0 0.1879749298095703
20 0 0.1869959831237793
20 0 0.18681073188781738
20 0 0.17896127700805664
20 0 0.1918175220489502
20 0 0.20104551315307617
20 0 0.16303563117980957
20 0 0.17703843116760254
20 0 0.1980440616607666
20 0 0.19504380226135254
20 0 0.16403675079345703
20 0 0.1800394058227539
20 0 0.2540571689605713
20 0 0.2070457935333252
20 0 0.17105746269226074
20 0 0.20604586601257324
20 0 0.19201135635375977
20 0 0.17904019355773926
20 0 0.20204639434814453
20 0 0.1890416145324707
20 0 0.14203238487243652
20 0 0.21704864501953125
20 0 0.19204378128051758
20 0 0.22305035591125488
20 0 0.18404102325439453
20 0 0.22304964065551758
20 0 0.18004059791564941
20 0 0.19904518127441406
20 0 0.2160487174987793
20 0 0.17904067039489746
20 0 0.16803789138793945
20 0 0.26670360565185547
20 0 0.25105786323547363
20 0 0.13903188705444336
20 0 0.23305296897888184
20 0 0.17704105377197266
20 0 0.16704630851745605
20 0 0.18104100227355957
20 0 0.185042142868042
20 0 0.24506092071533203
20 0 0.19004273414611816
20 0 0.18404150009155273
20 0 0.17903995513916016
20 0 0.18604183197021484
20 0 0.2169513702392578
20 0 0.11902666091918945
20 0 0.2510566711425781
20 0 0.25005626678466797
