112 0 3.5876526832580566
112 0 3.505805492401123
112 0 3.68007755279541
112 0 3.700833320617676
112 0 3.487464666366577
112 0 3.612813949584961
112 0 3.8156609535217285
112 0 3.489513874053955
110 2 3.80340838432312
112 0 3.5735771656036377
112 0 6.954566717147827
112 0 5.751295566558838
112 0 5.476233959197998
107 5 7.55070161819458
110 2 6.928067445755005
112 0 5.852319002151489
112 0 5.729295492172241
112 0 5.712170839309692
112 0 5.871721982955933
112 0 5.841498136520386
112 0 5.636269807815552
112 0 5.66127610206604
110 2 6.265411138534546
112 0 6.034359931945801
112 0 5.685224771499634
112 0 5.545193910598755
112 0 5.646369218826294
112 0 5.376186370849609
112 0 5.3482115268707275
112 0 5.048577308654785
112 0 5.427497148513794
112 0 5.248857021331787
112 0 5.053080797195435
112 0 5.38001561164856
112 0 5.3399436473846436
112 0 5.473046541213989
112 0 5.12705659866333
112 0 5.391611576080322
109 3 6.2316200733184814
112 0 5.407467603683472
112 0 5.027099847793579
112 0 5.266671419143677
112 0 5.331343173980713
112 0 5.747073173522949
112 0 5.29510498046875
112 0 5.621909141540527
112 0 4.767850160598755
112 0 5.519705057144165
112 0 5.092793226242065
112 0 4.887653350830078
112 0 4.404363393783569
112 0 4.975268602371216
112 0 4.3830482959747314
112 0 4.413242340087891
112 0 4.9260406494140625
112 0 4.1637537479400635
112 0 4.539960622787476
112 0 4.508644104003906
112 0 4.537437438964844
112 0 5.048585653305054
112 0 4.059067964553833
112 0 4.651024103164673
112 0 4.365863084793091
112 0 4.987149715423584
112 0 4.622979402542114
112 0 4.932017803192139
112 0 4.369919061660767
112 0 4.563436985015869
109 3 5.161566257476807
110 2 4.675076484680176
112 0 5.957829713821411
112 0 5.152710199356079
109 3 5.199172258377075
112 0 4.848093748092651
112 0 5.346204996109009
112 0 4.6359264850616455
112 0 5.380589246749878
112 0 5.159145355224609
112 0 5.152956962585449
112 0 5.066462993621826
112 0 5.175935506820679
112 0 4.100201845169067
112 0 4.813387870788574
112 0 4.874913930892944
112 0 4.3343987464904785
112 0 4.544079780578613
112 0 5.544086933135986
112 0 5.112473011016846
112 0 4.800295114517212
112 0 5.1314146518707275
112 0 5.4361937046051025
109 3 5.910510540008545
112 0 4.902434349060059
112 0 5.346329689025879
110 2 5.022946119308472
112 0 4.676254034042358
112 0 4.943934440612793
112 0 4.765239715576172
112 0 4.4176926612854
112 0 4.847702980041504
