5 0 0.0020003318786621094
5 0 0.0019998550415039062
5 0 0.002000093460083008
5 0 0.0020008087158203125
5 0 0.003000497817993164
5 0 0.001999378204345703
5 0 0.0019998550415039062
5 0 0.0019998550415039062
5 0 0.0020003318786621094
5 0 0.001999378204345703
5 0 0.005001068115234375
5 0 0.006001472473144531
5 0 0.003999948501586914
5 0 0.0020003318786621094
5 0 0.0030014514923095703
5 0 0.004000186920166016
5 0 0.003000020980834961
5 0 0.0040013790130615234
5 0 0.004001140594482422
5 0 0.003999948501586914
5 0 0.003999948501586914
5 0 0.004000663757324219
5 0 0.00400090217590332
5 0 0.0030007362365722656
5 0 0.003000020980834961
5 0 0.004000425338745117
5 0 0.0030007362365722656
5 0 0.004000425338745117
5 0 0.004000663757324219
5 0 0.0020003318786621094
5 0 0.003000974655151367
5 0 0.004000663757324219
5 0 0.0030007362365722656
5 0 0.0030002593994140625
5 0 0.0030007362365722656
5 0 0.003000020980834961
5 0 0.0050008296966552734
5 0 0.004000663757324219
5 0 0.0030012130737304688
5 0 0.004000663757324219
5 0 0.004000186920166016
5 0 0.0030007362365722656
5 0 0.004000425338745117
5 0 0.002000093460083008
5 0 0.004000425338745117
5 0 0.003000974655151367
5 0 0.0020003318786621094
5 0 0.0039997100830078125
5 0 0.003001689910888672
5 0 0.0040013790130615234
5 0 0.004000186920166016
5 0 0.0019998550415039062
5 0 0.004001140594482422
5 0 0.004000425338745117
5 0 0.004000663757324219
5 0 0.003000020980834961
5 0 0.003000497817993164
5 0 0.0030002593994140625
5 0 0.004000186920166016
5 0 0.0040013790130615234
5 0 0.004001617431640625
5 0 0.004000425338745117
5 0 0.004000425338745117
5 0 0.004000186920166016
5 0 0.0030007362365722656
5 0 0.003000497817993164
5 0 0.004000663757324219
5 0 0.002999544143676758
5 0 0.004000663757324219
5 0 0.0040013790130615234
5 0 0.004000425338745117
5 0 0.003999471664428711
5 0 0.004000425338745117
5 0 0.004000425338745117
5 0 0.0050008296966552734
5 0 0.0029993057250976562
5 0 0.006000995635986328
5 0 0.005001544952392578
5 0 0.004000425338745117
5 0 0.004000186920166016
5 0 0.003998994827270508
5 0 0.003999948501586914
5 0 0.0070018768310546875
5 0 0.0030007362365722656
5 0 0.004000425338745117
5 0 0.005001544952392578
5 0 0.003000497817993164
5 0 0.0030002593994140625
5 0 0.00400090217590332
5 0 0.004001617431640625
5 0 0.004001140594482422
5 0 0.003000497817993164
5 0 0.0040013790130615234
5 0 0.004000425338745117
5 0 0.004000663757324219
5 0 0.003000497817993164
5 0 0.004000663757324219
5 0 0.0039997100830078125
5 0 0.004000425338745117
5 0 0.00400090217590332
