180 0 18.776413917541504
180 0 18.792294025421143
180 0 18.597217559814453
180 0 18.54932975769043
171 9 20.347824335098267
180 0 18.50520086288452
180 0 18.538190603256226
180 0 18.98529362678528
180 0 25.854396104812622
180 0 23.760998964309692
180 0 20.29617166519165
180 0 20.29687762260437
180 0 19.584412336349487
180 0 20.07775902748108
180 0 23.391407012939453
180 0 22.90616226196289
180 0 27.651580572128296
180 0 28.479241132736206
180 0 28.512832164764404
180 0 28.367908477783203
180 0 28.190097093582153
180 0 28.02147102355957
180 0 28.757510900497437
180 0 27.604177713394165
180 0 28.056169509887695
180 0 29.155980348587036
180 0 28.570991277694702
180 0 29.987067937850952
180 0 30.11609148979187
180 0 29.282665014266968
180 0 27.58392906188965
180 0 28.824249744415283
180 0 27.93167281150818
180 0 28.387967586517334
180 0 27.647682428359985
180 0 28.299754858016968
180 0 29.433014392852783
180 0 29.085463047027588
180 0 29.072020292282104
180 0 28.897639989852905
180 0 29.52390193939209
180 0 29.76171612739563
180 0 29.14780306816101
180 0 30.068120002746582
180 0 30.489147663116455
180 0 30.335680723190308
180 0 27.50201988220215
180 0 27.94002604484558
180 0 28.408018112182617
180 0 28.743266820907593
180 0 28.82838487625122
180 0 28.120791912078857
180 0 28.972087621688843
180 0 28.520362615585327
180 0 29.693321228027344
180 0 28.071281671524048
180 0 27.931578397750854
180 0 27.87272334098816
177 3 29.496561288833618
180 0 25.741925954818726
180 0 28.58325457572937
180 0 27.79175639152527
180 0 28.03205680847168
180 0 26.770235776901245
180 0 27.920424699783325
180 0 28.566589832305908
