343 0 51.98265504837036
343 0 54.69682335853577
343 0 61.0254008769989
343 0 51.148897647857666
343 0 52.12528347969055
343 0 82.07513904571533
336 7 86.40540409088135
343 0 91.45060992240906
343 0 184.39157104492188
343 0 87.1081223487854
343 0 78.11760234832764
343 0 74.93529343605042
343 0 67.27785205841064
343 0 69.59770393371582
343 0 62.27087640762329
343 0 65.9309811592102
343 0 61.53941106796265
343 0 64.47481989860535
343 0 73.49244332313538
343 0 67.20226049423218
343 0 66.35195302963257
343 0 71.69583892822266
343 0 72.31827521324158
343 0 61.426002979278564
334 9 69.55931639671326
343 0 76.67375016212463
343 0 72.27843356132507
343 0 61.98979210853577
343 0 64.74361681938171
343 0 71.966068983078
343 0 77.71453714370728
343 0 80.11406779289246
343 0 60.590453147888184
343 0 74.4729835987091
343 0 53.96810221672058
343 0 53.780436754226685
337 6 58.92753601074219
343 0 53.546066999435425
343 0 51.939916133880615
343 0 51.577345848083496
341 2 53.141658544540405
343 0 52.313239336013794
343 0 70.69091296195984
343 0 64.5260181427002
343 0 66.9369285106659
343 0 67.44835209846497
343 0 67.80006814002991
343 0 90.44358897209167
343 0 89.83246183395386
343 0 87.48944187164307
343 0 82.459219455719
343 0 62.674774169921875
337 6 55.537517070770264
343 0 53.821128606796265
343 0 58.94868183135986
343 0 54.251710176467896
343 0 54.31164765357971
343 0 55.624980211257935
343 0 92.49551963806152
343 0 97.46085000038147
343 0 88.48507905006409
343 0 76.22380590438843
343 0 76.64100694656372
343 0 71.18435502052307
343 0 70.74299716949463
343 0 86.47616720199585
343 0 99.59481239318848
343 0 77.71059393882751
343 0 72.90550589561462
343 0 85.8999171257019
