245 0 78.26041436195374
245 0 84.25866746902466
245 0 75.91835427284241
245 0 82.19302701950073
245 0 75.08498883247375
245 0 74.79787969589233
245 0 94.81895565986633
245 0 82.42441201210022
245 0 82.94540500640869
245 0 77.85650134086609
245 0 137.43580102920532
245 0 120.15440702438354
245 0 135.2574450969696
245 0 135.16964840888977
245 0 78.15297412872314
245 0 82.72214818000793
245 0 94.43166637420654
245 0 74.52050542831421
245 0 108.50742197036743
245 0 127.55039119720459
245 0 124.09514498710632
245 0 117.45889258384705
245 0 121.77561974525452
245 0 126.50717353820801
245 0 125.30027389526367
245 0 136.8885054588318
245 0 118.70609617233276
245 0 137.70862817764282
245 0 127.01616072654724
245 0 129.4797646999359
245 0 149.5506567955017
245 0 166.80944061279297
245 0 133.01971077919006
245 0 150.1902289390564
245 0 132.94713878631592
245 0 136.8277199268341
245 0 128.584965467453
245 0 133.54832220077515
245 0 126.57681155204773
245 0 108.0292580127716
245 0 107.68635630607605
245 0 119.05691480636597
245 0 136.12050986289978
245 0 123.70361828804016
245 0 121.38024663925171
245 0 118.34691762924194
245 0 117.95555901527405
245 0 119.40776371955872
245 0 119.41581130027771
245 0 116.60065913200378
245 0 112.07723331451416
245 0 124.28618717193604
245 0 131.75556063652039
245 0 116.61510396003723
245 0 137.4113426208496
245 0 105.11021423339844
245 0 116.43767881393433
245 0 114.58371829986572
245 0 114.04400968551636
245 0 114.15253615379333
245 0 120.48202133178711
245 0 137.0918254852295
245 0 134.1815197467804
245 0 119.36975193023682
245 0 112.80189442634583
245 0 110.85520792007446
245 0 106.73439836502075
245 0 105.2993016242981
