3 37 0.2171494960784912
3 37 0.21810102462768555
3 37 0.22108054161071777
3 37 0.22612428665161133
3 37 0.21630048751831055
3 37 0.22210454940795898
3 37 0.2220919132232666
3 37 0.22109436988830566
3 37 0.21522927284240723
3 37 0.22009801864624023
3 37 0.3560447692871094
3 37 0.3143582344055176
3 37 0.2953529357910156
3 37 0.24769067764282227
3 37 0.29780125617980957
3 37 0.3267073631286621
3 37 0.33258962631225586
3 37 0.2554032802581787
3 37 0.3227503299713135
3 37 0.3109550476074219
3 37 0.34481120109558105
3 37 0.3089313507080078
3 37 0.301067590713501
3 37 0.31641197204589844
3 37 0.3414607048034668
3 37 0.3207855224609375
3 37 0.35008716583251953
3 37 0.23701262474060059
3 37 0.34113001823425293
3 37 0.3310587406158447
3 37 0.31307029724121094
3 37 0.338076114654541
3 37 0.32207393646240234
3 37 0.33709239959716797
3 37 0.33129286766052246
3 37 0.3100697994232178
3 37 0.3200712203979492
3 37 0.34807825088500977
3 37 0.3090693950653076
3 37 0.3240973949432373
3 37 0.3410756587982178
3 37 0.3170952796936035
3 37 0.3430771827697754
3 37 0.3360743522644043
3 37 0.327073335647583
3 37 0.3368253707885742
3 37 0.340073823928833
3 37 0.3250727653503418
3 37 0.3740837574005127
3 37 0.30406928062438965
3 37 0.3010673522949219
3 37 0.27306246757507324
3 37 0.3295590877532959
3 37 0.35307931900024414
3 37 0.3520808219909668
3 37 0.37108421325683594
3 37 0.3580782413482666
3 37 0.33058953285217285
3 37 0.3450777530670166
3 37 0.3360767364501953
3 37 0.3050687313079834
3 37 0.3580811023712158
3 37 0.34807825088500977
3 37 0.3300745487213135
3 37 0.35107898712158203
3 37 0.32404351234436035
3 37 0.2948577404022217
3 37 0.31407856941223145
3 37 0.3196136951446533
3 37 0.3499124050140381
