19 9 1.1722636222839355
20 8 1.1872673034667969
10 18 2.81508469581604
21 7 1.5503506660461426
17 11 2.0640015602111816
18 10 1.641369342803955
9 19 2.7086222171783447
13 15 2.9926750659942627
16 12 1.7713992595672607
21 7 1.4163198471069336
19 9 2.435617446899414
19 9 2.3401341438293457
21 7 1.5453059673309326
21 7 2.3475449085235596
16 12 3.304715633392334
16 12 2.435650110244751
11 17 2.9162516593933105
22 6 2.337561845779419
21 7 1.5633175373077393
17 11 2.8800456523895264
20 8 2.0782253742218018
21 7 1.1828877925872803
21 7 1.5575814247131348
18 10 2.49783992767334
17 11 2.8256120681762695
19 9 2.1840004920959473
14 14 3.2353506088256836
20 8 2.575531482696533
21 7 1.8133602142333984
19 9 2.6855266094207764
18 10 2.220500946044922
16 12 2.8753466606140137
19 9 2.678603172302246
16 12 2.9327595233917236
21 7 1.8454160690307617
18 10 2.146483898162842
18 10 2.222501039505005
19 9 2.6766042709350586
17 11 2.163487195968628
15 13 3.6058125495910645
21 7 1.7844009399414062
19 9 1.8654203414916992
20 8 1.6973826885223389
20 8 1.362307071685791
20 8 2.542574405670166
17 11 2.6628971099853516
19 9 2.6105880737304688
21 7 1.6573731899261475
17 11 3.300497055053711
21 7 3.0176801681518555
17 11 2.971524238586426
12 16 2.826141834259033
18 10 2.342890977859497
17 11 2.3944036960601807
16 12 2.190650224685669
21 7 3.51192569732666
15 13 3.313154458999634
15 13 3.2234835624694824
22 6 1.340003490447998
20 8 1.8712706565856934
20 8 3.1022982597351074
19 9 2.4763143062591553
17 11 2.232361078262329
20 8 1.8941166400909424
16 12 4.9994001388549805
16 12 2.349055290222168
19 9 2.987117290496826
19 9 1.8973517417907715
13 15 3.2020974159240723
21 7 2.951014757156372
