98 0 4.514717102050781
98 0 4.469988822937012
98 0 4.501253843307495
98 0 4.45006251335144
98 0 4.418591260910034
98 0 4.500075578689575
98 0 4.449252367019653
98 0 4.54863166809082
98 0 4.597478151321411
98 0 4.412732362747192
98 0 4.461578130722046
98 0 5.138763666152954
98 0 4.467006206512451
98 0 4.633042812347412
98 0 4.4570252895355225
98 0 4.943174839019775
98 0 4.644220590591431
98 0 4.566405534744263
98 0 4.557530879974365
98 0 4.512779951095581
98 0 6.375932931900024
98 0 7.282641172409058
98 0 6.532285928726196
98 0 6.813580274581909
98 0 6.700510501861572
98 0 7.976308584213257
98 0 9.226039409637451
98 0 7.3936662673950195
98 0 6.965808629989624
98 0 7.312153577804565
98 0 8.0068039894104
98 0 8.257366180419922
98 0 7.625718355178833
98 0 7.663177251815796
98 0 7.83776593208313
98 0 7.861771821975708
98 0 7.911287307739258
98 0 8.18884563446045
98 0 8.060283422470093
98 0 7.95979380607605
98 0 7.888283729553223
98 0 8.050319910049438
98 0 7.932293653488159
98 0 9.892693042755127
98 0 7.927786111831665
98 0 7.944790601730347
98 0 7.397161245346069
98 0 7.147610425949097
98 0 7.015087366104126
98 0 7.520698308944702
98 0 7.667690277099609
98 0 7.286046266555786
98 0 7.063347339630127
98 0 7.118069887161255
98 0 6.942096471786499
98 0 7.627017498016357
98 0 7.439676284790039
98 0 7.278640270233154
98 0 7.25009298324585
98 0 7.702757120132446
98 0 6.958601236343384
98 0 7.276687145233154
98 0 7.402290344238281
98 0 6.86762261390686
98 0 6.71983790397644
98 0 6.846778869628906
98 0 7.061105489730835
98 0 7.120442867279053
98 0 6.428318977355957
98 0 6.70955228805542
98 0 6.60894775390625
98 0 6.541773080825806
98 0 6.610286235809326
98 0 6.769659996032715
98 0 6.94080924987793
98 0 6.501077175140381
98 0 6.799471855163574
98 0 6.911448001861572
98 0 7.097708702087402
98 0 6.854272842407227
98 0 6.993627071380615
98 0 6.685948848724365
98 0 6.530247449874878
98 0 6.312392711639404
98 0 6.553133487701416
98 0 4.532867431640625
98 0 4.599199056625366
98 0 4.601872205734253
98 0 4.5553138256073
