18 0 0.10802364349365234
18 0 0.10602283477783203
18 0 0.1090247631072998
18 0 0.10802483558654785
18 0 0.10767316818237305
18 0 0.11102557182312012
18 0 0.10802483558654785
18 0 0.10406827926635742
18 0 0.1070241928100586
18 0 0.10502409934997559
18 0 0.15203380584716797
18 0 0.17503929138183594
18 0 0.1200253963470459
18 0 0.15403437614440918
18 0 0.1490335464477539
18 0 0.11702537536621094
18 0 0.15703392028808594
18 0 0.1565413475036621
18 0 0.16103601455688477
18 0 0.11702585220336914
18 0 0.15903496742248535
18 0 0.15098118782043457
18 0 0.1780402660369873
18 0 0.16803956031799316
18 0 0.1580359935760498
18 0 0.16203594207763672
18 0 0.16103720664978027
18 0 0.1360304355621338
18 0 0.15503454208374023
18 0 0.13703060150146484
18 0 0.15003371238708496
18 0 0.19204449653625488
18 0 0.18104028701782227
18 0 0.1380307674407959
18 0 0.15403437614440918
18 0 0.17203879356384277
18 0 0.1400315761566162
18 0 0.15903544425964355
18 0 0.16603755950927734
18 0 0.15003347396850586
18 0 0.15613675117492676
18 0 0.1669631004333496
18 0 0.158980131149292
18 0 0.16603612899780273
18 0 0.16803789138793945
18 0 0.16403746604919434
18 0 0.15603399276733398
18 0 0.13102936744689941
18 0 0.167036771774292
18 0 0.1670386791229248
18 0 0.12102699279785156
18 0 0.13102936744689941
18 0 0.12302851676940918
18 0 0.1340336799621582
18 0 0.12107014656066895
18 0 0.11702442169189453
18 0 0.1890428066253662
18 0 0.12402677536010742
18 0 0.11902689933776855
18 0 0.13703155517578125
18 0 0.1690387725830078
18 0 0.13503050804138184
18 0 0.1270287036895752
18 0 0.13302898406982422
18 0 0.17303919792175293
18 0 0.11602544784545898
18 0 0.12102603912353516
18 0 0.16103577613830566
18 0 0.12802910804748535
18 0 0.13702917098999023
18 0 0.16403579711914062
18 0 0.15703463554382324
18 0 0.17703986167907715
18 0 0.14303159713745117
18 0 0.12802720069885254
18 0 0.16103482246398926
18 0 0.17504000663757324
18 0 0.17303705215454102
18 0 0.17403888702392578
18 0 0.17303800582885742
18 0 0.167036771774292
18 0 0.16103529930114746
18 0 0.15103363990783691
18 0 0.176039457321167
18 0 0.17303824424743652
18 0 0.1690371036529541
18 0 0.15403437614440918
18 0 0.1290280818939209
18 0 0.11902689933776855
18 0 0.17303776741027832
18 0 0.1690375804901123
18 0 0.16303634643554688
18 0 0.17403912544250488
18 0 0.13002824783325195
18 0 0.1200251579284668
18 0 0.1580352783203125
18 0 0.12402677536010742
18 0 0.15703487396240234
18 0 0.16603732109069824
18 0 0.13202977180480957
