5 0 0.0067446231842041016
5 0 0.009001970291137695
5 0 0.0069997310638427734
5 0 0.007002115249633789
5 0 0.011001348495483398
5 0 0.00800180435180664
5 0 0.007001161575317383
5 0 0.007001399993896484
5 0 0.007001399993896484
5 0 0.007001161575317383
5 0 0.01300358772277832
5 0 0.015003681182861328
5 0 0.011002302169799805
5 0 0.009001016616821289
5 0 0.014001846313476562
5 0 0.011001825332641602
5 0 0.009002447128295898
5 0 0.011002302169799805
5 0 0.013003110885620117
5 0 0.017003774642944336
5 0 0.008000373840332031
5 0 0.009001731872558594
5 0 0.007001399993896484
5 0 0.0110015869140625
5 0 0.011001825332641602
5 0 0.012002229690551758
5 0 0.01500248908996582
5 0 0.012002229690551758
5 0 0.011002063751220703
5 0 0.011002779006958008
5 0 0.01300191879272461
5 0 0.010001897811889648
5 0 0.010001182556152344
5 0 0.011002302169799805
5 0 0.007001638412475586
5 0 0.008001327514648438
5 0 0.010002613067626953
5 0 0.011002063751220703
5 0 0.013002872467041016
5 0 0.01000213623046875
5 0 0.010001897811889648
5 0 0.011002302169799805
5 0 0.010002374649047852
5 0 0.010001659393310547
5 0 0.011002540588378906
5 0 0.011003732681274414
5 0 0.011002302169799805
5 0 0.010002613067626953
5 0 0.012002706527709961
5 0 0.010003328323364258
5 0 0.011001348495483398
5 0 0.009000778198242188
5 0 0.008000612258911133
5 0 0.011002302169799805
5 0 0.010001897811889648
5 0 0.010001659393310547
5 0 0.0110015869140625
5 0 0.0110015869140625
5 0 0.011002063751220703
5 0 0.008002281188964844
5 0 0.008001565933227539
5 0 0.010001659393310547
5 0 0.008002281188964844
5 0 0.015002727508544922
5 0 0.011000633239746094
5 0 0.010002851486206055
5 0 0.008001565933227539
5 0 0.011001348495483398
5 0 0.01000213623046875
5 0 0.022002696990966797
