5 0 0.005602598190307617
5 0 0.00527191162109375
5 0 0.0050008296966552734
5 0 0.004944801330566406
5 0 0.0050008296966552734
5 0 0.005000591278076172
5 0 0.0050008296966552734
5 0 0.005001068115234375
5 0 0.005000591278076172
5 0 0.006000518798828125
5 0 0.00800180435180664
5 0 0.011001348495483398
5 0 0.006001710891723633
5 0 0.0060007572174072266
5 0 0.011003255844116211
5 0 0.009001493453979492
5 0 0.008001327514648438
5 0 0.006998538970947266
5 0 0.008001565933227539
5 0 0.009001970291137695
5 0 0.00600123405456543
5 0 0.008000612258911133
5 0 0.007001161575317383
5 0 0.006001472473144531
5 0 0.006001472473144531
5 0 0.008000850677490234
5 0 0.009001493453979492
5 0 0.008000612258911133
5 0 0.00500035285949707
5 0 0.006001472473144531
5 0 0.0050008296966552734
5 0 0.006000518798828125
5 0 0.00800013542175293
5 0 0.009000778198242188
5 0 0.009001731872558594
5 0 0.006000995635986328
5 0 0.00800180435180664
5 0 0.008001089096069336
5 0 0.008001565933227539
5 0 0.008001565933227539
5 0 0.006001472473144531
5 0 0.00800180435180664
5 0 0.008001565933227539
5 0 0.007001638412475586
5 0 0.00600123405456543
5 0 0.00800013542175293
5 0 0.008001565933227539
5 0 0.008001089096069336
5 0 0.008001327514648438
5 0 0.008002042770385742
5 0 0.008001327514648438
5 0 0.00800180435180664
5 0 0.008002519607543945
5 0 0.007001161575317383
5 0 0.006000995635986328
5 0 0.008001327514648438
5 0 0.008001565933227539
5 0 0.008001327514648438
5 0 0.00800180435180664
5 0 0.00800180435180664
5 0 0.009003162384033203
5 0 0.007000446319580078
5 0 0.00800180435180664
5 0 0.00800180435180664
5 0 0.008000612258911133
5 0 0.009000778198242188
5 0 0.00900125503540039
5 0 0.008001565933227539
5 0 0.006001472473144531
5 0 0.008001089096069336
