162 13 13.091962337493896
159 16 13.538724184036255
175 0 9.154303789138794
153 22 16.325761556625366
168 7 11.23663854598999
161 14 13.150132417678833
175 0 9.706188201904297
154 21 15.277725219726562
175 0 12.70486307144165
175 0 12.759551048278809
152 23 21.269782304763794
175 0 11.185026407241821
171 4 10.494932651519775
175 0 9.35321831703186
175 0 10.1107017993927
175 0 11.24748182296753
175 0 11.570507049560547
169 6 12.86853313446045
175 0 11.951858520507812
175 0 13.80071496963501
175 0 14.312570571899414
175 0 13.349987506866455
175 0 13.939418077468872
168 7 18.1245379447937
175 0 15.154749870300293
175 0 15.191144227981567
175 0 15.28536868095398
175 0 15.218430280685425
175 0 15.61851978302002
175 0 15.19063115119934
175 0 15.629490375518799
163 12 22.13708806037903
156 19 23.11325240135193
175 0 15.230542421340942
161 14 23.80585813522339
175 0 14.67530632019043
175 0 14.56723141670227
175 0 13.52204704284668
175 0 14.482619047164917
175 0 14.285513877868652
166 9 17.891714572906494
175 0 13.40401005744934
175 0 14.403502464294434
175 0 12.664982318878174
175 0 13.323845863342285
175 0 12.922308206558228
175 0 13.787800312042236
