447 43 170.93708109855652
447 43 181.71517968177795
437 53 217.49955487251282
447 43 204.12324261665344
450 40 157.41674900054932
455 35 154.3670482635498
427 63 215.788001537323
441 49 174.08753108978271
444 46 259.155868768692
437 53 239.03460836410522
452 38 240.58482217788696
440 50 262.97144508361816
447 43 246.0413999557495
422 68 276.75173163414
432 58 228.85531449317932
467 23 160.70527577400208
451 39 218.22212052345276
470 20 199.21270179748535
458 32 251.67979955673218
446 44 289.44558024406433
470 20 216.3337790966034
450 40 267.0359790325165
456 34 279.47491335868835
432 58 380.940847158432
457 33 256.8461563587189
434 56 305.5025727748871
466 24 196.3560492992401
425 65 266.26572036743164
446 44 204.42842507362366
465 25 175.1879539489746
449 41 228.09502935409546
472 18 188.74580550193787
440 50 305.48410630226135
454 36 285.47081661224365
455 35 256.4362602233887
431 59 283.86426424980164
451 39 221.7842092514038
442 48 245.73163104057312
430 60 238.1609604358673
465 25 206.4749093055725
430 60 285.7986264228821
429 61 285.6901831626892
466 24 194.50159907341003
439 51 232.43042993545532
452 38 204.098778963089
432 58 362.32769656181335
444 46 308.5068290233612
473 17 214.85191416740417
449 41 270.39434814453125
434 56 329.67333126068115
443 47 287.48961186408997
466 24 248.9655110836029
478 12 207.7259476184845
453 37 253.05381894111633
450 40 258.63827562332153
463 27 229.647616147995
463 27 221.263352394104
468 22 206.36591410636902
443 47 275.01914048194885
478 12 212.54032683372498
454 36 267.7397532463074
452 38 279.2066855430603
464 26 230.67377614974976
443 47 265.11781334877014
464 26 243.0658884048462
467 23 192.35103511810303
465 25 203.61794924736023
458 32 210.55236339569092
443 47 257.6007299423218
451 39 217.35553884506226
431 59 250.30116391181946
432 58 235.32611274719238
471 19 190.3958818912506
459 31 204.82439923286438
460 30 185.83868885040283
456 34 202.56176805496216
468 22 178.43272352218628
467 23 175.54991912841797
456 34 174.46020817756653
433 57 306.4952702522278
464 26 210.92668771743774
429 61 271.27692198753357
467 23 168.3689751625061
