4 94 9.76061487197876
4 94 9.877326488494873
4 94 10.218302011489868
4 94 10.08793044090271
4 94 9.906668901443481
4 94 9.984200239181519
4 94 9.770092487335205
4 94 10.102276802062988
4 94 10.98547625541687
4 94 9.83937954902649
4 94 10.124281883239746
4 94 10.341582298278809
4 94 10.33626103401184
4 94 11.116702795028687
4 94 9.925537347793579
4 94 11.315541744232178
4 94 10.656904458999634
4 94 10.653536558151245
4 94 10.32484769821167
4 94 9.949242353439331
4 94 15.444054126739502
4 94 15.837347984313965
4 94 17.02125906944275
4 94 17.08916211128235
