18 0 0.11868858337402344
18 0 0.12302613258361816
18 0 0.13002896308898926
18 0 0.12957096099853516
18 0 0.12302732467651367
18 0 0.12302732467651367
18 0 0.12202763557434082
18 0 0.13302993774414062
18 0 0.11902666091918945
18 0 0.1260392665863037
18 0 0.13503122329711914
18 0 0.1960430145263672
18 0 0.14403176307678223
18 0 0.1690380573272705
18 0 0.15303421020507812
18 0 0.19504332542419434
18 0 0.18454694747924805
18 0 0.1850419044494629
18 0 0.15003299713134766
18 0 0.16203737258911133
18 0 0.1870415210723877
18 0 0.12802839279174805
18 0 0.14493870735168457
18 0 0.2050466537475586
18 0 0.18104004859924316
18 0 0.1960444450378418
18 0 0.18804192543029785
18 0 0.15403509140014648
18 0 0.20004487037658691
18 0 0.13902950286865234
18 0 0.18204069137573242
18 0 0.1870410442352295
18 0 0.1690382957458496
18 0 0.1560354232788086
18 0 0.19104313850402832
18 0 0.20581960678100586
18 0 0.18504095077514648
18 0 0.17403936386108398
18 0 0.17903995513916016
18 0 0.15703582763671875
18 0 0.1859908103942871
18 0 0.17799973487854004
18 0 0.19050908088684082
18 0 0.17403960227966309
18 0 0.16003632545471191
18 0 0.16303610801696777
12 6 3.552800416946411
18 0 0.14603352546691895
18 0 0.1490325927734375
18 0 0.2250499725341797
18 0 0.14703083038330078
18 0 0.18604207038879395
18 0 0.21704816818237305
18 0 0.1600968837738037
18 0 0.13703083992004395
18 0 0.16303706169128418
18 0 0.15703630447387695
18 0 0.16603636741638184
18 0 0.14403223991394043
18 0 0.1890428066253662
18 0 0.14103126525878906
18 0 0.1670379638671875
18 0 0.14303183555603027
18 0 0.17203879356384277
18 0 0.1310291290283203
18 0 0.14803409576416016
18 0 0.13702988624572754
18 0 0.17203879356384277
18 0 0.13102960586547852
18 0 0.17503905296325684
