0 245 34.969791889190674
0 245 35.71386981010437
0 245 34.929628133773804
0 245 34.70175790786743
0 245 35.23896861076355
0 245 35.07627272605896
0 245 35.083091259002686
0 245 34.861427783966064
0 245 34.84964442253113
0 245 35.25570726394653
0 245 64.90400314331055
0 245 55.64143180847168
0 245 63.27183151245117
0 245 61.72570514678955
0 245 50.92147612571716
0 245 51.93782711029053
0 245 53.59135293960571
0 245 54.288007736206055
0 245 36.805418252944946
0 245 36.16650986671448
0 245 36.06665229797363
0 245 36.02978587150574
