32 0 0.23405170440673828
32 0 0.24071335792541504
32 0 0.24005365371704102
32 0 0.25005674362182617
32 0 0.247056245803833
32 0 0.23505306243896484
32 0 0.25905776023864746
32 0 0.24005436897277832
32 0 0.24005484580993652
32 0 0.24205541610717773
32 0 0.3810861110687256
32 0 0.33907604217529297
32 0 0.3250727653503418
32 0 0.3140695095062256
32 0 0.3320746421813965
32 0 0.3580808639526367
32 0 0.3070673942565918
32 0 0.33507347106933594
32 0 0.3560805320739746
32 0 0.39508819580078125
32 0 0.37108421325683594
32 0 0.3780839443206787
32 0 0.3670823574066162
32 0 0.355147123336792
32 0 0.3690822124481201
32 0 0.38729000091552734
32 0 0.3990898132324219
32 0 0.4050908088684082
32 0 0.38008546829223633
32 0 0.38208603858947754
32 0 0.3850865364074707
32 0 0.3940887451171875
32 0 0.3800852298736572
32 0 0.4050908088684082
32 0 0.4180941581726074
32 0 0.41109204292297363
32 0 0.3670830726623535
32 0 0.40409088134765625
32 0 0.39108800888061523
32 0 0.4430997371673584
32 0 0.3810865879058838
32 0 0.39708876609802246
32 0 0.3940887451171875
32 0 0.39708924293518066
32 0 0.38608717918395996
32 0 0.3740839958190918
32 0 0.38608884811401367
32 0 0.408550500869751
32 0 0.3970916271209717
32 0 0.38808703422546387
32 0 0.39708876609802246
32 0 0.45110344886779785
32 0 0.3780856132507324
32 0 0.4190940856933594
32 0 0.41109347343444824
32 0 0.46410465240478516
32 0 0.5071136951446533
32 0 0.40209078788757324
32 0 0.39508867263793945
32 0 0.3900878429412842
32 0 0.37908506393432617
32 0 0.36608195304870605
32 0 0.4581034183502197
32 0 0.3870871067047119
32 0 0.38208556175231934
32 0 0.39708900451660156
32 0 0.4030909538269043
32 0 0.3830859661102295
32 0 0.3830869197845459
32 0 0.3900878429412842
