33 65 3.867948293685913
33 65 3.6057915687561035
33 65 3.66074538230896
33 65 3.7181410789489746
33 65 3.617152690887451
33 65 3.6481215953826904
33 65 3.6049859523773193
33 65 3.6591272354125977
33 65 3.5926618576049805
33 65 3.7126169204711914
33 65 3.9548916816711426
33 65 3.6067593097686768
33 65 4.0099036693573
33 65 3.6488308906555176
33 65 3.688840627670288
33 65 3.7983765602111816
33 65 4.084920644760132
33 65 3.748845100402832
33 65 3.6357035636901855
33 65 3.7501821517944336
33 65 6.013034343719482
33 65 5.685854911804199
33 65 5.451307058334351
33 65 5.559526205062866
