40 0 0.22571706771850586
40 0 0.22207260131835938
40 0 0.2221219539642334
40 0 0.22410368919372559
40 0 0.24511194229125977
40 0 0.21110248565673828
40 0 0.2190408706665039
40 0 0.21714067459106445
40 0 0.21810221672058105
40 0 0.23330187797546387
40 0 0.30689501762390137
40 0 0.3161168098449707
40 0 0.27861928939819336
40 0 0.2771158218383789
40 0 0.2980327606201172
40 0 0.3252382278442383
40 0 0.29248714447021484
40 0 0.3461289405822754
40 0 0.3000352382659912
40 0 0.2983725070953369
40 0 0.348649263381958
40 0 0.3316819667816162
40 0 0.3367609977722168
40 0 0.2936851978302002
40 0 0.27489471435546875
40 0 0.33737921714782715
40 0 0.2540621757507324
40 0 0.3780941963195801
40 0 0.2730696201324463
40 0 0.30532312393188477
40 0 0.23505306243896484
40 0 0.32100415229797363
40 0 0.3290739059448242
40 0 0.3450784683227539
40 0 0.3590819835662842
40 0 0.2980666160583496
40 0 0.35708141326904297
40 0 0.33907628059387207
40 0 0.3490784168243408
40 0 0.3430776596069336
40 0 0.35707974433898926
40 0 0.3940880298614502
40 0 0.3200721740722656
40 0 0.36208128929138184
40 0 0.33907651901245117
40 0 0.34607768058776855
40 0 0.3361384868621826
40 0 0.32607293128967285
40 0 0.35107874870300293
40 0 0.30206751823425293
40 0 0.31306958198547363
40 0 0.3160710334777832
40 0 0.3410763740539551
40 0 0.327073335647583
40 0 0.3742506504058838
40 0 0.3340749740600586
40 0 0.3380913734436035
40 0 0.3810858726501465
40 0 0.3920884132385254
40 0 0.3650825023651123
40 0 0.3340749740600586
40 0 0.33107471466064453
40 0 0.3030681610107422
40 0 0.35307955741882324
40 0 0.3300740718841553
40 0 0.3920881748199463
40 0 0.3810858726501465
40 0 0.3606586456298828
40 0 0.3467748165130615
40 0 0.34600210189819336
