28 0 0.34307861328125
23 5 0.807183027267456
28 0 0.8261964321136475
28 0 0.35307979583740234
28 0 0.31707048416137695
28 0 0.3290739059448242
24 4 0.5521247386932373
24 4 0.5311188697814941
26 2 0.35908055305480957
28 0 0.3430767059326172
28 0 0.633141279220581
25 3 0.601104736328125
28 0 0.529184103012085
26 2 0.6949801445007324
26 2 0.6532027721405029
28 0 0.29900264739990234
28 0 0.5728435516357422
25 3 0.6770985126495361
28 0 0.5570180416107178
23 5 0.9399785995483398
28 0 0.46797871589660645
28 0 0.5909423828125
28 0 0.5326683521270752
28 0 0.5000672340393066
24 4 0.9739301204681396
28 0 0.6669564247131348
27 1 0.83127760887146
23 5 0.9560647010803223
26 2 0.4970126152038574
28 0 0.8428115844726562
25 3 0.8061819076538086
28 0 0.5319042205810547
28 0 0.5041136741638184
26 2 0.8213467597961426
28 0 0.7721731662750244
24 4 1.9738938808441162
25 3 0.6541461944580078
28 0 0.9750304222106934
28 0 0.9442124366760254
28 0 0.5301194190979004
28 0 0.46410298347473145
28 0 0.5341198444366455
24 4 1.1434733867645264
23 5 1.051236867904663
28 0 0.6471450328826904
26 2 0.8051815032958984
28 0 0.5371205806732178
27 1 0.8101813793182373
28 0 0.4090909957885742
23 5 0.905205249786377
28 0 0.7391178607940674
28 0 0.9492137432098389
28 0 0.9404001235961914
28 0 0.7510409355163574
28 0 0.7559363842010498
28 0 0.7110254764556885
27 1 0.748553991317749
28 0 0.7239658832550049
28 0 0.476107120513916
26 2 0.6328730583190918
28 0 0.7051422595977783
28 0 0.6928281784057617
28 0 0.9579641819000244
28 0 0.7032546997070312
26 2 0.6092097759246826
28 0 0.6471869945526123
28 0 0.7176792621612549
26 2 1.0055058002471924
28 0 0.5105991363525391
28 0 0.6065213680267334
