180 0 23.6246018409729
180 0 23.65234875679016
180 0 23.411879539489746
180 0 23.161431074142456
180 0 24.011430263519287
180 0 23.482311964035034
180 0 24.72410225868225
180 0 29.99119472503662
180 0 24.74888563156128
180 0 24.91734766960144
180 0 24.047417402267456
180 0 24.143786191940308
180 0 29.694191932678223
180 0 26.738025665283203
180 0 28.526429414749146
180 0 36.36593770980835
180 0 37.12288188934326
180 0 37.554288148880005
180 0 37.9105486869812
180 0 37.85588502883911
180 0 38.163002014160156
180 0 36.81737494468689
180 0 36.86056900024414
180 0 35.67738723754883
180 0 35.97090768814087
180 0 36.13444638252258
180 0 36.15371251106262
180 0 36.83831429481506
180 0 36.89194631576538
180 0 37.86695337295532
180 0 37.31779646873474
180 0 37.79053044319153
180 0 36.53516674041748
180 0 37.31628775596619
180 0 40.43874645233154
180 0 35.09275841712952
180 0 34.29624080657959
180 0 35.17770552635193
180 0 36.409090757369995
180 0 35.35503649711609
180 0 36.338552951812744
180 0 36.95616364479065
180 0 36.90972900390625
180 0 37.03173804283142
180 0 35.75902605056763
180 0 36.15078520774841
180 0 35.221147298812866
180 0 34.5154287815094
180 0 34.74458026885986
180 0 35.64104461669922
180 0 34.82927107810974
180 0 35.48853158950806
180 0 34.90495491027832
180 0 35.50061345100403
180 0 37.38860011100769
180 0 37.64160680770874
180 0 36.51883029937744
180 0 35.70765995979309
180 0 37.44709277153015
180 0 37.7388801574707
180 0 37.099692583084106
180 0 37.23124885559082
180 0 37.92139792442322
180 0 37.427470207214355
175 5 41.10210371017456
