8 0 0.02800583839416504
8 0 0.028005123138427734
8 0 0.02700495719909668
8 0 0.027005434036254883
8 0 0.02800607681274414
8 0 0.02600574493408203
8 0 0.02700519561767578
8 0 0.02700638771057129
8 0 0.026005268096923828
8 0 0.02700495719909668
8 0 0.03200721740722656
8 0 0.04401087760925293
8 0 0.03600811958312988
8 0 0.04601144790649414
8 0 0.03400778770446777
8 0 0.0680539608001709
8 0 0.04097390174865723
8 0 0.04401063919067383
8 0 0.04400968551635742
8 0 0.04400920867919922
8 0 0.04411625862121582
8 0 0.03600883483886719
8 0 0.04328799247741699
8 0 0.030005693435668945
8 0 0.04319906234741211
8 0 0.03200817108154297
8 0 0.043164968490600586
8 0 0.04400944709777832
8 0 0.04497194290161133
8 0 0.044008731842041016
8 0 0.041008949279785156
8 0 0.042032480239868164
8 0 0.040008544921875
8 0 0.04500889778137207
8 0 0.044010162353515625
8 0 0.03600764274597168
8 0 0.039008378982543945
8 0 0.03800821304321289
8 0 0.038008928298950195
8 0 0.04600977897644043
8 0 0.04301095008850098
8 0 0.043016910552978516
8 0 0.04300951957702637
8 0 0.03300642967224121
8 0 0.039008378982543945
8 0 0.04200863838195801
8 0 0.04200935363769531
8 0 0.0470125675201416
8 0 0.04501032829284668
8 0 0.03700828552246094
8 0 0.04507732391357422
8 0 0.04463672637939453
8 0 0.03978085517883301
8 0 0.03515338897705078
8 0 0.034650564193725586
8 0 0.04090428352355957
8 0 0.04385519027709961
8 0 0.04447746276855469
8 0 0.04497194290161133
8 0 0.03394031524658203
8 0 0.0370481014251709
8 0 0.043369293212890625
8 0 0.036596059799194336
8 0 0.04493093490600586
8 0 0.042723655700683594
8 0 0.042009592056274414
8 0 0.03387808799743652
8 0 0.04300975799560547
8 0 0.0408787727355957
8 0 0.038008689880371094
