75 23 13.347631216049194
74 24 12.986728429794312
67 31 14.001349687576294
81 17 10.969727754592896
68 30 11.025370121002197
74 24 12.048402786254883
79 19 10.243251323699951
71 27 13.10546612739563
76 22 12.13423204421997
67 31 10.056800603866577
79 19 9.787765979766846
72 26 12.667414903640747
72 26 10.208300590515137
66 32 13.727567911148071
74 24 11.443803310394287
75 23 10.24140477180481
72 26 11.671135663986206
74 24 11.085362195968628
83 15 12.665854692459106
74 24 11.514350652694702
75 23 15.631906986236572
80 18 20.310476779937744
76 22 18.201029300689697
86 12 17.416574001312256
70 28 9.828541040420532
78 20 9.196091651916504
65 33 12.411977529525757
70 28 9.78028130531311
