45 0 0.9731795787811279
45 0 1.0122654438018799
45 0 0.9825654029846191
45 0 1.0283546447753906
45 0 0.9242303371429443
45 0 0.9722416400909424
45 0 0.9862358570098877
45 0 0.972243070602417
45 0 0.9802432060241699
45 0 0.9780099391937256
45 0 1.3223316669464111
45 0 1.2765114307403564
45 0 1.0768771171569824
45 0 1.2062022686004639
45 0 1.3135108947753906
45 0 1.5831410884857178
45 0 1.5470037460327148
45 0 1.4261438846588135
45 0 1.4978229999542236
45 0 1.5139732360839844
45 0 1.5643515586853027
45 0 1.503251552581787
45 0 1.5613694190979004
45 0 1.4844207763671875
45 0 1.5905568599700928
45 0 1.4803707599639893
45 0 1.5846989154815674
45 0 1.5186550617218018
45 0 1.5638933181762695
45 0 1.57627534866333
45 0 1.635373592376709
45 0 1.5473723411560059
41 4 3.238741874694824
45 0 1.5853447914123535
45 0 1.543858289718628
45 0 1.5804684162139893
45 0 1.4977340698242188
45 0 1.5055606365203857
45 0 1.4601256847381592
45 0 1.5473434925079346
45 0 1.5753538608551025
45 0 1.5793538093566895
45 0 1.544325590133667
45 0 1.5164785385131836
45 0 1.4304285049438477
45 0 1.518958330154419
45 0 1.4150619506835938
45 0 1.5341577529907227
45 0 1.4771552085876465
45 0 1.5243093967437744
45 0 1.5303430557250977
45 0 1.5253417491912842
45 0 1.5477008819580078
45 0 1.5775387287139893
45 0 1.4160139560699463
45 0 1.4602234363555908
45 0 1.573483943939209
45 0 1.5822958946228027
45 0 1.396019458770752
45 0 1.4856009483337402
45 0 1.5345630645751953
45 0 1.5175225734710693
