125 0 10.378454208374023
125 0 9.905991315841675
125 0 10.02772569656372
125 0 9.795692920684814
125 0 10.044483661651611
125 0 10.081071615219116
125 0 10.06055736541748
125 0 10.60160493850708
125 0 10.18131136894226
125 0 10.431756496429443
125 0 16.0800142288208
125 0 15.409589290618896
125 0 15.475938081741333
125 0 14.777766704559326
125 0 14.930144309997559
125 0 15.652684450149536
125 0 15.440985679626465
125 0 15.830514907836914
125 0 15.70360279083252
125 0 15.508790969848633
125 0 15.527663707733154
125 0 15.43934965133667
125 0 15.375800848007202
125 0 15.857733964920044
125 0 15.128346920013428
125 0 15.792481184005737
125 0 15.217365980148315
125 0 15.596977949142456
125 0 15.179216146469116
125 0 15.540482521057129
115 10 22.873455286026
125 0 16.093848705291748
125 0 15.769152402877808
125 0 15.938496828079224
125 0 15.049665212631226
125 0 15.703541994094849
125 0 15.608138799667358
125 0 15.32735276222229
125 0 15.48169755935669
125 0 15.244147539138794
125 0 16.434512615203857
125 0 17.004287004470825
125 0 16.568478107452393
125 0 16.320196628570557
125 0 15.560903072357178
125 0 15.463733673095703
125 0 15.337158441543579
125 0 15.621533870697021
125 0 15.189875602722168
122 3 16.782346487045288
125 0 14.711830615997314
125 0 15.676385402679443
125 0 15.671580076217651
125 0 15.552101135253906
125 0 15.381547689437866
125 0 15.43907380104065
125 0 15.461384773254395
125 0 15.227782011032104
125 0 15.000744581222534
125 0 15.677513837814331
