5 15 0.05803823471069336
5 15 0.05851578712463379
5 15 0.06029486656188965
5 15 0.0590970516204834
5 15 0.06007099151611328
5 15 0.058837890625
5 15 0.059064626693725586
5 15 0.05811285972595215
5 15 0.06101417541503906
5 15 0.05901384353637695
5 15 0.09626030921936035
5 15 0.09604668617248535
5 15 0.09702253341674805
5 15 0.08704638481140137
5 15 0.08804059028625488
5 15 0.0834958553314209
5 15 0.09505605697631836
5 15 0.09508466720581055
5 15 0.1160268783569336
5 15 0.09049582481384277
5 15 0.09572863578796387
5 15 0.0911715030670166
5 15 0.08298635482788086
5 15 0.09202027320861816
5 15 0.09407258033752441
5 15 0.09102964401245117
5 15 0.0960390567779541
5 15 0.07734346389770508
5 15 0.08701944351196289
5 15 0.09502196311950684
5 15 0.09602141380310059
5 15 0.09202075004577637
5 15 0.09202075004577637
5 15 0.08401823043823242
5 15 0.0770115852355957
5 15 0.08187317848205566
5 15 0.08701968193054199
5 15 0.08001828193664551
5 15 0.09702253341674805
5 15 0.08905696868896484
5 15 0.0890195369720459
5 15 0.09202051162719727
5 15 0.07701730728149414
5 15 0.08701920509338379
5 15 0.09486174583435059
5 15 0.089019775390625
5 15 0.08201885223388672
5 15 0.09102010726928711
5 15 0.08301830291748047
5 15 0.08701944351196289
5 15 0.09002065658569336
5 15 0.09402060508728027
5 15 0.08301901817321777
5 15 0.09002017974853516
5 15 0.08501887321472168
5 15 0.08601880073547363
5 15 0.07601714134216309
5 15 0.08701944351196289
5 15 0.09102010726928711
5 15 0.10202503204345703
5 15 0.0840458869934082
5 15 0.07901716232299805
5 15 0.09302091598510742
5 15 0.08301782608032227
5 15 0.09102010726928711
5 15 0.06401371955871582
5 15 0.0890188217163086
5 15 0.09001994132995605
5 15 0.08301830291748047
5 15 0.0869746208190918
5 15 0.09202003479003906
5 15 0.07901811599731445
