180 0 14.245771169662476
180 0 14.321238279342651
180 0 15.588456153869629
180 0 14.539772748947144
180 0 15.249448299407959
180 0 14.744660139083862
180 0 14.879921674728394
180 0 15.837302446365356
180 0 15.436484098434448
180 0 15.859651803970337
180 0 24.261467933654785
180 0 23.782360076904297
180 0 24.29243302345276
180 0 20.807840824127197
180 0 21.561875343322754
180 0 21.151895761489868
180 0 23.24165940284729
180 0 22.67399024963379
180 0 21.617923259735107
180 0 19.7072651386261
180 0 17.307960987091064
180 0 20.153695106506348
180 0 19.546650886535645
180 0 19.35213351249695
180 0 20.761209726333618
180 0 20.160213708877563
180 0 19.020560026168823
180 0 19.039645195007324
180 0 20.331138134002686
180 0 19.62302565574646
180 0 18.690409183502197
180 0 20.110423803329468
180 0 18.163481950759888
180 0 19.237306356430054
180 0 19.016382455825806
180 0 21.843231678009033
180 0 20.748446702957153
180 0 21.43099021911621
180 0 20.758955717086792
180 0 23.68402409553528
180 0 24.501317024230957
180 0 23.503170490264893
180 0 27.078850507736206
180 0 26.069813013076782
180 0 22.95426082611084
180 0 22.56851577758789
180 0 22.981342554092407
180 0 24.840141534805298
180 0 22.977548837661743
180 0 24.8690128326416
180 0 23.174715280532837
180 0 22.511064291000366
180 0 23.939077854156494
180 0 22.01396131515503
180 0 23.215859174728394
180 0 23.045313358306885
180 0 21.89343762397766
180 0 21.74327039718628
180 0 22.31252384185791
180 0 19.656849145889282
180 0 21.18121361732483
180 0 19.926424980163574
180 0 20.92809510231018
