10 0 0.03603172302246094
10 0 0.03716635704040527
10 0 0.04401230812072754
10 0 0.03400731086730957
10 0 0.03200793266296387
10 0 0.03400611877441406
10 0 0.03942584991455078
10 0 0.034008026123046875
10 0 0.03400731086730957
10 0 0.03600811958312988
10 0 0.04950094223022461
10 0 0.056012630462646484
10 0 0.05001044273376465
10 0 0.049010276794433594
10 0 0.05101156234741211
10 0 0.0400090217590332
10 0 0.061014413833618164
10 0 0.04600977897644043
10 0 0.04601097106933594
10 0 0.057012081146240234
10 0 0.038008928298950195
10 0 0.047010183334350586
10 0 0.050011396408081055
10 0 0.037008047103881836
10 0 0.03900933265686035
10 0 0.04300951957702637
10 0 0.04801058769226074
10 0 0.042009830474853516
10 0 0.04501008987426758
10 0 0.05501294136047363
10 0 0.0580141544342041
10 0 0.05501365661621094
10 0 0.0400090217590332
10 0 0.05301070213317871
10 0 0.052011728286743164
10 0 0.04835772514343262
10 0 0.052147865295410156
10 0 0.044010162353515625
10 0 0.05501222610473633
10 0 0.0490109920501709
10 0 0.03800845146179199
10 0 0.05001091957092285
10 0 0.05201148986816406
10 0 0.052011728286743164
10 0 0.042009830474853516
10 0 0.060013771057128906
10 0 0.05101180076599121
10 0 0.056012630462646484
10 0 0.05001068115234375
10 0 0.057013511657714844
10 0 0.057013750076293945
10 0 0.039008378982543945
10 0 0.06401538848876953
10 0 0.05601239204406738
10 0 0.04600954055786133
10 0 0.06001734733581543
10 0 0.052010536193847656
10 0 0.05901312828063965
10 0 0.051990509033203125
10 0 0.05301213264465332
10 0 0.04100823402404785
10 0 0.0400087833404541
10 0 0.056015968322753906
10 0 0.057012081146240234
10 0 0.053997039794921875
10 0 0.0478978157043457
10 0 0.05701255798339844
10 0 0.058013200759887695
10 0 0.04400897026062012
10 0 0.05401182174682617
