20 0 0.1690382957458496
20 0 0.22805118560791016
18 2 0.28206300735473633
20 0 0.20804691314697266
18 2 0.22092318534851074
18 2 0.23105216026306152
20 0 0.12302708625793457
20 0 0.20204544067382812
20 0 0.1670372486114502
18 2 0.32607388496398926
18 2 0.26979875564575195
20 0 0.2803349494934082
20 0 0.2343003749847412
20 0 0.24009180068969727
20 0 0.23731589317321777
20 0 0.20576858520507812
20 0 0.20972037315368652
20 0 0.21715092658996582
20 0 0.17258572578430176
20 0 0.2691471576690674
18 2 0.3560795783996582
20 0 0.25673961639404297
18 2 0.3598811626434326
20 0 0.2438185214996338
20 0 0.29706621170043945
20 0 0.29692888259887695
20 0 0.17580795288085938
20 0 0.3804144859313965
18 2 0.37909936904907227
18 2 0.28665971755981445
18 2 0.3180713653564453
20 0 0.2870638370513916
20 0 0.23461222648620605
20 0 0.2960665225982666
18 2 0.24397969245910645
18 2 0.401090145111084
20 0 0.2250509262084961
20 0 0.32807374000549316
20 0 0.26421618461608887
20 0 0.19304347038269043
16 4 0.5531234741210938
20 0 0.23905420303344727
20 0 0.2540581226348877
18 2 0.46910524368286133
20 0 0.349078893661499
18 2 0.3250737190246582
18 2 0.24005341529846191
18 2 0.37108325958251953
20 0 0.20304560661315918
18 2 0.36808252334594727
20 0 0.2180492877960205
20 0 0.2890663146972656
20 0 0.20104598999023438
18 2 0.3146071434020996
20 0 0.34207749366760254
20 0 0.20804643630981445
20 0 0.19704437255859375
20 0 0.24005341529846191
20 0 0.15703511238098145
20 0 0.1960437297821045
20 0 0.19504404067993164
18 2 0.3140721321105957
18 2 0.30944299697875977
20 0 0.2862515449523926
18 2 0.27306103706359863
18 2 0.33907604217529297
20 0 0.3545854091644287
20 0 0.20404648780822754
20 0 0.29006528854370117
20 0 0.21004605293273926
20 0 0.13202905654907227
