20 0 0.18854355812072754
20 0 0.19909954071044922
20 0 0.177093505859375
20 0 0.19810080528259277
20 0 0.1902604103088379
20 0 0.19610190391540527
20 0 0.1862936019897461
20 0 0.18709182739257812
20 0 0.20016694068908691
20 0 0.20907950401306152
20 0 0.21494221687316895
20 0 0.20304536819458008
20 0 0.19948840141296387
20 0 0.19642043113708496
20 0 0.19404363632202148
20 0 0.27006030082702637
20 0 0.1874072551727295
20 0 0.1874556541442871
20 0 0.20204567909240723
20 0 0.2191908359527588
20 0 0.20164084434509277
20 0 0.20570874214172363
20 0 0.23963189125061035
20 0 0.23105072975158691
20 0 0.21204733848571777
20 0 0.21358084678649902
20 0 0.20293569564819336
20 0 0.19341421127319336
20 0 0.2302994728088379
20 0 0.20156240463256836
20 0 0.2380533218383789
20 0 0.24405550956726074
20 0 0.2109222412109375
20 0 0.20104098320007324
20 0 0.21294808387756348
20 0 0.2568044662475586
20 0 0.21679162979125977
20 0 0.2300257682800293
20 0 0.21704840660095215
20 0 0.27266478538513184
20 0 0.25611257553100586
20 0 0.27921366691589355
20 0 0.2646491527557373
20 0 0.28399062156677246
20 0 0.2594137191772461
20 0 0.32337260246276855
20 0 0.2952544689178467
20 0 0.2799224853515625
20 0 0.3019287586212158
20 0 0.2850637435913086
20 0 0.2836461067199707
20 0 0.2852621078491211
20 0 0.3066396713256836
20 0 0.2793407440185547
20 0 0.31320643424987793
20 0 0.263397216796875
20 0 0.2781226634979248
20 0 0.2959859371185303
20 0 0.298067569732666
20 0 0.30220675468444824
