8 0 0.04301047325134277
8 0 0.06401419639587402
8 0 0.11302614212036133
6 2 0.3070688247680664
8 0 0.12202715873718262
8 0 0.09502983093261719
6 2 0.12703156471252441
8 0 0.09502124786376953
6 2 0.1200263500213623
8 0 0.04400968551635742
6 2 0.3269081115722656
6 2 0.26755356788635254
6 2 0.11513137817382812
8 0 0.15903782844543457
6 2 0.23293757438659668
6 2 0.156998872756958
8 0 0.13691377639770508
6 2 0.2229921817779541
6 2 0.14586782455444336
6 2 0.20112061500549316
8 0 0.0610811710357666
8 0 0.11702752113342285
6 2 0.19021010398864746
6 2 0.14492368698120117
8 0 0.07401752471923828
8 0 0.05893993377685547
6 2 0.12096166610717773
6 2 0.13701319694519043
6 2 0.15528178215026855
8 0 0.1409623622894287
8 0 0.07101631164550781
8 0 0.2550699710845947
6 2 0.17619872093200684
6 2 0.18904399871826172
6 2 0.21004748344421387
6 2 0.18504095077514648
8 0 0.03900909423828125
6 2 0.20904803276062012
6 2 0.15203475952148438
6 2 0.2670598030090332
8 0 0.08501887321472168
6 2 0.17303872108459473
8 0 0.13103008270263672
6 2 0.14006733894348145
6 2 0.1850426197052002
8 0 0.15203285217285156
8 0 0.13275885581970215
6 2 0.21704888343811035
8 0 0.08501982688903809
6 2 0.22004961967468262
8 0 0.05141592025756836
8 0 0.0653378963470459
6 2 0.17767620086669922
6 2 0.1495530605316162
8 0 0.05020499229431152
8 0 0.07064580917358398
6 2 0.19192886352539062
8 0 0.07479453086853027
8 0 0.07428312301635742
6 2 0.16129326820373535
6 2 0.20860886573791504
6 2 0.22675824165344238
8 0 0.09229922294616699
6 2 0.1763012409210205
6 2 0.18848967552185059
8 0 0.06264829635620117
6 2 0.3067922592163086
8 0 0.09202051162719727
8 0 0.1180262565612793
8 0 0.16803765296936035
