28 0 0.14403080940246582
28 0 0.14103126525878906
28 0 0.13302946090698242
28 0 0.14403343200683594
28 0 0.13605499267578125
28 0 0.13302898406982422
28 0 0.13002848625183105
28 0 0.13002896308898926
28 0 0.12402749061584473
28 0 0.13703060150146484
28 0 0.21896791458129883
28 0 0.15700864791870117
28 0 0.22894811630249023
28 0 0.21375179290771484
28 0 0.22891592979431152
28 0 0.18899083137512207
28 0 0.21498656272888184
28 0 0.19698309898376465
28 0 0.22098374366760254
28 0 0.22311043739318848
28 0 0.18934321403503418
28 0 0.23503637313842773
28 0 0.1829969882965088
28 0 0.1726853847503662
28 0 0.2090470790863037
28 0 0.1600360870361328
28 0 0.2058854103088379
28 0 0.18041491508483887
28 0 0.20307183265686035
28 0 0.2214350700378418
28 0 0.21704745292663574
28 0 0.19204330444335938
28 0 0.19104647636413574
28 0 0.20306730270385742
28 0 0.20204567909240723
28 0 0.2050461769104004
28 0 0.20304584503173828
28 0 0.1960442066192627
28 0 0.21104764938354492
28 0 0.19204258918762207
28 0 0.22204971313476562
28 0 0.22305011749267578
28 0 0.185957670211792
28 0 0.19304394721984863
28 0 0.18804168701171875
28 0 0.20904755592346191
28 0 0.20504546165466309
28 0 0.18104124069213867
28 0 0.20304560661315918
28 0 0.2090468406677246
28 0 0.1762838363647461
28 0 0.20618343353271484
28 0 0.21297144889831543
28 0 0.20432209968566895
28 0 0.1953294277191162
28 0 0.19917941093444824
28 0 0.21963095664978027
28 0 0.2090466022491455
28 0 0.2101738452911377
28 0 0.2093830108642578
28 0 0.21027112007141113
28 0 0.2230510711669922
28 0 0.2229006290435791
28 0 0.1895122528076172
28 0 0.20765328407287598
28 0 0.18759703636169434
28 0 0.19692301750183105
28 0 0.18692541122436523
28 0 0.1897270679473877
28 0 0.20337224006652832
28 0 0.21204733848571777
28 0 0.15103387832641602
28 0 0.18204021453857422
28 0 0.20304608345031738
28 0 0.21704888343811035
28 0 0.14203166961669922
28 0 0.2090468406677246
28 0 0.22405028343200684
28 0 0.16303586959838867
28 0 0.21704864501953125
28 0 0.19504499435424805
28 0 0.2070467472076416
28 0 0.2050459384918213
28 0 0.21504831314086914
28 0 0.21304821968078613
28 0 0.16803765296936035
28 0 0.1580352783203125
28 0 0.21104741096496582
28 0 0.21004724502563477
28 0 0.17103815078735352
28 0 0.176039457321167
28 0 0.1560354232788086
28 0 0.15003442764282227
28 0 0.20104527473449707
28 0 0.20304560661315918
28 0 0.2050461769104004
28 0 0.19504332542419434
28 0 0.2360529899597168
28 0 0.15903544425964355
28 0 0.22605037689208984
