180 0 9.147655725479126
180 0 9.237687587738037
180 0 9.257541418075562
180 0 9.434134006500244
180 0 9.271885871887207
180 0 9.176128387451172
180 0 9.125804424285889
180 0 9.06542706489563
180 0 9.178074836730957
180 0 9.173751831054688
180 0 15.588701248168945
180 0 15.198242425918579
180 0 14.6484956741333
180 0 13.126675367355347
180 0 13.563071489334106
180 0 13.261348724365234
180 0 13.88520097732544
180 0 13.687796592712402
180 0 13.358692407608032
180 0 12.338979005813599
180 0 11.479006052017212
180 0 11.862603664398193
180 0 12.82292914390564
180 0 11.885247945785522
180 0 11.738444328308105
173 7 13.226312398910522
180 0 12.082226753234863
180 0 11.971662998199463
180 0 11.695237159729004
180 0 11.831252336502075
180 0 11.699130535125732
180 0 11.836490869522095
180 0 11.979041576385498
180 0 12.249731302261353
180 0 12.698448181152344
180 0 13.577871561050415
180 0 13.43826150894165
180 0 14.080029010772705
180 0 13.753336906433105
180 0 15.2819242477417
180 0 15.26210904121399
180 0 14.966372966766357
180 0 15.262439727783203
180 0 15.587589263916016
180 0 15.222720861434937
180 0 14.906423807144165
180 0 15.583825588226318
180 0 15.206833600997925
180 0 14.313338279724121
180 0 15.314451217651367
180 0 14.333886623382568
180 0 14.120989084243774
180 0 15.281958818435669
180 0 13.32000207901001
180 0 14.179810523986816
180 0 13.747974634170532
180 0 13.859268426895142
180 0 13.736482620239258
180 0 14.04686713218689
180 0 12.35118317604065
180 0 12.974634408950806
180 0 12.488052606582642
180 0 12.940162420272827
180 0 12.419291019439697
180 0 12.583414554595947
180 0 13.083640575408936
180 0 12.846843957901001
180 0 12.47083306312561
180 0 12.287703037261963
180 0 13.256600379943848
