245 0 32.4103729724884
245 0 33.79486584663391
245 0 32.77179265022278
245 0 32.22549605369568
245 0 31.751177549362183
245 0 33.60963678359985
245 0 32.211475133895874
245 0 34.286001443862915
245 0 33.32992887496948
245 0 34.54584050178528
245 0 47.55551481246948
245 0 40.27587962150574
245 0 45.248244762420654
245 0 44.63580250740051
245 0 55.32588863372803
245 0 41.77742266654968
245 0 47.066256523132324
245 0 47.172101736068726
245 0 44.610984563827515
245 0 42.67550849914551
245 0 45.10300827026367
245 0 47.386284828186035
245 0 49.845441818237305
245 0 48.70378923416138
245 0 59.644869327545166
245 0 57.16871762275696
245 0 56.94447374343872
245 0 56.05858302116394
245 0 53.91225504875183
245 0 51.76918029785156
245 0 52.650519132614136
245 0 51.074007749557495
245 0 53.547603130340576
245 0 50.08427333831787
