20 0 0.05004453659057617
20 0 0.053076744079589844
20 0 0.05103445053100586
20 0 0.0550382137298584
20 0 0.054018259048461914
20 0 0.05718588829040527
20 0 0.05002236366271973
20 0 0.058080196380615234
20 0 0.05401182174682617
20 0 0.05601191520690918
20 0 0.07346200942993164
20 0 0.07804250717163086
20 0 0.0690155029296875
20 0 0.07204127311706543
20 0 0.0670466423034668
20 0 0.08605289459228516
20 0 0.08204293251037598
20 0 0.08805036544799805
20 0 0.1040349006652832
20 0 0.0720522403717041
20 0 0.08792662620544434
20 0 0.09279036521911621
20 0 0.08114242553710938
20 0 0.09002065658569336
20 0 0.07026267051696777
20 0 0.06696653366088867
20 0 0.08493685722351074
20 0 0.07094454765319824
20 0 0.07801699638366699
20 0 0.08301806449890137
20 0 0.09102010726928711
20 0 0.08301877975463867
20 0 0.08601832389831543
20 0 0.0800178050994873
20 0 0.08401870727539062
20 0 0.08102560043334961
20 0 0.07701754570007324
20 0 0.09902215003967285
20 0 0.07201552391052246
20 0 0.07502269744873047
20 0 0.0800178050994873
20 0 0.09302163124084473
20 0 0.07601714134216309
20 0 0.06401419639587402
20 0 0.0832054615020752
20 0 0.0830225944519043
20 0 0.08101820945739746
18 2 0.3120687007904053
20 0 0.09702157974243164
20 0 0.08501935005187988
20 0 0.09402203559875488
20 0 0.07401609420776367
20 0 0.07101607322692871
20 0 0.08001828193664551
20 0 0.0780174732208252
20 0 0.06701540946960449
20 0 0.0890200138092041
20 0 0.06501412391662598
20 0 0.06201362609863281
20 0 0.08402299880981445
20 0 0.08202815055847168
20 0 0.07501626014709473
20 0 0.0690162181854248
20 0 0.09002089500427246
20 0 0.0800178050994873
20 0 0.07501673698425293
20 0 0.08101797103881836
20 0 0.0890202522277832
20 0 0.09502077102661133
20 0 0.06804823875427246
20 0 0.07201671600341797
20 0 0.06401443481445312
