112 0 3.0426859855651855
112 0 2.8091628551483154
112 0 2.88765025138855
108 4 4.377995252609253
112 0 3.0631086826324463
112 0 2.8496415615081787
112 0 2.9976823329925537
112 0 2.9816346168518066
112 0 2.857269048690796
112 0 2.7476537227630615
112 0 5.906342029571533
112 0 4.9331114292144775
112 0 4.5680296421051025
112 0 4.63104248046875
112 0 4.632513046264648
112 0 4.653048515319824
112 0 4.399616479873657
112 0 4.622014045715332
112 0 4.355865240097046
112 0 4.541939973831177
112 0 4.56702995300293
112 0 4.743068218231201
112 0 4.615039587020874
112 0 4.39699649810791
112 0 4.322046756744385
112 0 4.3500707149505615
112 0 4.336165189743042
112 0 4.571892023086548
112 0 4.21531081199646
112 0 4.379828214645386
112 0 4.159329891204834
112 0 4.523887395858765
112 0 4.046003580093384
112 0 4.327202320098877
112 0 4.123809099197388
112 0 4.16329550743103
112 0 4.205953598022461
112 0 4.658982992172241
112 0 4.339921236038208
112 0 3.981217861175537
102 10 6.079493284225464
112 0 4.202953577041626
112 0 4.0053417682647705
112 0 4.414608478546143
112 0 4.251309871673584
112 0 4.349893808364868
112 0 4.32404088973999
112 0 3.9655332565307617
112 0 3.7114713191986084
112 0 3.762662887573242
112 0 4.351069688796997
112 0 3.754533290863037
112 0 4.06099534034729
112 0 3.146406888961792
112 0 3.2485456466674805
112 0 4.2043211460113525
112 0 3.3967957496643066
112 0 3.7760870456695557
112 0 4.1114821434021
112 0 3.273055076599121
112 0 3.3010759353637695
112 0 3.49279522895813
112 0 3.9075396060943604
112 0 3.8125486373901367
112 0 3.4002232551574707
112 0 3.810290575027466
112 0 3.6741607189178467
112 0 4.040167331695557
112 0 3.867757558822632
112 0 3.852055788040161
