98 0 4.325320243835449
98 0 4.401594400405884
98 0 4.4635584354400635
98 0 4.3580121994018555
98 0 4.3421995639801025
98 0 4.471676826477051
98 0 4.493535757064819
98 0 4.2534568309783936
98 0 4.413150310516357
98 0 4.359075307846069
98 0 4.4119932651519775
98 0 4.685020923614502
98 0 4.316005706787109
98 0 4.409213066101074
98 0 4.3769776821136475
98 0 4.744069814682007
98 0 4.491848468780518
98 0 4.265090703964233
98 0 4.6701953411102295
98 0 4.42226243019104
98 0 6.307420492172241
96 2 7.151236057281494
96 2 7.226953983306885
98 0 6.043362617492676
98 0 6.263411998748779
98 0 7.693203687667847
98 0 7.422673225402832
98 0 7.0320916175842285
98 0 7.099705696105957
98 0 6.941564321517944
98 0 7.762219429016113
98 0 7.577706813812256
98 0 7.649471759796143
98 0 7.435180902481079
98 0 8.765480279922485
96 2 8.069271326065063
98 0 7.762752056121826
98 0 9.175573348999023
98 0 7.477686166763306
98 0 7.896284341812134
96 2 8.334326982498169
98 0 9.125056266784668
96 2 8.384333848953247
98 0 9.178574562072754
98 0 7.990802049636841
98 0 7.7392494678497314
98 0 7.5402116775512695
98 0 7.202766180038452
98 0 7.013580560684204
98 0 7.672946453094482
96 2 7.80075740814209
98 0 7.012300968170166
98 0 7.078083515167236
96 2 7.358804702758789
98 0 6.883902072906494
98 0 6.951566696166992
98 0 7.606714248657227
98 0 7.245632886886597
98 0 7.134120464324951
98 0 7.301410436630249
98 0 7.134984016418457
98 0 7.032223463058472
98 0 7.229695796966553
98 0 6.737308502197266
98 0 6.580502986907959
98 0 6.778713941574097
98 0 7.067736864089966
98 0 6.920446157455444
96 2 7.0757057666778564
98 0 6.607066869735718
98 0 6.402305603027344
98 0 6.639615297317505
98 0 6.5319414138793945
98 0 6.330277681350708
98 0 6.867576360702515
98 0 6.683316469192505
98 0 6.883327484130859
98 0 6.780200242996216
98 0 6.461576461791992
98 0 6.727077007293701
98 0 6.627115726470947
98 0 6.730264186859131
98 0 6.332351446151733
98 0 5.937464237213135
98 0 6.621967554092407
