335 25 75.23223781585693
337 23 98.44229340553284
341 19 75.0958743095398
337 23 92.67256355285645
354 6 84.97830557823181
340 20 233.98770308494568
334 26 108.45580577850342
319 41 146.74198937416077
354 6 97.81831336021423
346 14 97.6742730140686
339 21 78.65046501159668
347 13 86.60591864585876
341 19 62.04156231880188
338 22 79.29724788665771
346 14 96.96088671684265
345 15 89.5283522605896
342 18 91.24126720428467
341 19 85.29444813728333
336 24 96.95399641990662
335 25 93.0036985874176
331 29 105.07315945625305
338 22 92.74743223190308
351 9 76.56908559799194
346 14 87.57118725776672
348 12 87.99902987480164
339 21 126.80125403404236
354 6 99.25716638565063
332 28 131.71336245536804
348 12 111.88263487815857
348 12 101.3295567035675
343 17 99.73180937767029
351 9 91.24165558815002
340 20 103.6634681224823
333 27 110.94811844825745
339 21 93.74722290039062
338 22 87.28776121139526
339 21 92.57695841789246
350 10 80.33618664741516
335 25 105.65892028808594
333 27 92.28589200973511
327 33 115.34394931793213
341 19 97.66196584701538
332 28 109.28084969520569
334 26 92.3877809047699
330 30 147.02088499069214
360 0 91.8952796459198
347 13 105.5904369354248
334 26 120.92262291908264
340 20 115.9978837966919
333 27 119.41649150848389
333 27 108.88942503929138
354 6 89.18129205703735
340 20 115.00923728942871
333 27 130.33254075050354
360 0 93.17851161956787
