171 9 31.18251872062683
171 9 35.53783202171326
170 10 32.298303842544556
175 5 30.355647802352905
171 9 31.300081729888916
176 4 29.38064455986023
176 4 28.089524507522583
172 8 31.93384885787964
169 11 45.842844009399414
178 2 40.32445526123047
176 4 34.16892600059509
169 11 36.03529334068298
174 6 32.74738001823425
176 4 32.93228197097778
176 4 42.29977631568909
177 3 34.48877215385437
167 13 47.87973427772522
172 8 49.02499008178711
170 10 41.20923852920532
178 2 48.31083083152771
167 13 47.714696407318115
180 0 33.254162549972534
178 2 32.67032504081726
176 4 32.1081976890564
174 6 32.12720060348511
178 2 30.286789178848267
169 11 33.31146740913391
170 10 33.9786171913147
176 4 32.90437698364258
174 6 32.736340045928955
180 0 30.67887783050537
176 4 31.194992542266846
176 4 35.33792018890381
173 7 34.23567509651184
176 4 31.806008100509644
174 6 31.749141693115234
180 0 38.984763860702515
174 6 36.73952603340149
172 8 37.33914065361023
173 7 35.178417921066284
175 5 34.48788666725159
