1 27 0.10702323913574219
1 27 0.11002421379089355
1 27 0.11002397537231445
1 27 0.11002445220947266
1 27 0.10702371597290039
1 27 0.1080482006072998
1 27 0.10802388191223145
1 27 0.10702371597290039
1 27 0.11002373695373535
1 27 0.10902571678161621
1 27 0.18301749229431152
1 27 0.1829390525817871
1 27 0.1530132293701172
1 27 0.18689393997192383
1 27 0.1310868263244629
1 27 0.1229257583618164
1 27 0.17301344871520996
1 27 0.1749436855316162
1 27 0.1709902286529541
1 27 0.18801045417785645
1 27 0.14099979400634766
1 27 0.17745757102966309
1 27 0.14189362525939941
1 27 0.1822221279144287
1 27 0.16902947425842285
1 27 0.18203997611999512
1 27 0.1683495044708252
1 27 0.17450428009033203
1 27 0.17508435249328613
1 27 0.16797852516174316
1 27 0.17103815078735352
1 27 0.16403675079345703
1 27 0.1670379638671875
1 27 0.18104028701782227
1 27 0.18404102325439453
1 27 0.16003656387329102
1 27 0.17803955078125
1 27 0.15903592109680176
1 27 0.1780402660369873
1 27 0.17804384231567383
1 27 0.16603779792785645
1 27 0.18304109573364258
1 27 0.17203783988952637
1 27 0.17505145072937012
1 27 0.16603732109069824
1 27 0.1650376319885254
1 27 0.19304418563842773
1 27 0.16603779792785645
1 27 0.17403960227966309
1 27 0.16403698921203613
1 27 0.17506837844848633
1 27 0.17710661888122559
1 27 0.17469334602355957
1 27 0.20204496383666992
1 27 0.18425488471984863
1 27 0.18508481979370117
1 27 0.15731000900268555
1 27 0.1709132194519043
1 27 0.1854548454284668
1 27 0.19804072380065918
1 27 0.17206954956054688
1 27 0.1819608211517334
1 27 0.17627453804016113
1 27 0.1849675178527832
1 27 0.13506221771240234
1 27 0.1751103401184082
1 27 0.16697096824645996
1 27 0.18689727783203125
1 27 0.17561864852905273
1 27 0.18680667877197266
