18 2 0.2960672378540039
18 2 0.3993046283721924
20 0 0.2320866584777832
18 2 0.38608694076538086
20 0 0.39508938789367676
18 2 0.3590810298919678
20 0 0.4381890296936035
20 0 0.25705742835998535
18 2 0.3810863494873047
20 0 0.2710609436035156
20 0 0.16103601455688477
18 2 0.336137056350708
18 2 0.28121185302734375
20 0 0.29006481170654297
20 0 0.23377227783203125
20 0 0.2277538776397705
18 2 0.42409539222717285
20 0 0.1580345630645752
18 2 0.37508392333984375
18 2 0.35707950592041016
20 0 0.24408197402954102
18 2 0.3891880512237549
18 2 0.2980670928955078
20 0 0.23722004890441895
20 0 0.2547144889831543
20 0 0.26806092262268066
18 2 0.3505845069885254
18 2 0.28806638717651367
20 0 0.17606830596923828
18 2 0.29309725761413574
18 2 0.3010683059692383
18 2 0.31320905685424805
20 0 0.273923397064209
18 2 0.3581125736236572
20 0 0.2720613479614258
18 2 0.32939672470092773
20 0 0.17732501029968262
18 2 0.3740854263305664
18 2 0.3540804386138916
20 0 0.2890658378601074
18 2 0.34424757957458496
18 2 0.3380763530731201
20 0 0.20607876777648926
20 0 0.2540550231933594
18 2 0.3320467472076416
20 0 0.2572448253631592
18 2 0.3308224678039551
18 2 0.3300740718841553
18 2 0.35705089569091797
20 0 0.20617294311523438
18 2 0.363081693649292
20 0 0.21175789833068848
20 0 0.20571422576904297
18 2 0.3580803871154785
20 0 0.27208876609802246
18 2 0.3320746421813965
18 2 0.409041166305542
20 0 0.24809527397155762
18 2 0.2872788906097412
18 2 0.40460705757141113
18 2 0.289064884185791
20 0 0.2940661907196045
20 0 0.1480863094329834
20 0 0.16403603553771973
20 0 0.19504356384277344
20 0 0.23209667205810547
18 2 0.38889050483703613
20 0 0.21104812622070312
20 0 0.22646522521972656
18 2 0.3413422107696533
