343 0 63.07201361656189
343 0 71.9537410736084
343 0 58.4151554107666
343 0 58.46689558029175
343 0 80.46010279655457
343 0 90.26839470863342
343 0 89.99513268470764
328 15 79.66395926475525
343 0 77.22641253471375
343 0 89.27984523773193
343 0 78.46568369865417
343 0 80.56715631484985
343 0 67.54422211647034
343 0 68.03333353996277
343 0 71.82218647003174
343 0 71.6171407699585
339 4 77.90746092796326
343 0 75.51293897628784
343 0 69.85606479644775
343 0 68.77124881744385
343 0 78.02761459350586
343 0 78.04167032241821
343 0 76.03236079216003
343 0 66.92948508262634
343 0 69.50549054145813
