245 0 23.75238871574402
245 0 23.73331570625305
242 3 23.764323711395264
245 0 24.294326782226562
245 0 23.41329598426819
245 0 23.94069504737854
245 0 22.939187049865723
245 0 23.45935869216919
245 0 24.05448889732361
232 13 28.008334159851074
240 5 34.12015175819397
245 0 29.300583124160767
245 0 29.230592012405396
245 0 29.579760551452637
245 0 38.27848792076111
245 0 30.535902500152588
245 0 31.111181259155273
245 0 30.812460899353027
245 0 30.728106021881104
240 5 32.757232904434204
245 0 33.051979064941406
245 0 32.700897455215454
245 0 36.01650547981262
242 3 37.28720951080322
245 0 39.14725136756897
245 0 40.640886545181274
245 0 39.01091504096985
245 0 39.73427653312683
245 0 39.040446281433105
245 0 37.67152762413025
245 0 37.55923533439636
239 6 37.55568528175354
245 0 36.617780447006226
245 0 34.148332834243774
245 0 34.2815887928009
245 0 34.65611171722412
245 0 33.85751438140869
245 0 34.645604848861694
245 0 33.99269509315491
245 0 35.27649116516113
245 0 33.72362685203552
245 0 33.34097766876221
245 0 34.33121991157532
245 0 34.02311372756958
245 0 33.01763391494751
245 0 30.45585584640503
245 0 31.239397525787354
245 0 28.367759466171265
245 0 30.77260971069336
245 0 32.50119948387146
245 0 31.059998989105225
245 0 34.023667097091675
245 0 33.62257790565491
245 0 32.95242643356323
245 0 34.50128650665283
245 0 35.37689280509949
245 0 36.414456605911255
245 0 35.95750856399536
245 0 35.1788489818573
245 0 33.72259593009949
245 0 31.723764419555664
245 0 32.0575053691864
245 0 32.23535418510437
245 0 33.00751614570618
245 0 32.079225301742554
245 0 32.77311444282532
245 0 35.89306616783142
245 0 33.80827879905701
245 0 35.81371450424194
245 0 35.5793993473053
245 0 35.71321487426758
245 0 35.27444386482239
245 0 37.007556676864624
245 0 35.77334547042847
245 0 34.913920879364014
