40 0 0.3670222759246826
40 0 0.37992167472839355
40 0 0.3851463794708252
40 0 0.33643627166748047
40 0 0.37014055252075195
40 0 0.3617513179779053
40 0 0.41015005111694336
40 0 0.38214826583862305
40 0 0.42313647270202637
40 0 0.3481483459472656
40 0 0.49016547203063965
40 0 0.5077342987060547
40 0 0.5234215259552002
40 0 0.6296947002410889
40 0 0.4832651615142822
40 0 0.5530800819396973
40 0 0.5179579257965088
40 0 0.5009357929229736
40 0 0.4576261043548584
40 0 0.559638500213623
40 0 0.5184187889099121
40 0 0.582794189453125
40 0 0.4470338821411133
40 0 0.5379548072814941
40 0 0.5044629573822021
40 0 0.5494639873504639
40 0 0.6121525764465332
40 0 0.5082182884216309
40 0 0.4790658950805664
40 0 0.5133144855499268
40 0 0.6671504974365234
40 0 0.47710490226745605
40 0 0.4901089668273926
40 0 0.4591031074523926
40 0 0.5181167125701904
40 0 0.5341198444366455
40 0 0.6151390075683594
40 0 0.5203189849853516
40 0 0.5781309604644775
40 0 0.5441226959228516
40 0 0.4991121292114258
40 0 0.5631253719329834
40 0 0.5401210784912109
40 0 0.5631270408630371
40 0 0.5759923458099365
40 0 0.600135087966919
40 0 0.46610403060913086
40 0 0.5241179466247559
40 0 0.5191161632537842
40 0 0.5091156959533691
40 0 0.5201165676116943
40 0 0.550123929977417
40 0 0.4951303005218506
40 0 0.5201170444488525
40 0 0.5581262111663818
40 0 0.5511319637298584
40 0 0.5811309814453125
40 0 0.5491232872009277
40 0 0.5311183929443359
40 0 0.6051363945007324
40 0 0.5388405323028564
40 0 0.5571253299713135
40 0 0.5971343517303467
40 0 0.6051347255706787
40 0 0.5851354598999023
40 0 0.5445773601531982
40 0 0.6121280193328857
40 0 0.596358060836792
40 0 0.5139954090118408
40 0 0.6080312728881836
40 0 0.479107141494751
40 0 0.5501241683959961
40 0 0.5641262531280518
40 0 0.389087438583374
40 0 0.6101369857788086
40 0 0.4871096611022949
40 0 0.5081136226654053
40 0 0.6081373691558838
40 0 0.5401227474212646
40 0 0.4581029415130615
40 0 0.5411214828491211
40 0 0.5651288032531738
40 0 0.6191401481628418
40 0 0.7001574039459229
40 0 0.46410393714904785
40 0 0.5431222915649414
40 0 0.5671274662017822
40 0 0.40409111976623535
40 0 0.5851318836212158
40 0 0.5861325263977051
40 0 0.3830854892730713
40 0 0.4831087589263916
40 0 0.43309783935546875
40 0 0.6351430416107178
40 0 0.4991123676300049
40 0 0.5851325988769531
40 0 0.5211172103881836
40 0 0.4180946350097656
40 0 0.4451003074645996
40 0 0.47510600090026855
