153 27 376.5459439754486
107 73 361.67459297180176
117 63 251.4128544330597
129 51 415.4833209514618
110 70 331.6250009536743
125 55 305.9396390914917
137 43 374.57117676734924
155 25 364.6072266101837
173 7 566.389518737793
126 54 351.22901701927185
167 13 294.3886470794678
150 30 400.40573143959045
165 15 445.4203839302063
172 8 362.62206387519836
113 67 412.5874836444855
114 66 344.67679500579834
167 13 309.7775044441223
150 30 338.16586804389954
88 92 339.3411314487457
171 9 367.775506734848
101 79 375.2961914539337
161 19 389.2267665863037
133 47 414.9297230243683
164 16 292.00186705589294
107 73 428.91755771636963
135 45 365.06332516670227
129 51 366.35862469673157
169 11 360.82769989967346
134 46 414.0089821815491
85 95 318.52965331077576
73 107 438.7902853488922
142 38 312.3257713317871
154 26 281.1027798652649
162 18 340.9914174079895
105 75 286.80413818359375
165 15 428.6915988922119
169 11 366.2409243583679
167 13 384.210586309433
113 67 362.94294023513794
134 46 338.5868442058563
146 34 366.7464780807495
