8 0 0.03500843048095703
8 0 0.033007144927978516
8 0 0.035007476806640625
8 0 0.03500795364379883
8 0 0.0400083065032959
8 0 0.03200697898864746
8 0 0.033006906509399414
8 0 0.033010005950927734
8 0 0.03300666809082031
8 0 0.03600740432739258
8 0 0.05292487144470215
8 0 0.05698704719543457
8 0 0.05087637901306152
8 0 0.05696749687194824
8 0 0.05931282043457031
8 0 0.03200697898864746
8 0 0.05295848846435547
8 0 0.06351423263549805
8 0 0.058973073959350586
8 0 0.05201244354248047
8 0 0.0589449405670166
8 0 0.08802151679992676
8 0 0.03400754928588867
8 0 0.050893306732177734
8 0 0.04000997543334961
8 0 0.04801225662231445
8 0 0.050852060317993164
8 0 0.05293393135070801
8 0 0.05001235008239746
8 0 0.0490109920501709
8 0 0.0400090217590332
8 0 0.059027671813964844
8 0 0.052011728286743164
8 0 0.05901193618774414
8 0 0.05301165580749512
8 0 0.06201338768005371
8 0 0.04601025581359863
8 0 0.04801154136657715
8 0 0.05701184272766113
8 0 0.06401371955871582
8 0 0.04701399803161621
8 0 0.06314516067504883
8 0 0.045009613037109375
8 0 0.04500985145568848
8 0 0.05401206016540527
8 0 0.06401419639587402
8 0 0.05101156234741211
8 0 0.07501697540283203
8 0 0.055260419845581055
8 0 0.05184793472290039
8 0 0.052550315856933594
8 0 0.04250359535217285
8 0 0.05479240417480469
8 0 0.05327916145324707
8 0 0.048583030700683594
8 0 0.039483070373535156
8 0 0.054212331771850586
8 0 0.046033620834350586
8 0 0.05401182174682617
8 0 0.04540848731994629
8 0 0.03521990776062012
8 0 0.05202317237854004
8 0 0.04517698287963867
8 0 0.07063031196594238
8 0 0.05501222610473633
8 0 0.07001590728759766
8 0 0.04701066017150879
8 0 0.04501056671142578
8 0 0.054010868072509766
8 0 0.050011396408081055
8 0 0.056011199951171875
8 0 0.05001091957092285
8 0 0.04500913619995117
8 0 0.06101250648498535
8 0 0.047010183334350586
8 0 0.04500937461853027
8 0 0.057012319564819336
8 0 0.05301189422607422
8 0 0.046010732650756836
8 0 0.05501079559326172
8 0 0.060013532638549805
8 0 0.04600954055786133
8 0 0.05601215362548828
8 0 0.053009748458862305
8 0 0.050011634826660156
8 0 0.05301237106323242
8 0 0.05301213264465332
8 0 0.05401110649108887
8 0 0.05901217460632324
8 0 0.05201125144958496
8 0 0.051010847091674805
8 0 0.05501198768615723
8 0 0.05301022529602051
8 0 0.05301046371459961
8 0 0.05201148986816406
8 0 0.04901003837585449
