45 0 0.5709562301635742
45 0 0.5662691593170166
45 0 0.5601918697357178
45 0 0.6081960201263428
45 0 0.5711791515350342
45 0 0.5542237758636475
45 0 0.5722203254699707
45 0 0.5594613552093506
45 0 0.5972049236297607
45 0 0.5532858371734619
45 0 0.726468563079834
45 0 0.8286468982696533
45 0 0.6614265441894531
45 0 0.6749155521392822
45 0 0.7641720771789551
45 0 0.7281639575958252
45 0 0.6091375350952148
45 0 0.7408454418182373
45 0 0.7071592807769775
45 0 0.7771739959716797
45 0 0.7301628589630127
45 0 0.7971563339233398
45 0 0.7987735271453857
45 0 0.8081817626953125
45 0 0.6681523323059082
45 0 0.7231621742248535
45 0 0.6171391010284424
45 0 0.7781352996826172
45 0 0.8520517349243164
45 0 0.6151387691497803
45 0 0.775174617767334
45 0 0.6031346321105957
45 0 0.6931579113006592
45 0 0.8531923294067383
45 0 0.7321646213531494
45 0 0.7976863384246826
45 0 0.8107151985168457
45 0 0.8181843757629395
45 0 0.9612159729003906
45 0 0.8354651927947998
45 0 0.8921999931335449
45 0 0.8141837120056152
45 0 1.0107345581054688
45 0 0.9222078323364258
45 0 0.9772195816040039
45 0 0.896202564239502
45 0 0.9692180156707764
45 0 0.9902215003967285
45 0 0.9752194881439209
45 0 0.9672176837921143
45 0 0.9022035598754883
45 0 0.8861989974975586
45 0 0.983076810836792
45 0 0.9402120113372803
45 0 1.0562376976013184
45 0 1.0872457027435303
45 0 0.9682178497314453
45 0 0.9862210750579834
45 0 1.0972473621368408
45 0 0.9182133674621582
45 0 0.9332103729248047
45 0 0.8892002105712891
45 0 0.8791980743408203
45 0 0.9192075729370117
45 0 0.8902006149291992
45 0 0.9182069301605225
45 0 0.9363536834716797
45 0 0.8811993598937988
45 0 0.9172065258026123
45 0 0.9042034149169922
45 0 0.8882002830505371
45 0 0.965216875076294
45 0 0.9312100410461426
45 0 0.9002029895782471
45 0 0.7331652641296387
45 0 0.6121377944946289
45 0 0.8371891975402832
45 0 0.7701733112335205
45 0 0.6891553401947021
45 0 0.6701507568359375
45 0 0.8311858177185059
45 0 0.9282090663909912
45 0 0.7671725749969482
45 0 0.7891778945922852
45 0 0.7801759243011475
45 0 0.9172065258026123
45 0 0.7311649322509766
45 0 0.9032032489776611
45 0 0.8952021598815918
45 0 0.9762203693389893
45 0 0.8301870822906494
45 0 0.7941787242889404
45 0 0.7911779880523682
45 0 0.8421897888183594
45 0 0.7821762561798096
45 0 0.8011801242828369
45 0 0.8171837329864502
45 0 0.9532146453857422
45 0 0.8181836605072021
45 0 0.8932006359100342
45 0 0.8751978874206543
45 0 0.8011808395385742
45 0 0.7811756134033203
45 0 0.8541924953460693
