43 0 0.48625731468200684
43 0 0.48528265953063965
43 0 0.5013785362243652
43 0 0.47068047523498535
43 0 0.47171568870544434
43 0 0.4863884449005127
43 0 0.47080397605895996
43 0 0.4844081401824951
43 0 0.4707753658294678
43 0 0.5000288486480713
43 0 0.7756175994873047
43 0 0.7731738090515137
43 0 0.7661726474761963
43 0 0.7911779880523682
43 0 0.776174783706665
43 0 0.7681727409362793
43 0 0.7461683750152588
43 0 0.7911779880523682
43 0 0.7681729793548584
43 0 0.7711734771728516
43 0 1.174264907836914
43 0 1.233276605606079
43 0 0.8461909294128418
43 0 0.8691956996917725
43 0 0.8491895198822021
43 0 0.7801752090454102
43 0 0.9302103519439697
43 0 0.7921786308288574
43 0 0.8131833076477051
43 0 0.8881995677947998
43 0 0.8121829032897949
43 0 0.8071815967559814
43 0 0.8781981468200684
43 0 0.876197099685669
43 0 1.1462576389312744
43 0 1.013228178024292
43 0 1.0992474555969238
43 0 0.9582157135009766
43 0 1.038233757019043
43 0 0.8121833801269531
43 0 0.8241851329803467
43 0 0.8121829032897949
43 0 0.9802210330963135
43 0 1.0502376556396484
43 0 0.8061816692352295
43 0 1.0412347316741943
43 0 0.7416751384735107
43 0 0.7539846897125244
43 0 0.7631731033325195
43 0 0.878197193145752
43 0 0.8651952743530273
43 0 0.9442129135131836
43 0 1.2052712440490723
43 0 0.8581931591033936
43 0 1.2922909259796143
43 0 1.0942456722259521
43 0 1.0012249946594238
43 0 0.9132053852081299
43 0 1.2452809810638428
43 0 1.0932462215423584
43 0 0.9762194156646729
43 0 0.9972248077392578
43 0 1.1562597751617432
43 0 0.9612166881561279
43 0 0.8531920909881592
43 0 0.8521919250488281
43 0 1.0462348461151123
43 0 1.1572604179382324
43 0 0.9952242374420166
43 0 1.1132497787475586
