122 3 6.182583332061768
125 0 5.667370796203613
122 3 6.008053541183472
125 0 5.702289581298828
125 0 5.736126184463501
125 0 5.799311637878418
125 0 5.573248624801636
125 0 5.561528205871582
125 0 5.6424572467803955
121 4 6.143215179443359
125 0 9.444601058959961
125 0 14.590794563293457
121 4 11.955199241638184
125 0 10.45286250114441
125 0 10.339329957962036
125 0 9.749654054641724
125 0 9.000170946121216
125 0 9.119055271148682
125 0 9.491138458251953
125 0 8.617616653442383
125 0 8.909565448760986
125 0 9.096433877944946
122 3 11.168697118759155
123 2 9.414121627807617
125 0 9.135058641433716
125 0 8.812889099121094
120 5 10.012222290039062
125 0 8.099835872650146
125 0 8.001808643341064
125 0 8.857401609420776
125 0 8.619637727737427
125 0 8.616478204727173
125 0 8.345927238464355
125 0 8.644086599349976
125 0 8.348825216293335
125 0 8.795690536499023
125 0 9.005322456359863
125 0 7.945937395095825
125 0 8.70290207862854
125 0 9.114359617233276
125 0 7.975162506103516
122 3 9.162333011627197
123 2 9.672740697860718
122 3 8.460236072540283
125 0 7.512285470962524
125 0 7.60236382484436
125 0 8.061978816986084
125 0 7.476704120635986
125 0 7.117167949676514
125 0 7.228029012680054
125 0 7.56055212020874
125 0 7.215664863586426
125 0 7.0210511684417725
125 0 7.598609685897827
125 0 8.18411660194397
125 0 7.001183032989502
123 2 7.524070739746094
125 0 6.867114067077637
123 2 7.738494634628296
125 0 7.34905743598938
125 0 6.836272954940796
125 0 6.922855854034424
125 0 7.853564739227295
125 0 7.060379981994629
125 0 7.406216382980347
125 0 7.212027072906494
125 0 7.598049163818359
125 0 7.012083530426025
125 0 7.3939268589019775
123 2 7.997913837432861
