8 0 0.025005817413330078
8 0 0.027005434036254883
8 0 0.026005983352661133
8 0 0.027005910873413086
8 0 0.02600574493408203
8 0 0.026005983352661133
8 0 0.026004552841186523
8 0 0.028006315231323242
8 0 0.026005268096923828
8 0 0.02600550651550293
8 0 0.04201030731201172
8 0 0.04201030731201172
8 0 0.026006460189819336
8 0 0.042009592056274414
8 0 0.04200911521911621
8 0 0.041823387145996094
8 0 0.0380091667175293
8 0 0.04200935363769531
8 0 0.041205406188964844
8 0 0.030007123947143555
8 0 0.038008689880371094
8 0 0.03400707244873047
8 0 0.030005931854248047
8 0 0.04201006889343262
8 0 0.04000997543334961
8 0 0.04200935363769531
8 0 0.04200935363769531
8 0 0.04201030731201172
8 0 0.040009260177612305
8 0 0.042009830474853516
8 0 0.04501032829284668
8 0 0.04200935363769531
8 0 0.03801321983337402
8 0 0.037009239196777344
8 0 0.029005765914916992
8 0 0.03500771522521973
8 0 0.03700733184814453
8 0 0.04300975799560547
8 0 0.040009498596191406
8 0 0.04100918769836426
8 0 0.03200674057006836
8 0 0.043009281158447266
8 0 0.03700876235961914
8 0 0.04301023483276367
8 0 0.03500771522521973
8 0 0.0400090217590332
8 0 0.04200935363769531
8 0 0.045008182525634766
8 0 0.041008949279785156
8 0 0.03500699996948242
8 0 0.042009592056274414
8 0 0.042008399963378906
8 0 0.04062771797180176
8 0 0.03040313720703125
8 0 0.04468035697937012
8 0 0.033570051193237305
8 0 0.03231549263000488
8 0 0.03597259521484375
8 0 0.04246807098388672
8 0 0.04293107986450195
8 0 0.04138684272766113
8 0 0.04237961769104004
8 0 0.04240226745605469
8 0 0.04221177101135254
8 0 0.04104876518249512
8 0 0.0428767204284668
8 0 0.03430795669555664
8 0 0.04100918769836426
8 0 0.04300951957702637
8 0 0.04300975799560547
