63 0 1.2322778701782227
63 0 1.3513154983520508
63 0 1.4623298645019531
63 0 1.2774457931518555
63 0 1.384312391281128
63 0 1.2459776401519775
63 0 1.4733309745788574
63 0 1.2862896919250488
63 0 1.2112736701965332
63 0 1.2447102069854736
63 0 1.7636706829071045
63 0 1.7704274654388428
63 0 1.7413928508758545
63 0 1.9479281902313232
63 0 1.7343909740447998
63 0 1.771052598953247
63 0 1.7313907146453857
63 0 1.9604411125183105
63 0 2.1715404987335205
63 0 1.8954253196716309
63 0 2.0586841106414795
63 0 2.001450777053833
63 0 2.159992218017578
63 0 2.062464714050293
63 0 2.000450849533081
63 0 2.64306640625
63 0 2.4815595149993896
63 0 2.012911081314087
63 0 2.1424825191497803
63 0 2.860150098800659
63 0 2.4305477142333984
63 0 2.2000012397766113
63 0 2.1990010738372803
63 0 2.7916293144226074
63 0 2.5845823287963867
63 0 2.173490047454834
63 0 2.099472999572754
63 0 2.2054977416992188
63 0 2.0579683780670166
63 0 2.9021575450897217
63 0 2.7001137733459473
63 0 2.788627862930298
63 0 2.572084665298462
63 0 2.5075650215148926
63 0 2.5185673236846924
63 0 2.1404824256896973
63 0 2.0434601306915283
63 0 2.3899941444396973
63 0 2.4275479316711426
63 0 2.6816041469573975
63 0 2.6215903759002686
63 0 2.026920795440674
63 0 2.086470365524292
63 0 2.125478506088257
63 0 2.314521074295044
63 0 2.3825366497039795
63 0 3.051687717437744
63 0 2.2955172061920166
63 0 2.6495964527130127
63 0 2.9126555919647217
63 0 2.6656010150909424
63 0 2.7226123809814453
63 0 2.4305472373962402
63 0 2.7861335277557373
63 0 3.010680913925171
63 0 2.1534852981567383
63 0 2.7046093940734863
63 0 2.462554931640625
63 0 2.451552629470825
63 0 2.6806037425994873
63 0 2.831636667251587
63 0 2.751620054244995
