7 0 0.027005672454833984
7 0 0.0290067195892334
7 0 0.03199028968811035
7 0 0.024016141891479492
7 0 0.031006336212158203
7 0 0.02800583839416504
7 0 0.026006460189819336
7 0 0.02600550651550293
7 0 0.025005578994750977
7 0 0.025005817413330078
7 0 0.04300951957702637
7 0 0.042009592056274414
7 0 0.041008949279785156
7 0 0.04300951957702637
7 0 0.046010494232177734
7 0 0.04200911521911621
7 0 0.03400754928588867
7 0 0.035007476806640625
7 0 0.04201006889343262
7 0 0.06301426887512207
7 0 0.0400083065032959
7 0 0.03600621223449707
7 0 0.04400968551635742
7 0 0.029006242752075195
7 0 0.039008140563964844
7 0 0.04101276397705078
7 0 0.03500771522521973
7 0 0.04701042175292969
7 0 0.03600811958312988
7 0 0.04100990295410156
7 0 0.038007259368896484
7 0 0.044010162353515625
7 0 0.05101132392883301
7 0 0.038008928298950195
7 0 0.03000783920288086
7 0 0.04700970649719238
7 0 0.04100751876831055
7 0 0.04100942611694336
7 0 0.04300975799560547
7 0 0.04601025581359863
7 0 0.03400731086730957
7 0 0.03900861740112305
7 0 0.043009042739868164
7 0 0.03400731086730957
7 0 0.03600764274597168
7 0 0.036008596420288086
7 0 0.041010141372680664
7 0 0.03700900077819824
7 0 0.04501032829284668
7 0 0.04200911521911621
7 0 0.031006813049316406
7 0 0.033007144927978516
7 0 0.05701327323913574
7 0 0.041008949279785156
7 0 0.04300975799560547
7 0 0.03000617027282715
7 0 0.0380091667175293
7 0 0.03300738334655762
7 0 0.0400087833404541
7 0 0.0400090217590332
7 0 0.044010162353515625
7 0 0.031006813049316406
7 0 0.03700828552246094
7 0 0.04201030731201172
7 0 0.04501008987426758
7 0 0.033011436462402344
7 0 0.03301072120666504
7 0 0.040007829666137695
7 0 0.03700852394104004
7 0 0.03005385398864746
