10 0 0.0220034122467041
10 0 0.023004770278930664
10 0 0.02100515365600586
10 0 0.04200887680053711
10 0 0.02800583839416504
10 0 0.0200040340423584
10 0 0.024004220962524414
10 0 0.022005558013916016
10 0 0.025005578994750977
10 0 0.024004459381103516
10 0 0.06401515007019043
10 0 0.06801509857177734
10 0 0.05201148986816406
10 0 0.030006885528564453
10 0 0.040009260177612305
10 0 0.045011281967163086
10 0 0.038007497787475586
10 0 0.06401395797729492
10 0 0.04201006889343262
10 0 0.03700828552246094
10 0 0.027005910873413086
10 0 0.03000617027282715
10 0 0.024005651473999023
10 0 0.03200650215148926
10 0 0.03500843048095703
10 0 0.03000640869140625
10 0 0.03301072120666504
10 0 0.02697300910949707
10 0 0.04297327995300293
10 0 0.03200674057006836
10 0 0.034996986389160156
10 0 0.048010826110839844
10 0 0.037008047103881836
10 0 0.028004884719848633
10 0 0.04200863838195801
10 0 0.024004459381103516
10 0 0.034006595611572266
10 0 0.0290071964263916
10 0 0.038008689880371094
10 0 0.03800845146179199
10 0 0.03500771522521973
10 0 0.03400754928588867
10 0 0.05001115798950195
10 0 0.033006906509399414
10 0 0.04600858688354492
10 0 0.060013532638549805
10 0 0.03400707244873047
10 0 0.03600811958312988
10 0 0.033007144927978516
10 0 0.040008544921875
10 0 0.030008316040039062
10 0 0.03100752830505371
10 0 0.031006574630737305
10 0 0.03900766372680664
10 0 0.029006481170654297
10 0 0.02600550651550293
10 0 0.042009830474853516
10 0 0.04601001739501953
10 0 0.03000664710998535
10 0 0.027005434036254883
10 0 0.03500819206237793
10 0 0.03300833702087402
10 0 0.019004106521606445
10 0 0.0490109920501709
10 0 0.03200721740722656
10 0 0.05201101303100586
10 0 0.10802388191223145
10 0 0.06801366806030273
10 0 0.03300619125366211
10 0 0.033007144927978516
10 0 0.031007051467895508
10 0 0.035007476806640625
10 0 0.02800583839416504
10 0 0.04801034927368164
10 0 0.0400087833404541
10 0 0.06301307678222656
10 0 0.037008047103881836
10 0 0.027005672454833984
10 0 0.03800845146179199
10 0 0.03700852394104004
10 0 0.031006574630737305
10 0 0.04100942611694336
10 0 0.04400944709777832
10 0 0.03800821304321289
10 0 0.03700852394104004
10 0 0.04300999641418457
10 0 0.03100752830505371
10 0 0.0400087833404541
10 0 0.04701066017150879
10 0 0.0290067195892334
10 0 0.028005361557006836
10 0 0.034008026123046875
10 0 0.05101132392883301
10 0 0.05901384353637695
10 0 0.03300738334655762
10 0 0.0290067195892334
10 0 0.039008140563964844
10 0 0.03700852394104004
10 0 0.04501008987426758
10 0 0.026005983352661133
