5 0 0.01800370216369629
5 0 0.01200246810913086
5 0 0.011002540588378906
5 0 0.013002634048461914
5 0 0.014003515243530273
5 0 0.013002395629882812
5 0 0.013002634048461914
5 0 0.013002395629882812
5 0 0.013002634048461914
5 0 0.012001752853393555
5 0 0.025005102157592773
5 0 0.021004676818847656
5 0 0.02100515365600586
5 0 0.023006677627563477
5 0 0.01700448989868164
5 0 0.014005184173583984
5 0 0.024005889892578125
5 0 0.022005081176757812
5 0 0.018004179000854492
5 0 0.014003992080688477
5 0 0.01702427864074707
5 0 0.0290067195892334
5 0 0.015003681182861328
5 0 0.0200040340423584
5 0 0.02100515365600586
5 0 0.022004365921020508
5 0 0.019003629684448242
5 0 0.012002706527709961
5 0 0.019004106521606445
5 0 0.02300548553466797
5 0 0.013003110885620117
5 0 0.0200040340423584
5 0 0.01800370216369629
5 0 0.02100372314453125
5 0 0.019004106521606445
5 0 0.02100396156311035
5 0 0.020004749298095703
5 0 0.021004915237426758
5 0 0.0200045108795166
5 0 0.016000032424926758
5 0 0.02200484275817871
5 0 0.02600574493408203
5 0 0.015003442764282227
5 0 0.013003110885620117
5 0 0.01800370216369629
5 0 0.01700305938720703
5 0 0.0200045108795166
5 0 0.017002582550048828
5 0 0.013002634048461914
5 0 0.018004655838012695
5 0 0.013002157211303711
5 0 0.023004770278930664
5 0 0.02200484275817871
5 0 0.019003868103027344
5 0 0.013003110885620117
5 0 0.018004417419433594
5 0 0.01600360870361328
5 0 0.019004106521606445
5 0 0.01800370216369629
5 0 0.021004438400268555
5 0 0.0200040340423584
5 0 0.01900506019592285
5 0 0.01900482177734375
5 0 0.021004438400268555
5 0 0.014002799987792969
5 0 0.02700638771057129
5 0 0.01800370216369629
5 0 0.02300572395324707
5 0 0.018004417419433594
5 0 0.01800394058227539
