242 10 30.257807731628418
247 5 25.057233095169067
249 3 25.706496477127075
252 0 24.09743070602417
240 12 28.910515069961548
252 0 30.202759981155396
238 14 29.828853845596313
242 10 29.985812664031982
248 4 24.780009984970093
252 0 24.89361023902893
230 22 53.00222563743591
247 5 36.094584465026855
252 0 32.934953451156616
241 11 40.68171405792236
243 9 37.42715525627136
244 8 33.69185137748718
248 4 31.290578842163086
241 11 33.274561405181885
248 4 35.26728677749634
250 2 30.973979234695435
242 10 39.18383193016052
249 3 33.36351776123047
242 10 41.09188747406006
243 9 39.50882863998413
247 5 36.69367599487305
252 0 34.027098655700684
246 6 34.99238681793213
238 14 43.5237717628479
228 24 52.53195858001709
244 8 35.49984121322632
240 12 40.0627760887146
243 9 38.73685932159424
252 0 34.941471576690674
250 2 34.96694564819336
235 17 47.39184021949768
239 13 43.52238702774048
234 18 48.273088693618774
220 32 52.76173520088196
234 18 42.273276805877686
243 9 32.96591305732727
235 17 36.1867778301239
252 0 27.51928687095642
245 7 33.72160005569458
237 15 38.34264159202576
252 0 30.674912452697754
241 11 35.230939626693726
236 16 40.05202555656433
248 4 30.47786855697632
235 17 43.81074261665344
241 11 36.67903757095337
244 8 34.629817485809326
242 10 31.65728783607483
242 10 32.249701261520386
252 0 29.153451919555664
244 8 34.21155142784119
242 10 35.572089195251465
252 0 35.85526919364929
252 0 32.32672619819641
239 13 39.84415626525879
252 0 33.91628885269165
248 4 29.210646867752075
247 5 29.567658185958862
242 10 29.751671075820923
246 6 27.883283615112305
237 15 41.93957471847534
247 5 34.70858836174011
238 14 43.28939342498779
241 11 38.39735436439514
243 9 39.21551871299744
