56 42 33.78285551071167
54 44 26.821797609329224
53 45 23.75515127182007
59 39 38.149312019348145
59 39 24.320186138153076
53 45 20.230249643325806
65 33 27.652832508087158
66 32 33.00090551376343
58 40 24.9332435131073
65 33 40.46082401275635
68 30 34.813477993011475
70 28 32.39868450164795
74 24 29.951632976531982
70 28 41.55684018135071
59 39 34.200512170791626
69 29 31.19202756881714
56 42 36.94117522239685
68 30 26.30225706100464
55 43 33.56582999229431
67 31 41.424562215805054
56 42 38.06960415840149
58 40 48.25036263465881
58 40 46.70141649246216
50 48 51.22367215156555
68 30 19.333261251449585
69 29 27.928300857543945
52 46 33.90580201148987
58 40 36.937406063079834
