90 0 2.0383830070495605
90 0 2.048773765563965
90 0 1.8844866752624512
90 0 1.8854684829711914
90 0 1.9444520473480225
85 5 2.4442875385284424
90 0 1.997453212738037
90 0 2.0174567699432373
90 0 2.11287784576416
90 0 1.9684441089630127
90 0 3.246889591217041
90 0 2.8458683490753174
90 0 2.53857159614563
90 0 2.5225675106048584
90 0 3.492292881011963
90 0 2.613588333129883
90 0 2.3705332279205322
90 0 2.787628173828125
90 0 2.8940258026123047
90 0 2.9406628608703613
90 0 4.0989227294921875
90 0 3.6058127880096436
90 0 3.338751792907715
87 3 4.651556968688965
90 0 3.2782509326934814
90 0 3.0486865043640137
90 0 3.4567813873291016
90 0 3.338752269744873
90 0 3.1810901165008545
90 0 3.21069598197937
90 0 3.2064013481140137
86 4 4.128556966781616
90 0 2.899390459060669
90 0 3.0541906356811523
90 0 2.952665090560913
90 0 3.1977200508117676
83 7 6.493480205535889
90 0 3.2571723461151123
90 0 3.2787389755249023
90 0 3.3738465309143066
90 0 3.228337287902832
90 0 3.0226032733917236
90 0 3.1141481399536133
90 0 3.4000496864318848
90 0 3.147409439086914
90 0 2.827302932739258
90 0 2.728670358657837
90 0 2.948699951171875
90 0 3.1932334899902344
85 5 4.896880865097046
90 0 3.1151657104492188
88 2 3.215275287628174
90 0 3.000247001647949
90 0 2.9436557292938232
90 0 2.8729820251464844
90 0 2.9348275661468506
90 0 3.1303253173828125
90 0 3.0225424766540527
90 0 2.833772897720337
90 0 3.1623854637145996
90 0 3.122065544128418
90 0 2.7380120754241943
90 0 3.0936925411224365
90 0 2.889341354370117
86 4 4.311981916427612
90 0 2.877427577972412
90 0 3.149564027786255
90 0 3.0529534816741943
90 0 3.1154561042785645
90 0 2.891601324081421
90 0 3.0346837043762207
90 0 2.6505980491638184
90 0 2.7466189861297607
90 0 2.985673427581787
90 0 3.0213561058044434
90 0 2.892451047897339
90 0 2.917353630065918
90 0 2.963667392730713
87 3 3.851868152618408
90 0 2.827636480331421
90 0 2.8956522941589355
88 2 3.2047224044799805
90 0 2.9946749210357666
90 0 2.8546369075775146
90 0 2.8006303310394287
90 0 3.0654726028442383
90 0 2.8429980278015137
88 2 3.2827401161193848
90 0 3.1260643005371094
88 2 3.242730140686035
90 0 2.699608087539673
88 2 3.226726770401001
90 0 2.8386404514312744
90 0 3.038487434387207
90 0 2.9686689376831055
90 0 2.9256591796875
90 0 3.0102856159210205
90 0 3.235729217529297
90 0 3.0276832580566406
90 0 2.8345208168029785
