243 2 27.1960666179657
245 0 27.1397602558136
242 3 27.527124166488647
234 11 27.95970630645752
241 4 28.212620735168457
245 0 26.279773712158203
242 3 27.05611801147461
241 4 28.084216356277466
245 0 27.458213329315186
245 0 26.836068391799927
237 8 43.84559750556946
245 0 34.81856918334961
242 3 38.675671339035034
235 10 48.01786279678345
238 7 50.60037636756897
245 0 32.90053033828735
241 4 36.657798528671265
245 0 35.715163230895996
245 0 36.89650774002075
245 0 34.36237955093384
239 6 37.193382024765015
241 4 39.00227737426758
241 4 41.73512053489685
245 0 44.48566555976868
238 7 46.16273498535156
237 8 51.77868390083313
241 4 47.15983486175537
245 0 42.31410765647888
245 0 42.52299904823303
240 5 46.63891124725342
245 0 41.892659187316895
245 0 40.663124322891235
243 2 38.15062665939331
229 16 51.962844133377075
