63 0 1.9068939685821533
63 0 1.5073509216308594
63 0 2.1574857234954834
63 0 1.8354134559631348
63 0 1.5863573551177979
63 0 1.427027702331543
63 0 1.5283448696136475
63 0 1.5632097721099854
63 0 1.744391918182373
63 0 1.7934041023254395
63 0 1.9796078205108643
63 0 2.1930153369903564
63 0 2.1554863452911377
63 0 1.918508529663086
63 0 2.276512622833252
63 0 2.313520908355713
63 0 2.0154953002929688
63 0 2.075467348098755
63 0 2.590573310852051
63 0 2.2205007076263428
63 0 2.5087368488311768
63 0 2.93766188621521
63 0 2.3445279598236084
63 0 2.8966567516326904
63 0 2.5795817375183105
63 0 2.6355934143066406
63 0 3.313746213912964
63 0 2.6250970363616943
63 0 2.6631054878234863
63 0 2.773624897003174
63 0 2.798630714416504
63 0 3.151710033416748
63 0 2.9576663970947266
63 0 2.9236583709716797
63 0 2.469008445739746
63 0 2.6195898056030273
63 0 2.591583728790283
63 0 3.3789658546447754
63 0 2.6696016788482666
63 0 3.565802812576294
63 0 3.3337514400482178
63 0 3.5568008422851562
63 0 3.675828218460083
63 0 2.654597759246826
63 0 2.4695568084716797
63 0 3.070807933807373
63 0 2.6806042194366455
63 0 2.596585273742676
63 0 3.063689947128296
63 0 2.943169355392456
63 0 3.175715684890747
63 0 2.5600903034210205
63 0 2.782552480697632
63 0 3.0076777935028076
63 0 2.764622926712036
63 0 2.645596742630005
63 0 2.516026735305786
63 0 4.015904903411865
63 0 3.0147194862365723
63 0 2.996675491333008
63 0 3.2271761894226074
63 0 3.2687363624572754
59 4 6.279415607452393
63 0 2.9076547622680664
63 0 3.7798519134521484
63 0 3.0296823978424072
63 0 2.8310813903808594
63 0 3.694830894470215
63 0 2.849641799926758
63 0 3.8308634757995605
63 0 3.731304883956909
63 0 4.141932964324951
