343 0 47.59958577156067
343 0 48.85020875930786
343 0 57.23846220970154
343 0 46.071656703948975
343 0 52.27992033958435
343 0 69.89310121536255
343 0 71.55520153045654
343 0 80.81821393966675
343 0 135.1390163898468
343 0 85.5327353477478
343 0 73.81348276138306
343 0 67.77121639251709
343 0 66.03170967102051
343 0 63.45980525016785
343 0 52.58876037597656
338 5 66.80506181716919
343 0 54.0273699760437
343 0 56.00200915336609
343 0 66.38875651359558
343 0 56.641682624816895
343 0 60.31259226799011
343 0 65.51770973205566
343 0 61.58480954170227
343 0 56.649797439575195
343 0 59.29394721984863
343 0 69.47860622406006
343 0 63.73447036743164
343 0 55.651058197021484
343 0 54.34910345077515
343 0 64.2994863986969
339 4 68.40437293052673
343 0 66.47332954406738
343 0 54.370463848114014
343 0 67.20695209503174
343 0 50.660794734954834
343 0 46.100380182266235
343 0 52.32028341293335
343 0 47.260650634765625
339 4 48.48385500907898
343 0 49.07518649101257
343 0 47.388675928115845
339 4 49.01871085166931
