175 0 10.463357925415039
175 0 10.489301443099976
175 0 10.305264234542847
175 0 10.519230127334595
175 0 12.326071977615356
175 0 10.488920450210571
175 0 10.887200355529785
156 19 28.299594402313232
175 0 13.420795440673828
175 0 10.528372526168823
175 0 13.206984519958496
152 23 19.62667179107666
175 0 11.101017713546753
175 0 12.413514614105225
175 0 10.519370794296265
175 0 15.626151323318481
175 0 12.802042722702026
175 0 14.282177448272705
175 0 15.521776914596558
152 23 32.59361934661865
175 0 15.500715255737305
175 0 16.60820174217224
175 0 16.99130916595459
156 19 29.986702919006348
175 0 16.914811611175537
175 0 17.28019690513611
175 0 18.23904848098755
175 0 16.895166873931885
175 0 17.96045422554016
175 0 16.24217438697815
175 0 18.13380527496338
175 0 15.954595565795898
175 0 16.80170464515686
175 0 16.83055567741394
175 0 16.448598384857178
175 0 15.694198846817017
175 0 15.798183679580688
175 0 14.744372844696045
175 0 15.075551748275757
175 0 15.166026592254639
175 0 16.030372381210327
175 0 14.097334146499634
175 0 15.509417533874512
159 16 23.533745288848877
157 18 23.99535083770752
175 0 15.003890991210938
175 0 13.783087730407715
175 0 14.346379280090332
175 0 16.570765018463135
175 0 14.803356409072876
175 0 15.4087495803833
175 0 15.324607133865356
175 0 14.32978343963623
175 0 14.278624296188354
153 22 24.69209909439087
175 0 14.564857959747314
175 0 13.974620580673218
175 0 15.043204545974731
175 0 14.940086126327515
175 0 14.643803119659424
175 0 14.86120319366455
175 0 13.989142656326294
175 0 15.017287492752075
175 0 14.95885443687439
160 15 23.0610249042511
175 0 13.710079908370972
175 0 14.436053991317749
175 0 12.897923231124878
175 0 14.00220274925232
175 0 13.491817712783813
175 0 13.018949508666992
175 0 13.277958869934082
156 19 22.896158456802368
