157 3 7.931165933609009
152 8 10.281606435775757
160 0 7.47119402885437
153 7 9.77631950378418
156 4 8.228872060775757
152 8 10.504519701004028
160 0 7.322665691375732
160 0 6.9815404415130615
152 8 14.927274703979492
160 0 9.446129083633423
160 0 7.595711708068848
160 0 9.294196128845215
160 0 9.636524438858032
160 0 8.52607274055481
160 0 9.384388208389282
153 7 12.761944770812988
160 0 9.419079303741455
150 10 13.989515542984009
160 0 9.890570878982544
156 4 10.196879863739014
160 0 9.075214624404907
160 0 10.73801875114441
160 0 10.620293855667114
160 0 11.305543422698975
160 0 10.237454175949097
160 0 11.52989935874939
160 0 12.054676055908203
160 0 11.967674493789673
160 0 12.059718132019043
145 15 24.013327836990356
160 0 11.690634965896606
160 0 11.446579933166504
160 0 12.026710510253906
160 0 12.325777769088745
160 0 11.294628620147705
142 18 26.122718811035156
154 6 14.91908574104309
160 0 11.854672193527222
154 6 15.368636131286621
151 9 18.08242392539978
160 0 11.051490783691406
160 0 11.10001277923584
156 4 13.296907901763916
146 14 22.441242933273315
160 0 11.1493501663208
149 11 19.154247522354126
160 0 11.083216905593872
160 0 10.37117338180542
160 0 10.158566236495972
155 5 13.030375242233276
160 0 10.71122670173645
160 0 10.294471740722656
160 0 10.077486753463745
151 9 13.261883020401001
160 0 10.58150839805603
160 0 9.600031614303589
160 0 10.707087755203247
149 11 17.043397903442383
155 5 12.771606683731079
160 0 9.80997085571289
160 0 10.665375232696533
143 17 22.913774013519287
146 14 20.989973306655884
149 11 17.137914896011353
155 5 12.859546422958374
155 5 12.652799129486084
160 0 10.603202819824219
149 11 17.944134950637817
160 0 9.653084754943848
160 0 10.698537588119507
160 0 10.060557842254639
160 0 9.863933086395264
160 0 10.264413595199585
158 2 10.781926393508911
160 0 9.200605154037476
160 0 10.328306436538696
160 0 10.030974864959717
160 0 9.874550104141235
160 0 9.745553493499756
153 7 14.09484314918518
160 0 9.699350118637085
146 14 22.043373584747314
160 0 10.302783012390137
160 0 10.923013687133789
160 0 10.66340446472168
160 0 10.926908254623413
143 17 24.7217960357666
160 0 10.617383003234863
160 0 10.35455322265625
160 0 10.486631870269775
160 0 11.006906270980835
160 0 11.237467527389526
160 0 10.759317398071289
156 4 11.649624586105347
160 0 11.356131076812744
160 0 11.171964645385742
160 0 10.675800323486328
160 0 10.05592155456543
144 16 24.884872913360596
160 0 10.456355094909668
155 5 14.006156206130981
