50 0 0.740027666091919
50 0 0.7298393249511719
50 0 0.7161614894866943
50 0 0.7271642684936523
50 0 0.7570042610168457
50 0 0.7101597785949707
50 0 0.7371659278869629
50 0 0.7201628684997559
50 0 0.7477493286132812
50 0 0.7271740436553955
50 0 1.0702416896820068
50 0 1.2112972736358643
50 0 1.1532602310180664
50 0 1.1802659034729004
50 0 1.2457427978515625
50 0 1.2422795295715332
50 0 1.1952693462371826
50 0 1.2072720527648926
50 0 1.2312772274017334
50 0 1.173264741897583
50 0 1.2222771644592285
50 0 1.2542827129364014
50 0 1.2572822570800781
50 0 1.2352774143218994
50 0 1.2072718143463135
50 0 1.2112727165222168
50 0 1.2082791328430176
50 0 1.2282769680023193
50 0 1.2122728824615479
50 0 1.1522598266601562
50 0 1.1852672100067139
50 0 1.1507651805877686
50 0 1.1522595882415771
50 0 1.1952688694000244
50 0 1.1702640056610107
50 0 1.1702635288238525
50 0 1.1412575244903564
50 0 1.152259111404419
50 0 1.262286901473999
50 0 1.162261962890625
50 0 1.2052714824676514
50 0 1.318298101425171
50 0 1.3733091354370117
50 0 1.28829026222229
50 0 1.2882895469665527
50 0 1.3773102760314941
50 0 1.509340524673462
50 0 1.2442800998687744
50 0 1.5833566188812256
50 0 1.476332664489746
50 0 1.2325201034545898
50 0 1.2342777252197266
50 0 1.2102725505828857
50 0 1.2173123359680176
50 0 1.2492821216583252
50 0 1.2307825088500977
50 0 1.2332773208618164
50 0 1.3092951774597168
50 0 1.3558104038238525
50 0 1.7613959312438965
50 0 1.4203205108642578
50 0 1.6308279037475586
50 0 1.4223203659057617
50 0 1.4628345966339111
50 0 1.3963146209716797
50 0 1.2382779121398926
50 0 1.379321813583374
50 0 1.2372794151306152
50 0 1.2292768955230713
50 0 1.2392795085906982
