38 2 3.7798519134521484
40 0 3.932886838912964
34 6 3.487785577774048
37 3 5.542425155639648
35 5 4.256960153579712
31 9 4.032909154891968
30 10 6.2573792934417725
37 3 4.322407960891724
25 15 4.276962757110596
28 12 4.122928857803345
40 0 4.562997102737427
37 3 6.380840539932251
34 6 5.961364269256592
23 17 10.41220211982727
30 10 7.043140888214111
32 8 6.7603514194488525
40 0 5.292123079299927
34 6 4.354986906051636
30 10 6.325568437576294
34 6 6.472775936126709
35 5 8.137635946273804
33 7 6.879636526107788
22 18 6.449156284332275
31 9 7.771603345870972
30 10 8.474159479141235
38 2 5.638316631317139
40 0 4.655165910720825
33 7 6.977029085159302
33 7 6.478817701339722
40 0 4.4941136837005615
29 11 7.417669773101807
33 7 7.328651189804077
37 3 4.2809648513793945
33 7 7.867929935455322
35 5 7.147442579269409
28 12 14.003156423568726
33 7 5.123154878616333
32 8 5.8095009326934814
20 20 6.256501913070679
35 5 6.370495080947876
35 5 7.198810338973999
33 7 6.17739200592041
37 3 9.537190437316895
39 1 7.605714321136475
35 5 8.283560752868652
33 7 9.320099830627441
26 14 6.112261056900024
24 16 6.317424058914185
28 12 7.662400484085083
18 22 6.291416883468628
22 18 4.530444622039795
33 7 5.205173492431641
33 7 4.184564113616943
34 6 6.099727392196655
24 16 6.342429161071777
32 8 8.85450291633606
16 24 10.097223997116089
33 7 4.737067699432373
37 3 8.35770297050476
34 6 7.530696868896484
36 4 8.02080774307251
32 8 8.413895845413208
31 9 7.650723934173584
36 4 3.9588913917541504
36 4 5.511756896972656
35 5 6.072744607925415
32 8 7.71509313583374
37 3 5.064144134521484
40 0 6.923677921295166
32 8 5.422618389129639
