18 0 0.12302660942077637
18 0 0.12602782249450684
18 0 0.1250293254852295
18 0 0.11902594566345215
18 0 0.12014079093933105
18 0 0.12402772903442383
18 0 0.1180269718170166
18 0 0.12202596664428711
18 0 0.11801481246948242
18 0 0.12102675437927246
18 0 0.1290287971496582
18 0 0.1580362319946289
18 0 0.16603732109069824
18 0 0.19304394721984863
18 0 0.140031099319458
18 0 0.1670377254486084
18 0 0.20789694786071777
18 0 0.15303421020507812
18 0 0.18778347969055176
18 0 0.1560354232788086
18 0 0.19604778289794922
18 0 0.23191261291503906
18 0 0.18104028701782227
18 0 0.18504118919372559
18 0 0.14303159713745117
18 0 0.18204140663146973
18 0 0.17703962326049805
18 0 0.19904327392578125
18 0 0.1690375804901123
18 0 0.14203190803527832
18 0 0.20104551315307617
18 0 0.18804264068603516
18 0 0.1690387725830078
18 0 0.1670386791229248
18 0 0.15503358840942383
18 0 0.187042236328125
18 0 0.18832826614379883
18 0 0.18804192543029785
18 0 0.15203332901000977
18 0 0.16904115676879883
18 0 0.15102791786193848
18 0 0.16394352912902832
18 0 0.16603732109069824
18 0 0.17403864860534668
18 0 0.19204330444335938
18 0 0.14103221893310547
18 0 0.15103411674499512
18 0 0.15903520584106445
18 0 0.1400308609008789
18 0 0.13402843475341797
18 0 0.13302850723266602
18 0 0.19004321098327637
18 0 0.14503264427185059
18 0 0.1431124210357666
18 0 0.15303492546081543
18 0 0.16803765296936035
18 0 0.14203262329101562
18 0 0.1270284652709961
18 0 0.1270284652709961
18 0 0.1690373420715332
18 0 0.15303468704223633
18 0 0.14103150367736816
18 0 0.20304536819458008
18 0 0.12602782249450684
18 0 0.13102960586547852
18 0 0.15003347396850586
18 0 0.19104337692260742
18 0 0.18604135513305664
18 0 0.13302898406982422
18 0 0.15003347396850586
