1 39 0.1322460174560547
1 39 0.1194295883178711
1 39 0.11907744407653809
1 39 0.12211990356445312
1 39 0.12162494659423828
1 39 0.12107706069946289
1 39 0.12108206748962402
1 39 0.12207770347595215
1 39 0.1220695972442627
1 39 0.12207794189453125
1 39 0.1907801628112793
1 39 0.18434643745422363
1 39 0.18783998489379883
1 39 0.17165684700012207
1 39 0.1832892894744873
1 39 0.1658642292022705
1 39 0.17927312850952148
1 39 0.1814732551574707
1 39 0.1392991542816162
1 39 0.18186235427856445
1 39 0.18906283378601074
1 39 0.1885054111480713
1 39 0.1926126480102539
1 39 0.18623065948486328
1 39 0.14292693138122559
1 39 0.17176437377929688
1 39 0.14403629302978516
1 39 0.19604873657226562
1 39 0.16893386840820312
1 39 0.16494274139404297
1 39 0.19504356384277344
1 39 0.1680457592010498
1 39 0.17103910446166992
1 39 0.16603803634643555
1 39 0.18604183197021484
1 39 0.1780397891998291
1 39 0.1670374870300293
1 39 0.18904328346252441
1 39 0.18204021453857422
1 39 0.1740400791168213
1 39 0.17103862762451172
1 39 0.19104218482971191
1 39 0.198045015335083
1 39 0.19204282760620117
1 39 0.20204520225524902
1 39 0.1780402660369873
1 39 0.1838514804840088
1 39 0.17503952980041504
1 39 0.1850416660308838
1 39 0.187042236328125
1 39 0.15703582763671875
1 39 0.18204092979431152
1 39 0.189042329788208
1 39 0.19204306602478027
1 39 0.1870412826538086
1 39 0.1890425682067871
1 39 0.19005131721496582
1 39 0.18204045295715332
1 39 0.189042329788208
1 39 0.18604159355163574
1 39 0.1890425682067871
1 39 0.19204330444335938
1 39 0.18804216384887695
1 39 0.19504261016845703
1 39 0.18804097175598145
1 39 0.187042236328125
1 39 0.19394373893737793
1 39 0.18436932563781738
1 39 0.17592096328735352
1 39 0.14508509635925293
