245 0 27.68208336830139
245 0 27.91841697692871
242 3 29.03402304649353
241 4 29.62248992919922
242 3 28.099226713180542
245 0 27.690434217453003
238 7 30.606932401657104
241 4 27.366291284561157
245 0 28.22956347465515
241 4 28.96256160736084
245 0 35.812729597091675
242 3 39.092127561569214
245 0 41.90243721008301
245 0 46.25437378883362
245 0 48.41344952583313
241 4 36.31390857696533
245 0 37.349703788757324
240 5 37.812546491622925
243 2 37.25908803939819
245 0 36.75483155250549
240 5 39.51317286491394
245 0 40.705575942993164
245 0 42.168954849243164
243 2 47.89498853683472
245 0 48.40264129638672
245 0 47.2581467628479
242 3 49.0741913318634
245 0 43.58579468727112
245 0 44.86118531227112
234 11 50.03883242607117
239 6 46.604379177093506
236 9 45.899563789367676
242 3 42.73070549964905
239 6 42.05472540855408
