28 0 0.36408185958862305
28 0 0.3700840473175049
28 0 0.28606390953063965
28 0 0.2992372512817383
28 0 0.310070276260376
28 0 0.3300745487213135
28 0 0.26405835151672363
28 0 0.3560798168182373
28 0 0.37308335304260254
28 0 0.3230719566345215
28 0 0.49114441871643066
28 0 0.35312986373901367
28 0 0.467059850692749
28 0 0.5019252300262451
28 0 0.4591176509857178
28 0 0.34903860092163086
26 2 0.8131308555603027
28 0 0.5290298461914062
28 0 0.40108442306518555
28 0 0.4730372428894043
28 0 0.5214352607727051
28 0 0.3920271396636963
28 0 0.41902828216552734
28 0 0.6079528331756592
28 0 0.44480276107788086
28 0 0.5382547378540039
28 0 0.4364166259765625
28 0 0.40079736709594727
28 0 0.484478235244751
28 0 0.4876713752746582
28 0 0.4430992603302002
28 0 0.45810437202453613
28 0 0.5251185894012451
28 0 0.4991123676300049
28 0 0.506941556930542
28 0 0.5551252365112305
28 0 0.4197366237640381
28 0 0.4611036777496338
28 0 0.39475584030151367
28 0 0.44009852409362793
28 0 0.4991130828857422
28 0 0.4070897102355957
28 0 0.5149650573730469
28 0 0.6481459140777588
28 0 0.5141158103942871
28 0 0.527118444442749
28 0 0.4811086654663086
28 0 0.5831313133239746
28 0 0.41709399223327637
28 0 0.4591026306152344
28 0 0.51511549949646
28 0 0.48963356018066406
28 0 0.4906296730041504
28 0 0.5284111499786377
28 0 0.45868372917175293
28 0 0.4288313388824463
28 0 0.4170219898223877
28 0 0.5279419422149658
28 0 0.42008113861083984
28 0 0.4881100654602051
28 0 0.571847677230835
28 0 0.4719676971435547
28 0 0.4973874092102051
28 0 0.540224552154541
28 0 0.487962007522583
28 0 0.528343677520752
28 0 0.36902379989624023
28 0 0.48909878730773926
28 0 0.46946239471435547
28 0 0.5541248321533203
28 0 0.4971120357513428
28 0 0.45510220527648926
28 0 0.4941120147705078
28 0 0.43909788131713867
28 0 0.4280965328216553
28 0 0.4851100444793701
28 0 0.4471006393432617
28 0 0.5511248111724854
28 0 0.40209102630615234
28 0 0.3690829277038574
28 0 0.5021123886108398
28 0 0.4681053161621094
28 0 0.42209529876708984
28 0 0.4581029415130615
28 0 0.4280965328216553
28 0 0.38408684730529785
28 0 0.5171163082122803
28 0 0.5611259937286377
28 0 0.4851081371307373
28 0 0.3510780334472656
28 0 0.5161161422729492
28 0 0.4140934944152832
28 0 0.38808679580688477
28 0 0.32607316970825195
28 0 0.44910192489624023
28 0 0.36608314514160156
28 0 0.5351204872131348
28 0 0.6311426162719727
28 0 0.38008570671081543
28 0 0.3520793914794922
