7 0 0.011002063751220703
7 0 0.017003297805786133
7 0 0.01200246810913086
7 0 0.014003515243530273
7 0 0.012003183364868164
7 0 0.011002540588378906
7 0 0.012002944946289062
7 0 0.011002302169799805
7 0 0.012002706527709961
7 0 0.012001991271972656
7 0 0.02100372314453125
7 0 0.02000284194946289
7 0 0.020003795623779297
7 0 0.02700638771057129
7 0 0.021005630493164062
7 0 0.014002561569213867
7 0 0.019004344940185547
7 0 0.014003276824951172
7 0 0.018003463745117188
7 0 0.01900458335876465
7 0 0.021002769470214844
7 0 0.019003868103027344
7 0 0.018004655838012695
7 0 0.021004199981689453
7 0 0.0200042724609375
7 0 0.013002872467041016
7 0 0.019003868103027344
7 0 0.0200042724609375
7 0 0.017003536224365234
7 0 0.017003536224365234
7 0 0.018004179000854492
7 0 0.02200484275817871
7 0 0.014002561569213867
7 0 0.018002748489379883
7 0 0.016003847122192383
7 0 0.016003131866455078
7 0 0.024005651473999023
7 0 0.020004749298095703
7 0 0.027004718780517578
7 0 0.017003536224365234
7 0 0.01800394058227539
7 0 0.01600360870361328
7 0 0.013002395629882812
7 0 0.01500391960144043
7 0 0.016004085540771484
7 0 0.018004417419433594
7 0 0.019003868103027344
7 0 0.014003515243530273
7 0 0.019004106521606445
7 0 0.021004915237426758
7 0 0.01800370216369629
7 0 0.014002561569213867
7 0 0.022003889083862305
7 0 0.02200460433959961
7 0 0.02100229263305664
7 0 0.018003225326538086
7 0 0.028006792068481445
7 0 0.019003868103027344
7 0 0.020003557205200195
7 0 0.020004749298095703
7 0 0.024005651473999023
7 0 0.022005081176757812
7 0 0.018003463745117188
7 0 0.025004863739013672
7 0 0.021004438400268555
7 0 0.01600337028503418
7 0 0.01900482177734375
7 0 0.017003536224365234
7 0 0.015002727508544922
7 0 0.013002395629882812
