5 15 0.09010434150695801
5 15 0.09157586097717285
5 15 0.0914306640625
5 15 0.09122037887573242
5 15 0.09001564979553223
5 15 0.09114503860473633
5 15 0.09012675285339355
5 15 0.09277510643005371
5 15 0.09302282333374023
5 15 0.09202098846435547
5 15 0.11732888221740723
5 15 0.12505316734313965
5 15 0.14505863189697266
5 15 0.12306094169616699
5 15 0.14630508422851562
5 15 0.1320631504058838
5 15 0.14706087112426758
5 15 0.14313316345214844
5 15 0.13952183723449707
5 15 0.13606667518615723
5 15 0.14303183555603027
5 15 0.14472603797912598
5 15 0.1470327377319336
5 15 0.11809635162353516
5 15 0.147902250289917
5 15 0.10718727111816406
5 15 0.12806940078735352
5 15 0.12336230278015137
5 15 0.11312079429626465
5 15 0.1380307674407959
5 15 0.1180267333984375
5 15 0.1358029842376709
5 15 0.13402986526489258
5 15 0.13503146171569824
5 15 0.1470327377319336
5 15 0.1270427703857422
5 15 0.1490333080291748
5 15 0.1290292739868164
5 15 0.14503264427185059
5 15 0.13840174674987793
5 15 0.14503216743469238
5 15 0.12302780151367188
5 15 0.14503216743469238
5 15 0.15303421020507812
5 15 0.14403247833251953
5 15 0.14342546463012695
5 15 0.1400303840637207
5 15 0.1360304355621338
5 15 0.13797450065612793
5 15 0.1339714527130127
5 15 0.1470327377319336
5 15 0.12802863121032715
5 15 0.1360306739807129
5 15 0.13903117179870605
5 15 0.13503003120422363
5 15 0.1310288906097412
5 15 0.11402487754821777
5 15 0.13303160667419434
5 15 0.10902547836303711
5 15 0.11502623558044434
5 15 0.14203286170959473
5 15 0.13302993774414062
5 15 0.11702632904052734
5 15 0.12502646446228027
5 15 0.14303278923034668
5 15 0.1090242862701416
5 15 0.11702728271484375
5 15 0.13302993774414062
5 15 0.11702656745910645
5 15 0.13703155517578125
5 15 0.12702727317810059
5 15 0.10402417182922363
