112 0 3.8678715229034424
112 0 3.850308418273926
112 0 4.116070508956909
112 0 4.362983226776123
112 0 3.7098355293273926
112 0 4.051913022994995
112 0 3.9173011779785156
112 0 4.055078983306885
109 3 4.15474534034729
112 0 3.9216673374176025
112 0 6.908062219619751
112 0 6.0793702602386475
112 0 5.856831789016724
112 0 6.572481393814087
112 0 6.731299877166748
112 0 6.073368310928345
109 3 7.139863967895508
112 0 6.15626859664917
112 0 6.149792671203613
112 0 6.535769701004028
112 0 6.562479019165039
112 0 6.20139741897583
112 0 6.080233097076416
112 0 6.0073535442352295
112 0 6.054206132888794
112 0 6.046985626220703
112 0 6.127459764480591
112 0 6.272916316986084
112 0 6.041476011276245
112 0 5.775518417358398
112 0 5.910270690917969
112 0 6.133614540100098
112 0 5.971744060516357
112 0 6.193288564682007
112 0 6.022833347320557
112 0 6.083239316940308
112 0 5.786411762237549
108 4 7.569169282913208
112 0 6.018126726150513
112 0 5.82592248916626
108 4 6.681966066360474
112 0 5.665614604949951
112 0 5.596990585327148
112 0 5.784288167953491
112 0 5.950349807739258
112 0 6.048880577087402
112 0 5.4951491355896
112 0 5.663638353347778
112 0 5.444014072418213
112 0 6.224104404449463
112 0 5.833582162857056
112 0 5.659689903259277
112 0 4.655707836151123
112 0 5.198880434036255
106 6 5.5343146324157715
112 0 5.213111639022827
112 0 4.772020578384399
112 0 4.842719554901123
112 0 5.079034328460693
112 0 5.045891523361206
112 0 4.755347013473511
112 0 4.806543827056885
112 0 4.651439905166626
112 0 5.272015571594238
108 4 6.169721364974976
112 0 5.248993158340454
112 0 4.88887882232666
112 0 4.979150295257568
112 0 5.219874143600464
112 0 5.028881549835205
