18 0 0.11302495002746582
18 0 0.1180272102355957
18 0 0.11702632904052734
18 0 0.11102437973022461
18 0 0.12003803253173828
18 0 0.12056255340576172
18 0 0.11902785301208496
18 0 0.11402463912963867
18 0 0.1160268783569336
18 0 0.12202835083007812
18 0 0.127028226852417
18 0 0.17203783988952637
18 0 0.14603209495544434
18 0 0.17303752899169922
18 0 0.15103387832641602
18 0 0.1560356616973877
18 0 0.1460437774658203
18 0 0.15103483200073242
18 0 0.13402986526489258
18 0 0.1690382957458496
18 0 0.18604159355163574
18 0 0.1230309009552002
18 0 0.18204045295715332
18 0 0.17203831672668457
18 0 0.1760399341583252
18 0 0.17203927040100098
18 0 0.17503833770751953
18 0 0.19704461097717285
18 0 0.18504118919372559
18 0 0.17503833770751953
18 0 0.17203855514526367
18 0 0.18804192543029785
18 0 0.17704010009765625
18 0 0.15503382682800293
18 0 0.16103506088256836
18 0 0.1780400276184082
18 0 0.17812705039978027
18 0 0.18004059791564941
18 0 0.1760399341583252
18 0 0.19304370880126953
18 0 0.17499423027038574
18 0 0.17203879356384277
18 0 0.18604111671447754
18 0 0.18504118919372559
18 0 0.1620347499847412
18 0 0.1290283203125
18 0 0.19204306602478027
18 0 0.18604159355163574
18 0 0.15303444862365723
18 0 0.19004344940185547
18 0 0.16503691673278809
18 0 0.19504475593566895
18 0 0.16954326629638672
18 0 0.1402571201324463
18 0 0.17904043197631836
18 0 0.17303991317749023
18 0 0.16303539276123047
18 0 0.13002943992614746
18 0 0.14503169059753418
18 0 0.17703914642333984
18 0 0.13502955436706543
18 0 0.16503691673278809
18 0 0.12402820587158203
18 0 0.12502765655517578
18 0 0.19104266166687012
18 0 0.14303183555603027
18 0 0.18804240226745605
18 0 0.17103910446166992
18 0 0.1270294189453125
18 0 0.18104076385498047
18 0 0.13003039360046387
18 0 0.1890425682067871
18 0 0.17403793334960938
18 0 0.19404244422912598
18 0 0.18804144859313965
18 0 0.1310281753540039
18 0 0.16803741455078125
18 0 0.14403271675109863
18 0 0.13402962684631348
18 0 0.19504261016845703
18 0 0.1890425682067871
18 0 0.14303183555603027
18 0 0.1360301971435547
18 0 0.1690375804901123
18 0 0.1870419979095459
18 0 0.18404126167297363
18 0 0.18204212188720703
18 0 0.18604207038879395
18 0 0.19104385375976562
18 0 0.17403864860534668
18 0 0.19004344940185547
18 0 0.1400301456451416
18 0 0.1710376739501953
18 0 0.19204187393188477
18 0 0.19204306602478027
18 0 0.17703962326049805
18 0 0.1600353717803955
18 0 0.18104076385498047
18 0 0.15003323554992676
18 0 0.1890416145324707
