114 66 173.7721462249756
130 50 160.0793707370758
136 44 225.41774153709412
133 47 205.77587819099426
109 71 203.22965955734253
130 50 211.8540859222412
126 54 168.02278065681458
140 40 181.1925401687622
117 63 341.0077316761017
158 22 220.24136805534363
127 53 226.41351532936096
125 55 206.1834671497345
143 37 276.2005443572998
140 40 261.7371461391449
137 43 241.20621180534363
139 41 253.08527088165283
117 63 175.9463427066803
136 44 167.16938638687134
144 36 195.2710838317871
128 52 182.9933307170868
137 43 172.6206977367401
127 53 213.58446884155273
126 54 188.1061692237854
135 45 257.3269217014313
136 44 177.29667115211487
134 46 238.1980640888214
137 43 247.06858372688293
136 44 205.7071132659912
143 37 172.0588321685791
126 54 214.5593605041504
139 41 201.72159695625305
149 31 241.47919535636902
128 52 241.403657913208
131 49 209.46351194381714
137 43 171.75019478797913
168 12 224.40755486488342
119 61 197.3520119190216
135 45 197.17354130744934
138 42 204.71433854103088
142 38 183.37614560127258
136 44 246.35057711601257
