8 0 0.031006574630737305
8 0 0.030005931854248047
8 0 0.02800607681274414
8 0 0.027005434036254883
8 0 0.02850961685180664
8 0 0.028005361557006836
8 0 0.027009963989257812
8 0 0.027005672454833984
8 0 0.02800583839416504
8 0 0.03700995445251465
8 0 0.045017242431640625
8 0 0.055608272552490234
8 0 0.03600811958312988
8 0 0.04506659507751465
8 0 0.04401063919067383
8 0 0.044010162353515625
8 0 0.0400087833404541
8 0 0.04600977897644043
8 0 0.04601097106933594
8 0 0.046010732650756836
8 0 0.04705405235290527
8 0 0.03000664710998535
8 0 0.03200721740722656
8 0 0.04401040077209473
8 0 0.038007497787475586
8 0 0.03200721740722656
8 0 0.04518270492553711
8 0 0.04401063919067383
8 0 0.04401040077209473
8 0 0.0380091667175293
8 0 0.04100918769836426
8 0 0.044014692306518555
8 0 0.04400992393493652
8 0 0.03700876235961914
8 0 0.04200887680053711
8 0 0.04000735282897949
8 0 0.03400731086730957
8 0 0.04100823402404785
8 0 0.04701042175292969
8 0 0.03700876235961914
8 0 0.04600930213928223
8 0 0.0450136661529541
8 0 0.03900718688964844
8 0 0.04001259803771973
8 0 0.046010494232177734
8 0 0.041008949279785156
8 0 0.04801177978515625
8 0 0.042009592056274414
8 0 0.04400968551635742
8 0 0.04300856590270996
8 0 0.04162716865539551
8 0 0.04601001739501953
8 0 0.034423112869262695
8 0 0.0415186882019043
8 0 0.04402446746826172
8 0 0.03939080238342285
8 0 0.03932809829711914
8 0 0.03710198402404785
8 0 0.04324769973754883
8 0 0.045278310775756836
8 0 0.040552377700805664
8 0 0.04428601264953613
8 0 0.04601025581359863
8 0 0.03794503211975098
8 0 0.0457606315612793
8 0 0.04125165939331055
8 0 0.03803229331970215
8 0 0.040008544921875
8 0 0.0400090217590332
8 0 0.046010494232177734
