356 134 1096.6962308883667
283 207 1925.63662815094
268 222 2426.30459356308
403 87 1110.8839144706726
472 18 763.8582773208618
230 260 1552.917465209961
352 138 1378.9005241394043
328 162 1832.3819398880005
310 180 1935.0500915050507
362 128 1740.0081675052643
301 189 1902.210696697235
399 91 1847.2454755306244
245 245 1959.6694343090057
306 184 2297.441927909851
315 175 1851.68168592453
411 79 1341.5227749347687
339 151 1344.6919169425964
278 212 2300.7648899555206
421 69 1158.6511080265045
315 175 1386.375458240509
406 84 1425.2165846824646
366 124 2915.0119800567627
320 170 2979.125586271286
337 153 2346.939309835434
318 172 3454.579174518585
299 191 1328.0352239608765
313 177 2116.124899625778
293 197 2686.458509683609
325 165 2297.878212928772
267 223 1520.9712154865265
379 111 2658.407999277115
286 204 2150.849360227585
409 81 1719.3619966506958
448 42 1381.368495464325
414 76 1162.2352204322815
371 119 2603.81991481781
377 113 1761.1816413402557
351 139 2137.907588481903
340 150 1609.9293341636658
290 200 1972.9453656673431
