98 0 7.07639741897583
98 0 7.049101829528809
98 0 7.180312871932983
98 0 7.119266986846924
98 0 7.057362794876099
98 0 7.0482025146484375
98 0 7.164614677429199
98 0 7.583709001541138
98 0 7.052199363708496
98 0 7.018634080886841
98 0 7.221020460128784
98 0 7.222496509552002
98 0 7.957747220993042
98 0 7.28364109992981
98 0 7.51311182975769
98 0 7.371873617172241
98 0 7.49737024307251
98 0 7.413670301437378
98 0 7.6617271900177
98 0 6.944385766983032
98 0 7.086543560028076
98 0 7.039730787277222
98 0 7.105572700500488
98 0 7.0459983348846436
