241 9 113.2271785736084
238 12 86.75526165962219
237 13 109.96970844268799
250 0 102.02929019927979
250 0 116.49736022949219
241 9 132.94666838645935
237 13 160.70361399650574
214 36 195.81335139274597
242 8 165.38515067100525
250 0 120.07734870910645
235 15 188.15440392494202
250 0 128.40467166900635
250 0 137.2834951877594
181 69 340.92783427238464
238 12 128.722008228302
250 0 112.50335431098938
250 0 130.5928077697754
250 0 132.15631651878357
230 20 151.91268610954285
212 38 183.3494691848755
250 0 159.53958940505981
236 14 137.74749207496643
250 0 162.62803435325623
168 82 324.0673303604126
209 41 147.54279565811157
250 0 145.86297488212585
237 13 197.46021556854248
250 0 142.4678089618683
250 0 102.63986420631409
250 0 124.8520336151123
250 0 161.72465705871582
236 14 136.41018342971802
250 0 89.73321080207825
250 0 137.8976788520813
250 0 116.73063039779663
250 0 92.75344753265381
250 0 94.74597644805908
202 48 218.32158946990967
237 13 128.95510029792786
242 8 168.8374888896942
250 0 142.5203845500946
250 0 125.49428129196167
241 9 210.20337200164795
250 0 135.3445019721985
250 0 164.11398482322693
250 0 183.68578672409058
250 0 150.231107711792
183 67 259.57014417648315
250 0 115.06923770904541
250 0 128.7501220703125
245 5 141.50881958007812
238 12 149.61610627174377
233 17 156.21544480323792
250 0 120.2531201839447
250 0 169.55006670951843
222 28 169.95284581184387
230 20 156.48348021507263
244 6 160.93353819847107
250 0 104.12077641487122
209 41 181.39132571220398
233 17 162.86743831634521
236 14 133.8752965927124
230 20 179.55069231987
232 18 179.5392451286316
241 9 170.61581087112427
