20 0 0.16421294212341309
20 0 0.1666407585144043
20 0 0.1649913787841797
20 0 0.1780407428741455
20 0 0.1710376739501953
20 0 0.17103791236877441
20 0 0.16715598106384277
20 0 0.16506433486938477
20 0 0.15707659721374512
20 0 0.1752309799194336
20 0 0.17017436027526855
20 0 0.1751546859741211
20 0 0.15484118461608887
20 0 0.16503667831420898
20 0 0.23305201530456543
20 0 0.18218398094177246
20 0 0.15929579734802246
20 0 0.18504047393798828
20 0 0.2160489559173584
20 0 0.18241667747497559
20 0 0.18634319305419922
20 0 0.17618894577026367
20 0 0.17464876174926758
20 0 0.1728074550628662
20 0 0.18108558654785156
20 0 0.19569849967956543
20 0 0.1833357810974121
20 0 0.19729208946228027
20 0 0.17530608177185059
20 0 0.17770075798034668
20 0 0.19129371643066406
20 0 0.19393062591552734
20 0 0.16460967063903809
20 0 0.2900655269622803
20 0 0.20110011100769043
20 0 0.2155463695526123
20 0 0.18482255935668945
20 0 0.2109236717224121
20 0 0.2740600109100342
20 0 0.19251036643981934
20 0 0.24495482444763184
20 0 0.22154784202575684
20 0 0.2740609645843506
20 0 0.2540628910064697
20 0 0.2555079460144043
20 0 0.2557487487792969
20 0 0.2695584297180176
20 0 0.25524282455444336
20 0 0.25700879096984863
20 0 0.27313661575317383
20 0 0.24909639358520508
20 0 0.23807120323181152
20 0 0.24054622650146484
20 0 0.26605916023254395
20 0 0.25676655769348145
20 0 0.25705814361572266
20 0 0.2409815788269043
20 0 0.27306151390075684
20 0 0.2780623435974121
20 0 0.21805238723754883
