0 245 51.079959869384766
0 245 51.73495864868164
0 245 50.802377223968506
0 245 50.52510333061218
0 245 53.631776332855225
0 245 50.94251108169556
0 245 51.06334924697876
0 245 51.03092360496521
0 245 50.994625091552734
0 245 51.657270669937134
0 245 92.4358320236206
0 245 149.36194610595703
0 245 86.44302034378052
0 245 92.70970726013184
0 245 71.62412548065186
0 245 72.5913598537445
0 245 78.40536689758301
0 245 78.10402488708496
0 245 53.14405107498169
0 245 53.634422302246094
0 245 52.62027883529663
0 245 52.921804904937744
