7 0 0.01800370216369629
7 0 0.014002323150634766
7 0 0.014002799987792969
7 0 0.014003992080688477
7 0 0.013003349304199219
7 0 0.01400446891784668
7 0 0.014003515243530273
7 0 0.016003131866455078
7 0 0.015003204345703125
7 0 0.013002395629882812
7 0 0.02200603485107422
7 0 0.024006366729736328
7 0 0.02300429344177246
7 0 0.02600574493408203
7 0 0.02600550651550293
7 0 0.017003774642944336
7 0 0.021004438400268555
7 0 0.0200045108795166
7 0 0.022003650665283203
7 0 0.02200484275817871
7 0 0.026006221771240234
7 0 0.02500605583190918
7 0 0.021004438400268555
7 0 0.022005796432495117
7 0 0.023004531860351562
7 0 0.019004106521606445
7 0 0.023005247116088867
7 0 0.023005247116088867
7 0 0.019004344940185547
7 0 0.021004676818847656
7 0 0.024004459381103516
7 0 0.020003318786621094
7 0 0.021004915237426758
7 0 0.021004199981689453
7 0 0.01500391960144043
7 0 0.022003650665283203
7 0 0.018004179000854492
7 0 0.019003629684448242
7 0 0.02500462532043457
7 0 0.02200484275817871
7 0 0.022005319595336914
7 0 0.020004749298095703
7 0 0.019002676010131836
7 0 0.021004915237426758
7 0 0.022004365921020508
7 0 0.02500462532043457
7 0 0.024005413055419922
7 0 0.02200460433959961
7 0 0.01600360870361328
7 0 0.021004438400268555
7 0 0.02400517463684082
7 0 0.029006004333496094
7 0 0.021004438400268555
7 0 0.023004770278930664
7 0 0.024005651473999023
7 0 0.022003889083862305
7 0 0.029514789581298828
7 0 0.023005247116088867
7 0 0.026006221771240234
7 0 0.02300548553466797
7 0 0.028280258178710938
7 0 0.02900552749633789
7 0 0.021004199981689453
7 0 0.020003318786621094
7 0 0.02100372314453125
7 0 0.023005247116088867
7 0 0.02200460433959961
7 0 0.02301311492919922
7 0 0.022012710571289062
7 0 0.01600337028503418
