28 0 0.11202478408813477
28 0 0.1290285587310791
28 0 0.11402511596679688
28 0 0.10502266883850098
28 0 0.1200261116027832
28 0 0.11702609062194824
28 0 0.12602782249450684
28 0 0.10702347755432129
28 0 0.10502338409423828
28 0 0.10702395439147949
28 0 0.1790149211883545
28 0 0.12290310859680176
28 0 0.17708826065063477
28 0 0.19503331184387207
28 0 0.1530444622039795
28 0 0.17303752899169922
28 0 0.17697572708129883
28 0 0.1889808177947998
28 0 0.13898968696594238
28 0 0.17903685569763184
28 0 0.16603732109069824
28 0 0.16231966018676758
28 0 0.16787314414978027
28 0 0.1530900001525879
28 0 0.14598464965820312
28 0 0.17403888702392578
28 0 0.19101428985595703
28 0 0.16132569313049316
28 0 0.1613914966583252
28 0 0.15706801414489746
28 0 0.17003750801086426
28 0 0.16303682327270508
28 0 0.17503976821899414
28 0 0.17403817176818848
28 0 0.1753838062286377
28 0 0.16203665733337402
28 0 0.18450403213500977
28 0 0.18204116821289062
28 0 0.1690373420715332
28 0 0.15203380584716797
28 0 0.1600356101989746
28 0 0.16803717613220215
28 0 0.1600360870361328
28 0 0.18837761878967285
28 0 0.15303421020507812
28 0 0.1800522804260254
28 0 0.18304133415222168
28 0 0.17003822326660156
28 0 0.1489851474761963
28 0 0.16803860664367676
28 0 0.18105816841125488
28 0 0.17542290687561035
28 0 0.17367005348205566
28 0 0.17704105377197266
28 0 0.15906429290771484
28 0 0.1629629135131836
28 0 0.1670374870300293
28 0 0.19050860404968262
28 0 0.17599225044250488
28 0 0.1690382957458496
28 0 0.16255450248718262
28 0 0.18220806121826172
28 0 0.17490434646606445
28 0 0.15663862228393555
28 0 0.19606733322143555
28 0 0.17490911483764648
28 0 0.15698575973510742
28 0 0.16689372062683105
28 0 0.19545459747314453
28 0 0.16503667831420898
