20 0 0.09902095794677734
17 3 0.19704413414001465
20 0 0.18404078483581543
20 0 0.1780402660369873
18 2 0.2842082977294922
20 0 0.21204829216003418
18 2 0.20104551315307617
20 0 0.17403888702392578
20 0 0.23245453834533691
18 2 0.20604705810546875
20 0 0.11402606964111328
20 0 0.1090245246887207
20 0 0.15001368522644043
18 2 0.2140822410583496
20 0 0.08801960945129395
20 0 0.19504356384277344
20 0 0.16503643989562988
20 0 0.1200249195098877
20 0 0.1250288486480713
20 0 0.14703369140625
20 0 0.14403295516967773
20 0 0.11602592468261719
20 0 0.10921692848205566
20 0 0.15303516387939453
18 2 0.2160491943359375
18 2 0.27006053924560547
18 2 0.21405029296875
20 0 0.11105060577392578
20 0 0.12102746963500977
20 0 0.11202430725097656
18 2 0.21907472610473633
20 0 0.14803314208984375
20 0 0.07601737976074219
18 2 0.1850419044494629
20 0 0.21726727485656738
20 0 0.17406487464904785
18 2 0.22208046913146973
16 4 0.2270803451538086
18 2 0.22746753692626953
20 0 0.14203214645385742
18 2 0.29306650161743164
18 2 0.22308659553527832
20 0 0.21404814720153809
20 0 0.11102557182312012
20 0 0.19793462753295898
18 2 0.2090747356414795
18 2 0.24805593490600586
18 2 0.20076465606689453
18 2 0.23005318641662598
18 2 0.16902661323547363
18 2 0.24758672714233398
18 2 0.18204092979431152
20 0 0.23583245277404785
20 0 0.17725896835327148
18 2 0.19104266166687012
20 0 0.09502077102661133
18 2 0.1780402660369873
18 2 0.2610602378845215
20 0 0.14705586433410645
18 2 0.21304750442504883
20 0 0.15403485298156738
20 0 0.10202193260192871
20 0 0.10302281379699707
18 2 0.19797968864440918
20 0 0.08201766014099121
20 0 0.10302376747131348
20 0 0.17493295669555664
20 0 0.11002469062805176
20 0 0.11106395721435547
20 0 0.20804691314697266
20 0 0.07401895523071289
20 0 0.16103625297546387
20 0 0.09502053260803223
20 0 0.0980217456817627
18 2 0.14203119277954102
20 0 0.12102723121643066
20 0 0.07701635360717773
20 0 0.08701872825622559
18 2 0.14803385734558105
20 0 0.10102224349975586
18 2 0.10702347755432129
18 2 0.14103102684020996
20 0 0.10202312469482422
20 0 0.140031099319458
20 0 0.08702301979064941
18 2 0.20304512977600098
18 2 0.18204116821289062
18 2 0.23005080223083496
20 0 0.15503406524658203
20 0 0.11102461814880371
20 0 0.15303373336791992
20 0 0.1470346450805664
20 0 0.131028413772583
20 0 0.08701920509338379
20 0 0.0960228443145752
18 2 0.17103815078735352
18 2 0.16203641891479492
18 2 0.23005151748657227
