180 0 23.096118927001953
180 0 21.818934202194214
180 0 21.53053641319275
180 0 22.81632113456726
174 6 23.177228927612305
180 0 22.025991201400757
180 0 22.692771911621094
180 0 22.351083040237427
180 0 28.948934078216553
180 0 27.98018980026245
180 0 24.32746434211731
180 0 23.06119680404663
180 0 24.310542106628418
180 0 26.902754068374634
180 0 28.8279869556427
180 0 26.635002613067627
180 0 33.26382851600647
180 0 34.82977914810181
180 0 33.388712882995605
180 0 33.7217583656311
180 0 34.04705214500427
180 0 34.855783462524414
180 0 33.84624266624451
180 0 34.35220432281494
180 0 33.91435956954956
180 0 35.245128870010376
180 0 34.196701526641846
180 0 34.023494243621826
180 0 34.16926670074463
180 0 33.66642999649048
180 0 33.53991150856018
180 0 35.38519096374512
180 0 35.7028021812439
180 0 34.556596755981445
177 3 35.431989431381226
180 0 34.75408101081848
180 0 34.79227352142334
180 0 33.28450131416321
180 0 34.543753147125244
180 0 33.65422987937927
180 0 33.49653506278992
180 0 32.3051323890686
180 0 34.210885524749756
180 0 32.96264290809631
180 0 33.66726875305176
180 0 33.84466218948364
180 0 33.51262712478638
180 0 33.83564257621765
180 0 34.76387429237366
180 0 34.19652056694031
180 0 33.55275273323059
180 0 32.05830144882202
180 0 33.60554623603821
180 0 33.665119886398315
180 0 33.79424810409546
180 0 33.98439168930054
180 0 37.255393981933594
180 0 37.05899119377136
180 0 35.200812578201294
180 0 35.14583158493042
180 0 34.38125658035278
180 0 34.25852370262146
180 0 35.28084373474121
180 0 34.814937591552734
180 0 35.165732622146606
180 0 35.09239673614502
