40 0 0.7861762046813965
37 3 0.9782207012176514
36 4 0.8781981468200684
37 3 1.0932466983795166
37 3 0.922208309173584
40 0 0.9222085475921631
40 0 0.9412117004394531
40 0 0.9386472702026367
38 2 0.9172070026397705
38 2 1.1612615585327148
37 3 1.454418420791626
36 4 1.3892872333526611
38 2 1.969949722290039
37 3 1.5215468406677246
40 0 0.9442229270935059
40 0 0.9570086002349854
36 4 1.3562123775482178
38 2 1.3959317207336426
37 3 2.0732076168060303
37 3 1.382345199584961
37 3 1.4166362285614014
38 2 1.4105234146118164
38 2 1.2820038795471191
37 3 1.550018310546875
36 4 1.222276210784912
40 0 1.1599435806274414
40 0 1.2403099536895752
37 3 1.1832361221313477
37 3 1.028883934020996
40 0 1.1132686138153076
37 3 1.6853821277618408
37 3 1.1932697296142578
40 0 1.2102725505828857
40 0 1.0696792602539062
36 4 1.4218566417694092
37 3 1.516340732574463
39 1 1.225276231765747
40 0 0.9948647022247314
38 2 1.269287347793579
38 2 1.1752650737762451
37 3 1.428321361541748
40 0 0.9767658710479736
38 2 1.182267189025879
37 3 1.3373026847839355
36 4 1.9444379806518555
36 4 1.1454408168792725
36 4 1.4473271369934082
38 2 1.3192973136901855
38 2 1.3813114166259766
36 4 1.5493497848510742
37 3 1.0282318592071533
37 3 1.1462578773498535
37 3 1.3882668018341064
38 2 1.6443748474121094
38 2 1.6673758029937744
37 3 2.0203607082366943
40 0 1.152259349822998
40 0 1.2062716484069824
37 3 1.8347113132476807
38 2 1.2662849426269531
35 5 1.813408613204956
36 4 1.326298713684082
37 3 1.9844470024108887
38 2 1.2672858238220215
38 2 1.431396722793579
37 3 1.6164605617523193
36 4 1.1899349689483643
38 2 1.3935739994049072
37 3 1.3456411361694336
38 2 1.1565086841583252
