320 23 72.0181040763855
322 21 69.12299990653992
325 18 60.24932837486267
321 22 69.84957385063171
310 33 99.74817872047424
328 15 87.10645318031311
318 25 104.7322289943695
317 26 87.13788533210754
334 9 68.8681046962738
336 7 68.4208710193634
302 41 115.43800258636475
331 12 68.16271352767944
314 29 100.02885341644287
310 33 99.79726529121399
339 4 63.91450023651123
312 31 93.32803297042847
314 29 94.04245281219482
332 11 63.35951256752014
340 3 57.671409130096436
333 10 72.20836019515991
319 24 86.62025451660156
328 15 78.07855725288391
311 32 94.26970100402832
