7 0 0.02400517463684082
7 0 0.024005413055419922
7 0 0.022995710372924805
7 0 0.026005983352661133
7 0 0.02400517463684082
7 0 0.029007434844970703
7 0 0.02500748634338379
7 0 0.026005983352661133
7 0 0.023005247116088867
7 0 0.024004459381103516
7 0 0.03800797462463379
7 0 0.032006263732910156
7 0 0.04000973701477051
7 0 0.04100775718688965
7 0 0.04901003837585449
7 0 0.038008928298950195
7 0 0.037008047103881836
7 0 0.029006004333496094
7 0 0.04100966453552246
7 0 0.03700757026672363
7 0 0.040009260177612305
7 0 0.036008358001708984
7 0 0.04003095626831055
7 0 0.037008047103881836
7 0 0.04001593589782715
7 0 0.0400087833404541
7 0 0.04301023483276367
7 0 0.03900909423828125
7 0 0.03300762176513672
7 0 0.032007694244384766
7 0 0.03900933265686035
7 0 0.040009498596191406
7 0 0.027005672454833984
7 0 0.04601097106933594
7 0 0.036008358001708984
7 0 0.03500866889953613
7 0 0.03500795364379883
7 0 0.03600811958312988
7 0 0.03500819206237793
7 0 0.02800607681274414
7 0 0.038008928298950195
7 0 0.029006242752075195
7 0 0.03700971603393555
7 0 0.031006813049316406
7 0 0.040009260177612305
7 0 0.0290067195892334
7 0 0.04400968551635742
7 0 0.03700852394104004
7 0 0.043009281158447266
7 0 0.042008161544799805
7 0 0.0400083065032959
7 0 0.030007123947143555
7 0 0.04100942611694336
7 0 0.028006315231323242
7 0 0.03400731086730957
7 0 0.03400707244873047
7 0 0.03800821304321289
7 0 0.046010732650756836
7 0 0.03800821304321289
7 0 0.03400754928588867
7 0 0.035007476806640625
7 0 0.03700852394104004
7 0 0.042008399963378906
7 0 0.05101203918457031
7 0 0.04502105712890625
7 0 0.04601407051086426
7 0 0.04300999641418457
7 0 0.04500842094421387
7 0 0.031006574630737305
7 0 0.03955888748168945
