45 0 0.8802652359008789
45 0 0.7780990600585938
45 0 1.0008676052093506
45 0 0.8183310031890869
45 0 1.029175043106079
45 0 0.8219940662384033
45 0 0.8133528232574463
45 0 0.9761848449707031
45 0 0.9398517608642578
45 0 0.8334970474243164
45 0 0.9440593719482422
45 0 1.006664752960205
45 0 1.2006561756134033
45 0 1.0242555141448975
45 0 1.1832668781280518
45 0 1.061239242553711
45 0 1.0442359447479248
45 0 1.0062274932861328
45 0 1.3863120079040527
45 0 1.1642611026763916
45 0 0.9982244968414307
45 0 0.9902229309082031
45 0 1.315349817276001
45 0 1.2632851600646973
45 0 1.1602611541748047
45 0 1.2539029121398926
45 0 1.2122712135314941
45 0 1.1952695846557617
45 0 1.136488914489746
45 0 1.1554477214813232
45 0 0.9722192287445068
45 0 1.0762431621551514
45 0 1.1678988933563232
45 0 1.1514532566070557
45 0 1.1902687549591064
45 0 1.2542822360992432
45 0 1.3720402717590332
45 0 1.3533046245574951
45 0 1.2922918796539307
45 0 1.263284683227539
45 0 1.439323902130127
45 0 1.456329345703125
45 0 1.4123179912567139
45 0 1.5473482608795166
45 0 1.48433518409729
45 0 1.450326919555664
45 0 1.443324327468872
45 0 1.5963599681854248
45 0 1.8024113178253174
45 0 1.411318302154541
45 0 1.5753543376922607
45 0 1.6013643741607666
45 0 1.6013622283935547
45 0 1.4803340435028076
45 0 1.5183415412902832
45 0 1.5623524188995361
45 0 1.6073620319366455
45 0 1.5563507080078125
45 0 1.2722868919372559
45 0 1.6293673515319824
45 0 1.374309778213501
45 0 1.4313225746154785
45 0 1.465329885482788
45 0 1.2352781295776367
45 0 1.3322999477386475
45 0 1.2732868194580078
45 0 1.4483261108398438
45 0 1.4793334007263184
45 0 1.500337839126587
45 0 1.6913812160491943
45 0 1.2252764701843262
45 0 1.5593514442443848
45 0 1.4493262767791748
45 0 1.3893134593963623
