132 48 157.762713432312
137 43 140.25830626487732
131 49 163.83504915237427
136 44 185.2724359035492
131 49 145.55692100524902
145 35 133.268137216568
126 54 140.70300126075745
130 50 200.7306363582611
128 52 236.28672742843628
130 50 163.43083310127258
150 30 181.11297416687012
164 16 185.07656335830688
150 30 178.7948033809662
126 54 196.96301698684692
138 42 181.96502423286438
143 37 186.45740127563477
129 51 168.43932104110718
123 57 159.52432227134705
132 48 174.9227728843689
144 36 172.7302815914154
146 34 165.4816575050354
152 28 147.5754895210266
127 53 168.38457822799683
124 56 151.19997596740723
147 33 139.32649159431458
155 25 168.84885168075562
145 35 167.22415471076965
151 29 136.75265669822693
141 39 161.32516479492188
154 26 169.22060704231262
153 27 175.75115656852722
140 40 175.91870069503784
143 37 150.41799187660217
126 54 176.40719056129456
131 49 212.0211465358734
150 30 179.5246443748474
155 25 162.0121808052063
146 34 165.08229422569275
140 40 165.12014031410217
158 22 157.24819540977478
170 10 165.7294955253601
