43 0 0.4085204601287842
43 0 0.4217679500579834
43 0 0.43739867210388184
43 0 0.4086120128631592
43 0 0.40859341621398926
43 0 0.40813136100769043
43 0 0.40012168884277344
43 0 0.42176318168640137
43 0 0.4531559944152832
43 0 0.4061405658721924
43 0 0.6661498546600342
43 0 0.6551482677459717
43 0 0.651146411895752
43 0 0.6331431865692139
43 0 0.6711499691009521
43 0 0.688154935836792
43 0 0.6351418495178223
43 0 0.6831531524658203
43 0 0.6971571445465088
43 0 0.6661498546600342
43 0 0.6921558380126953
43 0 0.7591707706451416
43 0 0.6441452503204346
43 0 0.689155101776123
43 0 0.7096655368804932
43 0 0.7411670684814453
43 0 0.8221845626831055
43 0 0.6993999481201172
43 0 0.6831541061401367
43 0 0.7851765155792236
43 0 0.7061586380004883
43 0 0.6761524677276611
43 0 0.6951560974121094
43 0 0.7081592082977295
43 0 0.8851995468139648
43 0 1.158259630203247
43 0 0.7421669960021973
43 0 0.6851537227630615
43 0 0.7481684684753418
43 0 0.6591482162475586
43 0 0.8606448173522949
43 0 0.903203010559082
43 0 0.6891553401947021
43 0 0.6551468372344971
43 0 0.7006652355194092
43 0 0.6931560039520264
43 0 0.6381442546844482
43 0 0.6461455821990967
43 0 0.6731514930725098
43 0 0.938218355178833
43 0 0.825186014175415
43 0 0.9112057685852051
43 0 0.9702191352844238
43 0 0.6711511611938477
43 0 0.7081594467163086
43 0 1.2807931900024414
43 0 0.826185941696167
43 0 0.8221991062164307
43 0 0.8571922779083252
43 0 0.7481687068939209
43 0 1.0612375736236572
43 0 0.6691501140594482
43 0 0.8241853713989258
43 0 0.8151836395263672
43 0 0.6831543445587158
43 0 0.8081810474395752
43 0 0.7051582336425781
43 0 0.9432120323181152
43 0 0.8151836395263672
43 0 0.7091593742370605
43 0 0.5991349220275879
43 0 0.6081371307373047
43 0 0.6391441822052002
43 0 0.6611487865447998
43 0 0.6089308261871338
43 0 0.5931334495544434
43 0 0.5916125774383545
43 0 0.6211397647857666
43 0 0.5689949989318848
43 0 0.6291425228118896
43 0 0.5811309814453125
43 0 0.6381430625915527
43 0 0.5851640701293945
43 0 0.6041355133056641
43 0 0.6134982109069824
43 0 0.6301424503326416
43 0 0.5985076427459717
43 0 0.6211400032043457
43 0 0.6286771297454834
43 0 0.5881326198577881
43 0 0.5996675491333008
43 0 0.5881328582763672
43 0 0.6331424713134766
43 0 0.5801312923431396
43 0 0.599135160446167
43 0 0.5941340923309326
43 0 0.6031355857849121
43 0 0.62013840675354
43 0 0.576129674911499
43 0 0.5280053615570068
43 0 0.5999410152435303
43 0 0.5312490463256836
43 0 0.698157548904419
43 0 0.6464691162109375
43 0 0.6423876285552979
43 0 0.6003451347351074
43 0 0.5483181476593018
43 0 0.6193349361419678
43 0 0.6587367057800293
43 0 0.6002919673919678
43 0 0.6671509742736816
43 0 0.7041590213775635
43 0 0.6462759971618652
43 0 0.6221411228179932
43 0 0.6361443996429443
43 0 0.5714614391326904
43 0 0.6322958469390869
43 0 0.7401683330535889
43 0 0.5861320495605469
43 0 0.6320648193359375
